0 -0.184243 0.903607 1.138383 -0.1867 -0.117715 1.137651
1 -0.183527 0.89239 1.106564 1.186399 0.905419 1.165883
2 1.815305 -0.366272 1.161867 1.807557 0.876233 1.178931
3 -0.119975 -0.049959 1.112387 -0.112554 0.826531 1.108211
4 -0.113162 0.825676 1.108911 1.094986 0.820582 1.132872
5 -0.055478 0.766754 1.120801 1.043406 0.771187 1.143713
6 1.032413 0.010241 1.147349 -0.052112 0.012573 1.124626
7 -0.111755 -0.049501 1.113139 1.092176 -0.047211 1.138011
8 -0.183097 -0.113261 1.111584 1.198445 -0.11472 1.166665
9 0.708119 -0.330838 0.868579 1.555331 -0.330503 0.891797
10 0.733041 -0.657004 0.791239 1.398314 -0.657564 0.805285
11 -0.37363 -0.827035 0.083085 1.421557 -0.804115 0.105421
12 1.410045 -0.824275 0.117293 0.515891 -0.819837 0.091712
13 1.091421 0.821457 1.142629 1.087909 -0.059311 1.132404
14 1.177582 -0.11854 1.166015 1.176056 0.896206 1.166174
15 1.669639 -1.00707 0.109252 -0.346288 -1.009199 0.06876
16 -0.309556 -1.166445 0.415099 1.67316 -1.167197 0.45729
17 -1.342116 -1.046012 0.694566 -1.374118 0.202983 0.690424
18 -1.566967 0.147044 1.110115 -1.550635 -1.166808 1.08036
19 3.062586 0.876179 1.204921 1.813099 0.869111 1.163758
20 -0.389404 -0.524736 0.099468 -0.379468 -0.990369 0.085238
21 -1.541293 -1.164172 1.083324 -0.693237 -1.164217 1.100531
22 2.882609 -1.154604 1.199738 2.879395 0.759668 1.199754
23 -0.798524 -1.023232 1.117183 -1.429026 -1.02399 1.109839
24 3.226202 -1.166343 -0.383423 3.206434 -1.164133 1.180329
25 -0.054654 0.008623 1.124771 -0.05576 0.664885 1.121262
26 3.275148 0.905279 -0.837539 3.274047 -0.117637 -0.828892
27 3.247931 0.825987 -0.898101 3.253669 -0.052039 -0.901022
28 2.243979 -0.821923 -2.431897 2.211843 -0.826667 -0.649572
29 -0.138332 -0.653081 0.733111 0.293125 -0.652858 0.532372
30 3.300632 -0.116246 -2.188868 3.248015 -0.112159 -0.835109
31 3.253585 -0.050139 -0.906029 3.288323 -0.043393 -2.106139
32 3.274286 0.900631 -0.827484 3.302651 0.907066 -2.20764
33 3.248723 0.822403 -0.89994 3.272919 0.827218 -2.110634
34 2.236678 -1.007817 -2.310734 2.204509 -1.010729 -0.703523
35 3.265504 0.013555 -0.963641 3.28695 0.012653 -2.011584
36 3.261314 0.769076 -0.95458 3.283027 0.764363 -2.05948
37 0.507809 -0.672038 0.701349 0.526942 -0.665843 0.09928
38 2.679734 -1.164253 -2.974873 2.667654 -1.166487 -0.682974
39 3.27681 0.821696 -2.108704 3.277607 -0.049275 -2.097293
40 3.27696 -0.114248 -2.174978 3.302187 0.892127 -2.186883
41 1.310092 -0.757838 -0.899284 1.326958 -0.757948 -1.87706
42 2.095297 -1.167129 0.230141 0.94611 -1.166534 0.230414
43 3.02816 -0.329323 -2.446436 2.991053 -0.332004 -1.376601
44 1.813266 -1.166469 -1.458832 1.768347 -1.155999 -0.452478
45 1.655696 -0.967178 0.1038 1.668417 -0.519296 0.103806
46 3.265359 0.005986 -0.956069 3.261075 0.770819 -0.958005
47 1.310987 -0.758657 -0.898789 0.263006 -0.757508 -0.920597
48 2.560328 -1.16663 -1.02449 2.616246 -1.165522 -2.735347
49 1.310424 -0.75948 -0.898351 1.306286 -1.155176 -0.896156
50 1.150185 -0.893559 -0.903387 0.629341 -0.888208 -0.912105
51 3.28773 -0.033325 -2.050401 3.283795 0.760226 -2.051466
52 0.63343 -0.689064 0.084238 1.430758 -0.672026 0.100617
53 1.664611 -0.491089 0.212054 1.651965 -0.48795 0.550398
54 1.501853 -1.166447 -0.250493 3.127348 -1.166915 -0.190379
55 3.317843 1.333539 -3.766546 -1.599959 1.331169 -3.86903
56 3.334781 1.328641 -3.738055 -1.592934 1.335316 -3.865323
57 0.951483 -1.147212 -3.707576 0.901992 1.220376 -3.708488
58 0.890346 -1.165897 -3.778766 0.841385 1.173214 -3.75571
59 0.758167 -1.152207 -3.770057 0.735687 1.173643 -3.761301
60 0.644801 1.109359 -3.766142 0.623985 -1.150207 -3.771734
61 0.52902 -1.166229 -3.727263 0.542922 0.16588 -3.742933
62 0.403295 -1.166292 -3.712013 0.42349 1.011249 -3.732383
63 0.090265 -1.123989 -3.826186 0.100418 1.091024 -3.848472
64 0.04848 -0.428525 -3.826649 0.044267 1.094586 -3.827469
65 -0.10361 -0.757012 -2.050839 1.195756 -0.757475 -2.027174
66 3.321303 1.325859 -3.770913 3.307163 1.332032 -2.502339
67 -1.001389 1.140319 -3.858796 0.420554 1.1361 -3.818571
68 -0.725572 -1.154511 -3.843211 0.039654 -1.1191 -3.836182
69 -0.654712 -1.118551 -3.842919 -0.699939 1.094955 -3.842851
70 -0.65291 1.091378 -3.930185 -0.654818 0.267394 -3.939142
71 -1.024979 -0.882549 -3.750252 -1.109541 1.10519 -3.802802
72 0.36906 1.225059 -3.830288 -0.965947 1.202334 -3.857069
73 0.414975 1.18111 -3.7342 -1.003847 1.169892 -3.773068
74 -1.350481 -0.021026 -3.78997 -1.335606 1.175623 -3.804075
75 -1.44188 1.206271 -3.812315 -1.465426 -0.839346 -3.809852
76 -1.00452 1.001865 -3.823632 -0.967767 -0.358742 -3.824581
77 -1.505495 0.527339 -3.733957 -1.536197 -0.701944 -3.732616
78 -0.748048 -1.165944 -2.062081 -0.703143 -1.166181 -3.503452
79 -1.137651 -1.165641 -2.796581 0.102728 -1.164859 -3.813648
80 -1.212253 1.085613 -3.801568 -1.208497 -0.872189 -3.804282
81 -0.132143 -0.757124 -1.290628 -0.116442 -0.757164 -2.052039
82 -1.588248 1.324104 -3.871445 -1.642256 1.333892 -1.732662
83 -1.15258 -0.794743 -3.731956 -1.170399 1.058361 -3.735
84 -1.601425 -0.713048 -3.780784 -1.601427 0.251463 -3.835735
85 -0.133771 -1.166293 -3.787755 -0.930306 -1.165547 -3.148692
86 -1.592001 -0.323001 -2.198736 -1.584938 0.370091 -2.198689
87 -1.593023 -0.271992 -2.151842 -1.587086 0.31827 -2.151518
88 -1.142283 -0.66785 -0.649603 -1.10539 -0.667764 -2.47295
89 -0.708605 -1.165896 -3.188271 0.105539 -1.165727 -3.825043
90 0.0971 1.07691 -3.902943 0.097364 0.265318 -3.915985
91 -1.633661 0.381024 -2.218736 -1.63357 -0.327158 -2.216509
92 -1.574875 -0.66659 -1.705308 -1.561702 -0.666532 -2.496053
93 -1.139847 -0.66686 -1.006087 -1.106323 -0.669899 -2.422489
94 -1.627433 -0.68108 -2.581571 -1.644317 -0.684464 -1.70479
95 -1.657978 0.384015 -1.025115 -1.633937 0.378951 -2.224734
96 -1.633687 -0.327054 -2.217968 -1.658891 -0.326953 -1.027391
97 -1.60463 0.291152 -2.042228 -1.608362 0.367819 -1.041999
98 -1.108349 -0.666239 -2.386247 -1.130488 -0.666986 -1.265891
99 -0.746939 -1.16542 -3.079219 0.361235 -1.165584 -3.081182
100 -1.609199 0.367296 -1.040587 -1.584922 0.366662 -2.199404
101 -1.657521 0.381139 -1.064979 -1.633975 0.381184 -2.233377
102 -1.612092 -0.241873 -1.922956 -1.626162 -0.240898 -1.204762
103 0.02328 1.090575 -3.918199 -0.651784 1.090968 -3.936013
104 -1.105188 -0.668976 -2.455952 -1.137935 -0.668155 -0.872844
105 -1.626337 -0.248557 -1.205316 -1.621406 0.295443 -1.203889
106 -1.58189 -0.666995 -1.58571 -1.596216 -0.667019 -0.659818
107 -1.666481 -0.684194 -0.616675 -1.646674 -0.6807 -1.60698
108 -1.658814 -0.32963 -1.037851 -1.658528 0.38047 -1.033538
109 -1.409673 -0.769366 -3.740559 -1.38873 1.187439 -3.74369
110 -1.605318 0.291479 -2.04149 -1.621774 0.291638 -1.201326
111 -1.609546 -0.247838 -2.042601 -1.60446 0.294751 -2.038067
112 -1.615414 -0.322852 -1.042833 -1.609027 0.364684 -1.042393
113 -1.3983 -0.729194 -0.091828 -1.42476 -0.354743 0.027509
114 -1.143045 -1.12725 -0.648176 -1.142701 -0.667132 -0.647614
115 -1.702092 -1.021463 1.100944 -1.68494 -1.023205 0.26239
116 -1.565003 0.205366 1.109199 -1.618721 -1.023815 1.100456
117 -1.160889 -1.066637 -0.706402 -1.152701 -1.058298 -1.098146
118 -1.160813 -0.72681 -0.706828 -1.16132 -1.073909 -0.706422
119 -1.602346 -0.667147 -0.657563 -1.142227 -0.667359 -0.648813
120 -1.126027 -1.068113 -1.463193 -1.132638 -1.068915 -1.133463
121 -0.938721 -1.165994 -0.769631 -0.932222 -1.165881 -1.168599
122 -1.686261 -0.881981 0.288717 -1.686579 -0.371931 0.337722
123 -1.008839 -1.1658 -1.28008 -1.019474 -1.165715 -0.669289
124 -1.678822 -0.92646 -0.048719 -1.66714 -0.680055 -0.625292
125 -1.095166 -1.165957 -1.323145 -1.110309 -1.165727 -0.548779
126 -0.840255 -1.165889 -1.103744 -0.856718 -1.165957 -0.413503
127 -1.652147 -1.162503 -0.077697 -1.167377 -1.166355 -0.619701
128 -1.672732 -1.021889 -0.316165 -1.677372 -1.021872 0.213008
129 -1.670431 -1.165106 1.080705 -1.657453 -1.16596 0.324673
