0 0.469018 -0.653585 0.667434
1 0.562454 1.330831 0.85331
2 0.442468 1.330845 0.883318
3 0.472348 1.330808 0.913388
4 0.532339 1.330838 0.913401
5 -0.178286 0.889358 1.101849
6 1.153783 0.889122 1.12884
7 1.335849 -1.02971 0.134145
8 -0.114385 0.810326 1.115203
9 1.090457 0.810169 1.142232
10 1.012285 0.750527 1.142458
11 -0.007736 0.690329 1.121917
12 0.022348 0.630508 1.122862
13 0.664107 -0.649439 0.659419
14 -0.823232 -0.317779 -0.137711
15 0.652346 0.600468 1.135925
16 -1.572365 -0.477246 1.108192
17 -1.572172 -0.420853 1.108165
18 -1.506489 -0.419441 1.110735
19 0.506037 -0.675127 0.706207
20 -0.061663 -0.241587 0.823159
21 0.305956 -0.65151 0.607602
22 0.32235 0.510384 1.12968
23 0.382267 0.510411 1.130915
24 1.408118 -0.987684 0.106852
25 -1.298385 -1.139408 0.533807
26 -1.505482 0.408429 0.583323
27 -1.302175 -1.122322 0.535736
28 0.675226 -0.227852 0.808666
29 0.294818 -0.650502 0.543136
30 -0.057194 -0.223724 0.839188
31 0.352324 0.420438 1.130791
32 1.012253 0.420569 1.144316
33 -0.054516 -0.223542 0.83615
34 1.15356 -0.109728 1.134522
35 -0.177955 -0.109302 1.107058
36 -0.368151 -0.839016 0.071767
37 1.090502 -0.045838 1.141363
38 0.529907 -0.811081 0.098683
39 -0.097407 -0.029516 1.124119
40 -0.037597 0.300388 1.123486
41 1.012318 0.030408 1.146558
42 -0.363553 -0.811361 0.077641
43 -1.50485 -1.161387 1.083774
44 0.352286 0.030363 1.132982
45 1.406756 -0.815744 0.124289
46 0.292444 0.030377 1.131776
47 -0.383024 -0.804931 0.090555
48 0.142478 0.03031 1.128702
49 -1.342587 0.172596 0.687896
50 0.862331 0.030403 1.143472
51 0.516354 -0.682265 0.127551
52 1.410849 -0.790848 0.119636
53 1.414478 -0.684453 0.12183
54 0.322461 0.090292 1.132045
55 0.292443 0.120393 1.131252
56 -0.007609 0.150415 1.124941
57 -1.506532 -0.480403 1.110707
58 0.382355 0.54042 1.130721
59 -1.418965 -0.310401 0.220969
60 -1.355241 0.177747 0.682102
61 0.292361 0.210306 1.130751
62 0.791364 0.54266 1.138317
63 1.81022 -0.350752 1.174843
64 0.322227 0.270427 1.131023
65 0.352204 0.30052 1.131462
66 0.352367 0.540388 1.130114
67 0.442261 0.360296 1.132982
68 -1.185059 -1.139075 0.698678
69 0.796177 0.631946 1.138223
70 0.412377 0.330397 1.132533
71 0.322281 0.540359 1.129505
72 0.352131 0.240249 1.131803
73 -0.107755 0.825237 1.108381
74 0.536853 -0.810393 0.086702
75 0.52325 -0.814513 0.15349
76 0.521427 -0.781279 0.094774
77 0.529489 -0.65517 0.668765
78 1.132154 -0.109864 1.134106
79 0.352312 0.5104 1.130284
80 -1.49409 0.40842 0.566718
81 0.322475 0.480282 1.129834
82 0.322436 0.450406 1.130018
83 0.322322 0.420474 1.130177
84 0.41236 0.420474 1.132012
85 -0.007672 0.63051 1.122245
86 0.325113 -0.651754 0.644829
87 -1.567799 -1.16129 1.082679
88 -1.597529 -0.419836 1.108949
89 0.675166 -0.242975 0.795646
90 0.667196 -0.224697 0.808398
91 -1.343373 0.14949 0.690496
92 0.322277 0.000358 1.132534
93 0.740753 0.540965 1.137952
94 0.773786 0.540001 1.138868
95 0.262251 0.420547 1.128956
96 0.232222 0.600423 1.127315
97 -0.037754 0.21039 1.123976
98 0.776991 0.629731 1.138647
99 1.132458 0.889252 1.128417
100 1.072406 0.810728 1.143194
101 -0.337885 -0.81115 0.071895
102 0.51024 -0.663522 0.732991
103 -0.068598 -0.269417 1.140175
104 1.132258 -0.089738 1.133804
105 -0.178064 -0.089525 1.106949
106 1.073768 -0.045945 1.144976
107 -0.067589 0.33029 1.122706
108 0.292381 0.480328 1.129229
109 0.518391 -0.678464 0.12733
110 0.683823 -0.652223 0.664289
111 -0.831239 -0.31405 -0.129393
112 -1.597464 -0.480377 1.108944
113 -1.355379 0.150375 0.682169
114 -1.505136 -1.139647 1.084284
115 0.649057 -0.223336 0.805193
116 0.322339 0.060303 1.132202
117 -1.176778 0.390202 0.697887
118 -1.18891 -1.121761 0.700814
119 0.292352 0.510427 1.12906
120 0.472478 -0.817838 0.094291
121 0.766686 0.541888 1.138177
122 0.322252 0.240343 1.131185
123 0.722386 0.562557 1.138483
124 -1.674517 -1.160479 1.080128
125 -0.178277 0.87035 1.101887
126 0.534753 -0.77805 0.084118
127 -0.046109 -0.231655 0.814209
128 1.072279 -0.029429 1.148114
129 -0.037735 0.030416 1.125007
130 -0.037743 0.570295 1.121966
131 0.682461 0.570338 1.136709
132 -0.03774 0.540352 1.122136
133 0.35233 0.480326 1.130462
134 -0.037757 0.750491 1.120953
135 0.502245 0.420447 1.133876
136 -0.03777 0.720409 1.121119
137 0.506527 -0.675951 0.750589
138 -0.833247 -0.314901 -0.141001
139 0.652308 0.630518 1.135757
140 0.676681 -0.262897 0.784601
141 -1.506215 -0.509587 1.110711
142 -0.037615 0.390475 1.122982
143 -0.037795 0.150335 1.124329
144 -0.157635 0.870423 1.101919
145 -0.097588 -0.629627 0.702108
146 -0.037627 -0.220906 0.822874
147 1.153645 -0.08968 1.13425
148 1.091018 -0.029571 1.144626
149 -0.007721 0.6604 1.122072
150 -0.037713 0.360327 1.123141
151 0.675354 -0.628811 0.664296
152 0.322213 0.030411 1.132378
153 -0.850655 -0.30709 -0.109798
154 0.833555 0.750205 1.13889
155 0.774596 0.569567 1.138771
156 0.2025 0.450385 1.127546
157 0.352431 0.570347 1.12996
158 -1.50646 -0.389748 1.110753
159 0.283076 -0.629896 0.536794
160 0.330288 -0.650778 0.662053
161 -0.037592 0.330295 1.123321
162 -0.114866 -0.630312 0.716123
163 0.292275 0.420473 1.129556
164 0.510492 -0.664597 0.701681
165 0.982199 0.420425 1.143711
166 -0.037771 0.18051 1.124149
167 -1.355427 0.120262 0.682147
168 -0.847581 -0.309166 -0.134155
169 0.652576 -0.238687 0.78896
170 0.262475 0.030422 1.131148
171 0.768071 0.571632 1.138135
172 -1.179762 0.390154 0.6731
173 0.232372 0.570329 1.127486
174 0.497167 -0.663265 0.099201
175 1.132317 0.870304 1.12835
176 -0.097559 0.811019 1.119047
177 1.042379 0.810652 1.142603
178 0.646983 -0.630819 0.655478
179 0.982451 0.750485 1.141839
180 0.660685 -0.258457 0.780891
181 -0.054738 -0.251858 0.806324
182 -0.157834 -0.109298 1.107473
183 1.042204 -0.029484 1.147502
184 -0.157512 0.889478 1.101831
185 -1.179778 0.180234 0.673302
186 0.172319 0.4503 1.126946
187 0.749616 0.568794 1.138572
188 0.622345 0.630466 1.135142
189 -0.007682 0.720341 1.121726
190 0.982354 0.720355 1.142021
191 -0.03757 0.66036 1.121467
192 0.262168 0.600344 1.127918
193 -1.185017 0.390239 0.643537
194 0.982245 0.390411 1.143864
195 -0.037796 0.060482 1.124826
196 1.042136 0.000373 1.147346
197 -0.157668 -0.089578 1.107326
198 -0.026035 -0.223578 0.806073
199 0.505662 -0.675395 0.731338
200 0.532418 1.330821 0.82349
201 0.412557 1.331984 0.883295
202 1.314483 -1.033304 0.15078
203 0.47221 1.331005 0.942124
204 1.089515 0.825693 1.140325
205 0.522712 -0.811441 0.128656
206 1.042166 0.030471 1.147172
207 1.042313 0.420541 1.144933
208 0.892356 0.03032 1.144089
209 0.261987 -0.263387 1.146867
210 0.352359 0.450403 1.130634
211 -1.373075 0.178142 0.687817
212 0.503324 -0.816249 0.097173
213 0.472357 0.420427 1.133242
214 0.468762 -0.653404 0.643187
215 0.052199 0.03022 1.126849
216 0.72246 0.539749 1.138484
217 0.260375 -0.231746 0.78469
218 0.202425 0.600413 1.126718
219 1.153907 0.870426 1.12879
220 -0.067587 0.750449 1.120334
221 0.530208 -0.655055 0.643226
222 -0.120817 -0.628637 0.725099
223 -0.067642 0.030426 1.124377
224 -1.383987 -0.297912 0.156296
225 0.741101 0.570705 1.137849
226 0.20254 0.570384 1.126878
227 -1.17746 -1.165272 0.702359
228 -1.190519 -1.122564 0.676653
229 -1.56783 -1.139673 1.083054
230 0.712324 0.570293 1.137306
231 0.38234 0.570301 1.130558
232 0.442463 0.420383 1.132627
233 -0.037816 0.27047 1.123659
234 0.661421 -0.628139 0.659877
235 -0.1193 -0.029516 1.114022
236 0.769925 0.630723 1.137992
237 -0.373723 -0.81523 0.099808
238 0.4723 -0.807885 0.085007
239 0.84959 0.750399 1.138319
240 0.532445 0.420318 1.134476
241 -0.831143 -0.313842 -0.119042
242 0.518254 -0.79262 0.122931
243 -0.367331 -0.778593 0.070467
244 -0.007594 0.030387 1.125629
245 0.382263 0.030385 1.133599
246 0.262454 0.06027 1.130985
247 0.502185 0.390369 1.13404
248 0.275268 -0.628742 0.53791
249 -1.180115 0.408242 0.67249
250 0.232283 0.03035 1.13054
251 0.510239 -0.665051 0.670919
252 -0.007783 0.750485 1.121544
253 0.952427 0.750591 1.141226
254 -0.097885 -0.599722 0.701627
255 0.982323 0.030353 1.145935
256 -0.097489 0.00037 1.123952
257 -0.378746 -0.829353 0.130577
258 -0.636487 -1.007457 0.06245
259 -0.657191 -1.006361 0.070956
260 -0.658847 -0.986973 0.064768
261 -0.037706 0.24033 1.123824
262 -1.372187 -0.298535 0.156993
263 -0.127091 -0.651847 0.729909
264 -0.067678 0.300438 1.122867
265 -0.383494 -0.684303 0.128879
266 -0.037924 -0.238343 1.140818
267 -1.193784 -1.163327 0.742937
268 -0.070086 -0.264875 0.817657
269 -1.657786 -1.166583 1.033427
270 -1.177008 0.408114 0.697641
271 -1.493645 0.164489 0.56607
272 0.652375 0.540449 1.136267
273 1.012286 0.660244 1.142966
274 1.071246 0.825661 1.140422
275 0.623121 -0.230251 0.789254
276 -0.037761 0.510437 1.122311
277 0.652363 0.570431 1.136099
278 0.292491 0.090344 1.131417
279 1.072247 0.000343 1.147965
280 0.982282 0.060484 1.145774
281 -0.007669 0.060391 1.125452
282 0.50726 -0.675036 0.679083
283 0.531555 -0.663391 0.102331
284 0.382296 0.420458 1.131407
285 0.260808 -0.630016 0.542271
286 -0.007448 0.39052 1.123589
287 0.202372 0.510348 1.127215
288 0.442528 1.330922 0.913059
289 1.3708 -0.811955 0.106525
290 -0.065236 -0.233848 0.839482
291 -0.9381 -1.166726 1.063181
292 0.352307 0.060419 1.132827
293 -0.067827 -0.239363 1.140201
294 0.239299 -0.237022 0.787047
295 0.656585 -0.222338 0.808806
296 -1.519121 0.408268 0.602949
297 -0.007569 0.210417 1.124614
298 -0.036104 -0.241422 0.795806
299 -1.343231 0.119849 0.690278
300 1.04219 0.750486 1.143063
301 -0.067591 0.72046 1.120524
302 -0.067755 0.570295 1.121354
303 -1.075134 -0.295234 -0.153932
304 -0.373925 -0.818076 0.129929
305 0.752 0.597977 1.138526
306 -0.037729 0.600338 1.121799
307 0.862409 0.750466 1.139394
308 1.370745 -1.007863 0.103114
309 -1.453367 0.16447 0.851102
310 0.022357 0.660432 1.122689
311 -1.675184 -1.161371 1.063442
312 -0.007571 0.180405 1.124776
313 0.511621 -0.688314 0.101169
314 0.682327 0.6304 1.136363
315 -1.088822 -0.302656 -0.137646
316 1.102312 -0.089657 1.133195
317 0.472298 0.390416 1.133418
318 -1.657608 -1.166609 1.063449
319 0.826003 0.751178 1.138196
320 -0.379634 -0.830631 0.15922
321 -0.379356 -0.683395 0.129493
322 -1.598087 -1.13966 1.082438
323 -0.03779 0.090373 1.124665
324 0.44242 0.390299 1.132813
325 -1.568806 -0.480192 1.109445
326 0.802307 0.060469 1.142067
327 -0.067754 0.150429 1.123713
328 0.52113 -0.656671 0.726773
329 0.561558 1.330933 0.913116
330 -1.283782 -1.138989 0.539192
331 0.292313 -0.263653 1.147512
332 0.641058 -0.251056 0.776594
333 0.510331 -0.664826 0.643401
334 0.172344 0.030262 1.129306
335 0.232365 0.060378 1.130367
336 1.012329 0.060542 1.146387
337 1.012293 0.390452 1.144487
338 1.822527 0.863897 1.163516
339 1.072369 0.780455 1.143523
340 0.532229 1.330827 0.853755
341 0.261197 -0.649262 0.542228
342 0.325654 -0.653001 0.611246
343 0.622252 0.66036 1.134973
344 1.408654 -0.838201 0.107939
345 0.442223 1.330833 0.853417
346 0.892351 0.06033 1.143926
347 0.862365 0.060411 1.143308
348 1.407187 -0.779427 0.107996
349 0.742138 0.630571 1.137572
350 -0.113895 -0.603097 0.716892
351 0.262166 0.570361 1.128103
352 0.47235 1.330839 0.823483
353 -0.037664 0.120274 1.124509
354 0.922229 0.030293 1.144709
355 1.430584 -1.008095 0.10717
356 -1.477464 -0.480597 1.111324
357 -1.477427 -0.419427 1.111337
358 -0.157551 -0.059514 1.107166
359 1.429735 -0.779587 0.101965
360 0.412395 0.390291 1.132201
361 0.353311 -0.652453 0.671984
362 0.862411 0.72039 1.139559
363 0.022365 0.030349 1.126245
364 0.352241 0.000398 1.133154
365 0.262187 0.210352 1.130139
366 0.645226 -0.600072 0.656479
367 1.042385 0.780549 1.142899
368 1.37127 -0.7791 0.098853
369 1.810635 -0.327757 1.174612
370 0.320952 -0.260173 0.63083
371 1.370926 -0.838716 0.099445
372 -1.538752 -1.161256 1.083188
373 0.620522 -0.244702 0.771765
374 1.132233 -0.059624 1.133641
375 1.012353 0.360304 1.144648
376 1.397757 -0.691052 0.105311
377 -1.477498 -1.139597 1.084919
378 0.202646 0.420563 1.127713
379 0.354375 -0.653145 0.64189
380 0.472392 1.330804 0.883637
381 1.012625 0.209424 1.145546
382 1.411335 -0.811393 0.110681
383 -1.538821 -1.139656 1.083604
384 0.982227 0.360332 1.144043
385 -1.477387 -1.161607 1.084246
386 1.371051 -0.98828 0.098462
387 0.142314 0.420368 1.126502
388 1.102286 0.87031 1.127729
389 1.792418 -0.328158 1.178269
390 1.342319 -0.812324 0.105998
391 0.441834 1.33137 0.822987
392 0.50204 1.330811 0.942751
393 0.317427 -0.223739 0.656419
394 1.132283 0.840427 1.128516
395 1.31479 -1.051065 0.156572
396 0.562334 1.331531 0.823065
397 0.502408 1.330815 0.91356
398 0.952246 0.420409 1.143085
399 0.952287 0.03039 1.14532
400 0.982645 0.208836 1.144938
401 1.430327 -0.988795 0.101405
402 -0.382912 -0.678856 0.154293
403 0.112374 0.390406 1.126032
404 -0.37369 -0.820546 0.155596
405 0.532359 1.3308 0.883573
406 0.529657 -0.654706 0.702966
407 0.510505 -0.66493 0.613377
408 0.112457 0.420363 1.125877
409 1.810777 0.840527 1.175249
410 1.816438 0.873051 1.177379
411 0.862353 0.120348 1.142968
412 1.407995 -0.869557 0.106227
413 1.58421 -1.032691 0.152771
414 1.589175 -1.030445 0.14117
415 1.60606 -1.029949 0.139672
416 1.012235 0.780481 1.142292
417 1.42996 -0.809435 0.101732
418 -0.787893 -1.166772 1.063377
419 -0.787799 -1.163048 1.094897
420 0.502342 1.330806 0.82355
421 1.102353 0.88921 1.127762
422 0.952261 0.720482 1.141387
423 0.802363 0.180356 1.141365
424 1.66564 -1.007769 0.109484
425 1.342195 -0.838683 0.098792
426 -0.761337 -1.166707 1.063196
427 1.810709 -0.299686 1.174647
428 -0.657359 -0.689859 0.075457
429 1.584525 -1.051387 0.159144
430 -0.007689 0.270452 1.124271
431 0.322021 -0.264214 1.148103
432 1.668497 -0.98806 0.105349
433 1.345788 -0.816871 0.11867
434 -0.761139 -1.163146 1.095039
435 1.6883 -0.984636 0.110552
436 0.952277 0.060413 1.145149
437 0.265754 -0.224045 0.795705
438 -0.072883 -0.341843 0.835875
439 1.417496 -0.677235 0.118671
440 -0.073269 -0.358809 0.828479
441 0.622411 -0.629898 0.649578
442 3.052339 -1.162185 1.176538
443 1.642226 -0.988355 0.10394
444 -0.379233 -0.688226 0.102528
445 1.312303 -0.812353 0.105375
446 0.387091 -0.65311 0.669776
447 0.622095 0.180378 1.137662
448 1.072191 -0.8126 0.100369
449 0.952352 0.39036 1.143257
450 0.352099 -0.264536 1.148706
451 1.252257 -0.812308 0.104122
452 1.192257 -0.81237 0.102884
453 2.196917 -0.983879 -0.360505
454 2.199106 -1.000829 -0.365897
455 2.192981 -0.517729 -0.382891
456 1.282241 -0.812333 0.104742
457 0.382314 -0.264008 1.1493
458 2.201277 -1.008964 -0.374967
459 1.821603 -0.328174 1.163224
460 1.162208 -0.812435 0.102238
461 2.232741 -1.049615 -0.439095
462 2.233494 -1.049665 -0.457794
463 1.132147 -0.812513 0.101621
464 1.222245 -0.812331 0.103488
465 2.204429 -0.719713 -0.623332
466 2.33453 -0.247118 -0.580626
467 2.237039 -0.828575 -0.641212
468 2.234296 -0.71831 -0.63718
469 2.196697 -0.518947 -0.608036
470 2.208046 -0.839449 -0.647365
471 2.232495 -0.783159 -0.638407
472 2.23775 -0.814362 -0.645662
473 2.422346 -0.657091 -0.642515
474 2.360582 -0.497345 -0.63019
475 2.71857 -0.243323 -0.581298
476 2.336187 -0.248825 -0.569678
477 2.718408 -0.24183 -0.603542
478 2.200108 -0.869664 -0.623843
479 2.333907 -0.511692 -0.636542
480 2.661774 -0.244746 -0.612488
481 2.452987 -0.656913 -0.642117
482 2.330598 -0.498177 -0.629031
483 2.192484 -0.539651 -0.382646
484 2.363442 -0.652369 -0.796001
485 2.333253 -0.652501 -0.796388
486 2.69439 -0.247917 -0.584676
487 2.214498 -0.809809 -0.648798
488 2.325699 -0.269996 -0.585347
489 2.212925 -0.509295 -0.376411
490 2.690592 -0.242201 -0.608662
491 2.363468 -0.651816 -0.768474
492 1.642311 -0.513894 0.107824
493 2.482733 -0.657112 -0.641241
494 2.356253 -0.245978 -0.59255
495 2.337914 -0.25851 -0.570259
496 2.569024 -0.245516 -0.617148
497 2.201891 -0.809637 -0.623595
498 2.317086 -0.269258 -0.585931
499 2.720409 -0.634556 -0.807814
500 3.264906 -0.299186 -0.376627
501 2.743366 -0.242608 -0.578773
502 2.329857 -0.631517 -0.792246
503 2.314647 -0.620802 -0.786529
504 2.301189 -0.499231 -0.627561
505 2.268951 -0.828561 -0.640213
506 2.542184 -0.653147 -0.676687
507 1.612315 -0.539498 0.102873
508 1.642459 -0.539677 0.103498
509 0.92225 0.060457 1.144534
510 2.695541 -0.636398 -0.802786
511 2.662279 -0.631444 -0.799694
512 2.391133 -0.652616 -0.766346
513 3.26614 -0.269368 -0.436549
514 2.705718 -0.253819 -0.570977
515 3.24721 -0.107693 -0.838295
516 3.242477 0.889342 -0.837808
517 2.196638 -0.719501 -0.608569
518 1.664107 -0.514211 0.107975
519 3.247236 -0.107671 -0.844628
520 3.259113 0.81119 -0.917228
521 3.264409 -0.029716 -0.917435
522 2.237362 -0.687245 -0.638187
523 2.358913 -0.50405 -0.649514
524 2.512462 -0.656879 -0.640645
525 2.329247 -0.298536 -0.588912
526 3.265682 0.03043 -0.976561
527 1.042325 0.39053 1.145093
528 3.263787 0.360322 -0.976629
529 3.263278 0.450359 -0.976566
530 3.242602 0.870307 -0.837616
531 3.248415 0.810263 -0.897035
532 3.242522 0.870307 -0.85661
533 3.247195 -0.088766 -0.838357
534 2.564187 -0.243865 -0.64669
535 3.264301 0.270393 -0.976673
536 2.657582 -0.249832 -0.590683
537 3.262655 0.450459 -0.946683
538 3.265079 0.030516 -0.946586
539 2.631033 -0.658016 -0.646972
540 1.612297 -0.513769 0.107463
541 3.263455 0.42029 -0.976521
542 3.247233 -0.084867 -0.84588
543 2.270289 -0.500569 -0.625683
544 0.802927 -0.652104 0.793252
545 2.207276 -0.810799 -0.676428
546 1.399344 -0.599572 0.797232
547 3.265848 0.000271 -0.976582
548 1.072439 0.390442 1.145711
549 3.24244 0.889451 -0.856611
550 3.248041 -0.08977 -0.856906
551 2.238183 -0.504438 -0.619236
552 1.042318 0.450383 1.144763
553 0.615918 -0.651787 0.66099
554 1.042334 0.480354 1.144591
555 3.264207 0.000359 -0.917342
556 1.399548 -0.654573 0.798026
557 1.810733 -0.029658 1.174702
558 2.572221 -0.653127 -0.676238
559 2.547388 -0.247869 -0.649135
560 2.268058 -0.818757 -0.646065
561 3.265518 -0.299335 -0.406627
562 3.269737 0.180297 -1.216471
563 2.513714 -0.567714 -0.836368
564 2.302593 -0.514528 -0.633588
565 3.273046 0.030367 -1.336632
566 3.269481 0.330282 -1.246594
567 1.948349 0.749621 1.18055
568 2.384671 -0.491285 -0.633481
569 3.272355 0.150532 -1.336462
570 3.265248 0.000477 -0.946683
571 2.19663 -1.006497 -0.383064
572 3.272524 0.120351 -1.336564
573 0.77231 0.060398 1.141445
574 3.272869 0.060446 -1.336619
575 3.272432 0.030326 -1.306633
576 2.600293 -0.653172 -0.676611
577 3.259827 0.780375 -0.917355
578 1.972338 0.749544 1.181422
579 2.390852 -0.49776 -0.63062
580 2.631535 -0.653175 -0.676384
581 3.271751 0.150381 -1.306507
582 3.271323 0.330387 -1.336749
583 1.942476 0.762306 1.166053
584 3.263962 0.330359 -0.976699
585 3.265521 0.06035 -0.976706
586 3.247913 -0.059839 -0.85739
587 3.022148 1.331111 -1.456372
588 3.27034 0.180553 -1.246473
589 2.227984 -0.816308 -1.159396
590 3.271815 0.030333 -1.276681
591 2.205971 -0.869692 -0.647174
592 3.05281 1.331067 -1.486936
593 3.274819 0.150355 -1.456619
594 3.275154 0.090459 -1.456622
595 3.274885 0.030296 -1.426732
596 2.992563 1.331068 -1.486479
597 3.275609 0.120275 -1.486508
598 3.274638 0.180441 -1.456623
599 2.238183 -0.5007 -0.371874
600 3.022139 1.331011 -1.48663
601 3.275416 0.150364 -1.486662
602 3.276033 0.150431 -1.516665
603 3.275318 0.060427 -1.456577
604 2.890828 0.747961 1.200463
605 3.273529 0.480398 -1.486515
606 3.275493 0.03042 -1.456544
607 3.271213 0.03037 -1.246533
608 3.274544 0.090409 -1.426629
609 3.274268 0.030405 -1.39653
610 3.266295 0.03033 -1.006544
611 3.26077 0.780375 -0.946605
612 3.275931 0.060444 -1.486405
613 3.27638 0.090312 -1.51644
614 3.260179 0.811233 -0.946614
615 2.268427 -0.811811 -1.540955
616 2.661985 -1.167088 -0.346555
617 3.276614 0.150618 -1.546176
618 3.274982 0.120434 -1.456639
619 3.274195 0.150232 -1.426513
620 3.266126 0.060318 -1.006602
621 2.200437 -0.991577 -0.620362
622 3.274724 0.06031 -1.426619
623 3.270588 0.030314 -1.216433
624 3.271027 0.060316 -1.246542
625 3.05252 1.331141 -1.456769
626 3.273647 0.030493 -1.36645
627 3.274367 0.120404 -1.426599
628 3.273765 0.120488 -1.39649
629 2.212815 -0.510428 -0.613287
630 0.772384 0.030357 1.141623
631 3.270413 0.060307 -1.216629
632 3.27107 0.4804 -1.366581
633 2.417634 -0.627968 -0.732822
634 3.274103 0.060261 -1.396544
635 3.269805 0.060362 -1.186693
636 3.27753 0.08883 -1.552748
637 3.277018 0.031296 -1.543965
638 3.275864 0.180455 -1.516592
639 3.269979 0.030415 -1.186692
640 2.449468 -0.569118 -0.830988
641 2.222355 -0.811704 -1.513132
642 3.022101 1.331061 -1.576345
643 3.270527 0.150345 -1.246647
644 3.27314 0.120416 -1.366561
645 3.276801 0.210691 -1.575545
646 3.263886 0.450382 -1.006522
647 1.41749 -0.65437 0.806041
648 2.872184 0.761106 1.18896
649 3.277461 0.028273 -1.52541
650 3.269188 0.060344 -1.156647
651 3.022139 1.332004 -1.606615
652 3.277468 0.203997 -1.555522
653 3.278229 0.090419 -1.606661
654 3.27728 0.061326 -1.594471
655 3.278557 0.030513 -1.606353
656 3.273486 0.060406 -1.366543
657 3.276866 0.300729 -1.604869
658 3.277233 0.123055 -1.597309
659 3.275959 0.270379 -1.546569
660 3.276465 0.180435 -1.546665
661 3.269357 0.030502 -1.156502
662 3.277767 0.08991 -1.578375
663 2.542644 -0.656598 -0.64098
664 3.268759 0.030317 -1.126392
665 3.267355 0.060359 -1.066575
666 3.278731 0.000481 -1.606543
667 3.279176 0.030286 -1.636618
668 3.273928 0.090396 -1.396575
669 3.268584 0.060452 -1.126685
670 3.278 0.030167 -1.577174
671 3.280397 0.030351 -1.69663
672 2.236992 -0.660541 -1.5135
673 3.27332 0.090259 -1.366676
674 3.277112 0.091545 -1.571959
675 3.279009 0.060249 -1.636573
676 2.234785 -0.686188 -1.5284
677 3.0224 1.331062 -1.546715
678 2.299635 -0.813334 -1.538638
679 3.27936 0.000382 -1.636646
680 2.268819 -0.681759 -1.536345
681 2.448067 -0.520866 -0.638786
682 2.992166 1.33103 -1.546307
683 2.207373 -0.689641 -0.623326
684 2.246777 -0.517812 -0.632527
685 2.237778 -0.810554 -1.545967
686 3.279975 0.000319 -1.666621
687 3.277485 0.118094 -1.554305
688 3.279042 0.270286 -1.696456
689 3.276852 0.090737 -1.544883
690 3.280575 0.000434 -1.696607
691 3.276108 0.030336 -1.486481
692 2.222326 -0.668474 -1.509087
693 2.333638 -0.625885 -0.77236
694 3.277649 0.029701 -1.549467
695 3.280087 0.300435 -1.756517
696 3.28088 0.270286 -1.786748
697 3.276937 0.061192 -1.54469
698 2.841499 -0.664691 -1.524345
699 2.515305 -0.541033 -0.833204
700 3.26796 0.060427 -1.096603
701 2.812528 -0.664693 -1.523396
702 3.281312 0.300274 -1.816673
703 3.281043 0.240167 -1.786594
704 2.41962 -0.301046 -0.557881
705 3.082774 1.33104 -1.516552
706 3.272707 0.090341 -1.336655
707 3.266743 0.060388 -1.036541
708 2.220696 -0.778809 -1.55071
709 3.275897 0.390347 -1.576716
710 3.282276 0.240439 -1.84646
711 3.277461 0.084498 -1.527035
712 3.278392 0.060411 -1.606491
713 3.268129 0.030345 -1.096487
714 3.276128 0.240311 -1.546605
715 3.273586 0.150285 -1.396521
716 2.692048 -1.166983 -0.376306
717 3.282901 0.240382 -1.876644
718 3.283223 0.180467 -1.876697
719 3.282718 0.270393 -1.876547
720 3.282611 0.180173 -1.846548
721 2.39283 -0.479749 -0.620681
722 2.992394 1.331077 -1.516757
723 3.2772 0.032688 -1.568036
724 2.485303 -0.249185 -0.644612
725 2.302338 -0.491702 -0.611508
726 2.223371 -0.81147 -1.550608
727 2.873211 -0.664203 -1.524088
728 3.284977 0.090487 -1.936531
729 3.279799 0.030383 -1.666675
730 3.267525 0.030326 -1.066581
731 3.276674 0.030476 -1.516002
732 2.418791 -0.275998 -0.561172
733 3.283677 0.210467 -1.90655
734 3.284804 0.120459 -1.936533
735 3.277876 0.05993 -1.577821
736 3.267245 -0.089673 -0.827103
737 2.99226 1.331121 -1.576964
738 3.276539 0.06044 -1.516423
739 3.277453 0.055777 -1.525457
740 3.267363 -0.269251 -0.496473
741 2.571766 -0.656821 -0.641649
742 3.266915 0.030492 -1.036701
743 2.781823 -0.656661 -0.648582
744 3.275758 0.090462 -1.486492
745 3.277591 0.059039 -1.550738
746 3.27341 0.180236 -1.396607
747 3.277357 0.021445 -1.501426
748 3.277459 0.147803 -1.555576
749 3.286475 0.150397 -2.026586
750 3.285376 0.450437 -2.056643
751 3.283647 0.75031 -2.056537
752 2.960957 1.331274 -1.516329
753 3.28542 0.120317 -1.966489
754 3.28577 0.060376 -1.966469
755 3.022217 1.331051 -1.516658
756 2.409523 -0.612985 -0.722712
757 3.287167 0.030376 -2.026626
758 3.27724 0.003583 -1.565848
759 3.271472 0.090445 -1.276611
760 3.287611 0.060422 -2.056531
761 3.279648 0.270427 -1.726475
762 3.285891 0.360567 -2.056642
763 3.284908 0.2103 -1.966605
764 3.276211 0.120254 -1.516489
765 3.282844 0.810588 -2.106602
766 3.283002 -0.029563 -2.110519
767 3.287956 0.000302 -2.05644
768 3.287781 0.030351 -2.056534
769 3.284017 0.150396 -1.906595
770 3.285866 0.15051 -1.99651
771 3.287335 0.000331 -2.026612
772 2.719907 -0.251087 -0.570191
773 3.286385 0.060286 -1.996495
774 3.280947 0.82595 -2.104764
775 2.298976 -0.830055 -0.639363
776 3.284633 0.150367 -1.936578
777 3.283055 0.210432 -1.876548
778 3.28869 -0.029562 -2.086632
779 3.284755 0.450437 -2.026608
780 2.356186 -0.249039 -0.566472
781 3.26942 0.889537 -2.169412
782 3.275181 -0.109127 -2.169689
783 3.286311 0.180254 -2.026467
784 3.280652 0.825902 -2.08721
785 3.267972 -0.269095 -0.526362
786 2.272842 -0.492673 -0.609502
787 3.27226 0.060474 -1.306587
788 3.285594 0.090441 -1.966481
789 1.41762 -0.594108 0.805882
790 3.283036 0.750338 -2.026551
791 3.275521 0.240411 -1.516604
792 2.207797 -0.988283 -0.355552
793 3.275784 0.300459 -1.546603
794 3.287442 0.090513 -2.056433
795 3.28569 0.180419 -1.996512
796 3.283769 0.810748 -2.086565
797 2.45309 -0.540849 -0.828447
798 3.279056 -0.049656 -2.087133
799 3.286559 0.030485 -1.996688
800 3.269402 0.870309 -2.169666
801 3.268916 0.870343 -2.146623
802 3.274887 -0.089501 -2.169649
803 2.600869 -0.657718 -0.643873
804 2.315094 -0.617853 -0.778648
805 3.275687 0.210402 -1.516498
806 3.277436 0.177565 -1.555601
807 2.213772 -1.007443 -0.358271
808 3.268926 0.889611 -2.146628
809 3.274788 -0.109329 -2.146771
810 3.284912 0.420342 -2.026553
811 3.288577 0.0003 -2.086375
812 3.28414 0.450355 -1.996595
813 2.779242 -0.653221 -0.677814
814 3.1718 -1.167326 -0.16629
815 3.286984 0.060517 -2.026687
816 2.213119 -1.007739 -0.650717
817 2.692095 -1.166966 -0.406404
818 2.692238 -1.167038 -0.346394
819 2.420145 -0.48072 -0.614796
820 3.274414 -0.089698 -2.146539
821 2.813142 -0.653244 -0.676145
822 3.201687 -1.167348 -0.166558
823 2.6619 -1.167043 -0.406358
824 2.204715 -1.008023 -0.614526
825 3.282789 0.150214 -1.846706
826 2.69179 -1.166721 -0.706119
827 2.717751 -1.166474 -0.647123
828 2.203634 -1.008097 -0.676502
829 3.283189 0.810718 -2.056543
830 3.272093 0.090422 -1.306595
831 3.288082 -0.029556 -2.056455
832 2.359736 -0.630493 -0.762756
833 2.23747 -1.048994 -0.728355
834 2.247079 -0.493763 -0.608494
835 1.582177 -0.513583 0.107104
836 2.691668 -1.166781 -0.736347
837 1.282439 -0.760512 -0.899166
838 3.284308 0.42039 -1.996595
839 3.272976 0.150559 -1.366611
840 2.691887 -1.166846 -0.676938
841 2.419013 -0.513338 -0.639251
842 2.204251 -0.659617 -0.367007
843 2.204265 -0.689663 -0.366995
844 2.230618 -1.002651 -0.638569
845 2.716674 -1.166352 -0.676326
846 2.905118 -0.653073 -0.644467
847 1.304457 -0.760372 -0.898846
848 2.452561 -0.652623 -0.764871
849 2.196625 -0.984688 -0.608968
850 2.234669 -0.780723 -1.538722
851 2.747107 -1.166387 -0.617169
852 2.27022 -1.1666 -0.745038
853 3.20207 -1.167322 -0.196639
854 3.287094 0.150244 -2.056719
855 2.237336 -1.028058 -0.728354
856 2.332404 -0.490739 -0.61291
857 2.232859 -1.079402 -0.438978
858 2.236753 -1.139454 -0.727749
859 2.660222 -1.166857 -0.676684
860 3.172239 -1.167319 -0.196845
861 2.662112 -1.167052 -0.436354
862 2.237336 -1.028299 -0.70947
863 3.28527 0.360258 -2.026691
864 1.042232 -0.812689 0.099754
865 2.233274 -1.079231 -0.457723
866 2.216051 -0.689827 -0.35859
867 1.304639 -0.757984 -0.916712
868 2.240287 -0.663422 -1.548643
869 2.193577 -0.988271 -0.377382
870 1.584536 -1.080891 0.159378
871 2.661876 -1.167053 -0.376467
872 2.659674 -1.166794 -0.736489
873 2.632324 -1.167035 -0.436456
874 2.69232 -1.166992 -0.436354
875 2.537807 -0.480095 -0.61352
876 2.691762 -1.166847 -0.767287
877 3.286834 0.090501 -2.026486
878 2.298887 -0.820414 -0.645406
879 2.905545 -0.650738 -0.676796
880 2.196189 -0.985404 -0.586451
881 0.85288 -0.707484 -1.229277
882 1.282165 -0.757974 -0.916464
883 2.715575 -1.166258 -0.767738
884 2.632289 -1.167061 -0.466706
885 1.758686 -1.156522 -0.463955
886 3.286218 0.090196 -1.996476
887 0.976217 -0.706325 -1.367917
888 2.686716 -0.25684 -0.573851
889 2.661784 -1.167022 -0.466837
890 2.632522 -1.166911 -0.766558
891 2.660799 -1.166856 -0.766349
892 2.841985 -0.65316 -0.677289
893 3.142215 -1.167324 -0.197072
894 2.692007 -1.167005 -0.466433
895 3.172198 -1.167327 -0.226652
896 0.889368 -0.706724 -1.252603
897 0.893079 -0.723531 -1.487125
898 2.906031 -0.47837 -0.586298
899 3.285948 0.030369 -1.966482
900 0.908691 -0.707781 -1.260548
901 3.273793 -0.089618 -2.116581
902 3.286733 0.000611 -1.996653
903 2.204027 -1.007973 -0.706602
904 3.286039 0.120428 -1.996604
905 3.142331 -1.16732 -0.226501
906 3.202084 -1.167272 -0.226509
907 2.221207 -0.666918 -1.486461
908 3.285322 0.030443 -1.93642
909 2.750652 -1.166332 -0.646552
910 3.283523 0.450283 -1.966515
911 2.661353 -1.166906 -0.796495
912 3.275181 0.300432 -1.516709
913 3.285153 0.060395 -1.936605
914 2.69178 -1.166889 -0.796313
915 3.285085 0.180454 -1.966607
916 3.284288 0.210393 -1.936524
917 3.283498 0.240398 -1.906495
918 3.284465 0.18036 -1.936536
919 2.660963 -1.166967 -0.496501
920 3.284543 0.060365 -1.906567
921 3.287886 0.120236 -2.086707
922 2.270074 -0.683918 -0.638562
923 3.284711 0.030405 -1.906407
924 3.284118 0.240388 -1.936524
925 2.632367 -1.167055 -0.496471
926 2.602367 -1.166953 -0.796292
927 3.288221 0.060299 -2.086618
928 2.660439 -1.166801 -0.706714
929 2.602252 -1.166938 -0.766798
930 2.780645 -0.653165 -0.705717
931 3.287705 0.150355 -2.086743
932 3.284098 0.780396 -2.086594
933 2.269458 -1.027815 -2.352504
934 2.274663 -1.028959 -2.336006
935 3.172079 -1.167295 -0.256423
936 3.286064 0.330363 -2.056686
937 2.841493 -0.653203 -0.704897
938 3.287465 -0.029559 -2.026534
939 2.63258 -1.166926 -0.796571
940 3.286399 0.270426 -2.056522
941 3.287259 0.120314 -2.056566
942 2.293315 -1.031473 -2.333686
943 3.274234 -0.059856 -2.146627
944 3.28623 0.300327 -2.056782
945 3.28676 0.210357 -2.056587
946 3.28375 0.090258 -1.876462
947 2.240688 -0.987233 -2.417145
948 3.286569 0.240365 -2.056624
949 3.202038 -1.167318 -0.256525
950 2.812897 -0.653092 -0.70559
951 3.285796 0.270384 -2.026607
952 3.283902 0.060344 -1.876437
953 2.663348 -0.653146 -0.676342
954 3.142569 -1.167527 0.522839
955 2.246469 -1.008358 -2.44519
956 3.286934 0.180329 -2.056695
957 2.243125 -0.838416 -2.419524
958 2.262856 -0.816943 -2.426416
959 2.238847 -1.008089 -2.386228
960 3.284096 0.030231 -1.876533
961 3.17269 -1.167562 0.523106
962 2.257525 -1.003775 -2.430283
963 3.285962 0.240482 -2.026652
964 2.258605 -0.680293 -2.432751
965 3.287545 0.180373 -2.086826
966 3.286644 0.12051 -2.026638
967 3.273937 -0.06183 -2.118478
968 2.24168 -1.006972 -2.407806
969 2.233817 -0.989228 -2.386309
970 2.905905 -0.650833 -0.704201
971 3.286094 0.00039 -1.966557
972 3.28546 0.330337 -2.026539
973 2.575257 -0.479776 -0.616831
974 3.282547 0.300411 -1.876505
975 3.283306 0.060583 -1.846502
976 3.285527 0.210408 -1.9967
977 3.285185 0.270315 -1.996684
978 2.23881 -0.989588 -2.444066
979 3.283128 0.090619 -1.846541
980 3.283851 0.180408 -1.906605
981 3.285353 0.240385 -1.99666
982 3.283491 0.030388 -1.846789
983 3.285004 0.300359 -1.996509
984 3.285613 0.300353 -2.026681
985 3.284265 0.000227 -1.876437
986 2.234323 -0.839423 -2.386627
987 2.450975 -0.653054 -0.737025
988 3.284878 0.000393 -1.906623
989 2.294988 -1.031125 -2.603642
990 2.604123 -0.478631 -0.614841
991 3.285494 0.00034 -1.936583
992 3.286135 0.210361 -2.026571
993 0.920068 -0.713141 -1.427094
994 2.66131 -1.166902 -0.826792
995 2.276097 -1.048717 -2.335662
996 2.908355 -0.479404 -0.616036
997 3.202146 -1.167273 -0.286607
998 3.282455 0.210398 -1.846536
999 3.284746 0.240305 -1.966606
1000 2.632589 -1.166926 -0.706592
1001 3.282697 0.060309 -1.816403
1002 3.284551 0.270554 -1.966553
1003 3.285247 0.150401 -1.966465
1004 3.28288 0.030388 -1.816744
1005 2.243713 -0.663339 -2.38655
1006 2.269549 -1.048385 -2.352168
1007 3.284379 0.300468 -1.966389
1008 3.281826 0.210267 -1.816636
1009 2.24979 -0.810692 -2.423914
1010 2.632225 -1.167089 -0.406461
1011 3.282076 0.060157 -1.786419
1012 2.632005 -1.167001 -0.526352
1013 2.296936 -1.049963 -2.603917
1014 3.282257 0.030387 -1.786454
1015 3.281913 0.090256 -1.786474
1016 2.261944 -1.032708 -0.69884
1017 3.283599 0.330417 -1.936524
1018 2.907712 -0.49701 -0.625674
1019 2.29405 -1.049531 -2.334138
1020 3.281639 0.030455 -1.756283
1021 3.281469 0.060373 -1.756558
1022 2.632157 -1.166973 -0.826691
1023 3.284191 0.12041 -1.906503
1024 3.283765 0.300324 -1.936254
1025 3.283946 0.270353 -1.936399
1026 3.284358 0.09016 -1.90644
1027 3.280855 0.0605 -1.726557
1028 2.602582 -1.167068 -0.496205
1029 3.281028 0.030354 -1.726446
1030 2.662871 -0.26037 -0.577312
1031 2.632275 -1.166946 -0.736342
1032 3.283155 0.300485 -1.906363
1033 3.283646 0.000341 -1.846498
1034 3.283398 0.150297 -1.876618
1035 2.196653 -0.539563 -0.60809
1036 3.282965 0.120357 -1.846774
1037 3.280225 0.060487 -1.696722
1038 3.28333 0.270285 -1.906499
1039 3.28193 0.300335 -1.846514
1040 2.74128 -0.251104 -0.571006
1041 3.28211 0.270429 -1.846511
1042 2.601859 -1.166956 -0.827092
1043 3.281826 0.000265 -1.756482
1044 3.279625 0.060436 -1.666677
1045 3.283038 0.000484 -1.81667
1046 3.282519 0.090567 -1.816492
1047 2.602213 -1.166936 -0.736187
1048 3.281673 0.240429 -1.816537
1049 2.631203 -0.479252 -0.613317
1050 3.279441 0.090409 -1.666495
1051 2.66125 -1.166789 -0.856277
1052 2.602212 -1.167058 -0.436451
1053 3.281189 0.000289 -1.726519
1054 3.282419 0.000534 -1.786558
1055 2.912812 -0.500115 -0.64866
1056 3.281112 0.120367 -1.756631
1057 3.281293 0.090131 -1.756631
1058 2.632475 -1.166921 -0.856323
1059 2.602069 -1.16704 -0.526467
1060 2.511937 -0.653084 -0.706811
1061 2.602355 -1.166913 -0.856267
1062 3.279491 -0.029693 -1.636577
1063 2.602549 -1.167073 -0.466747
1064 2.481217 -0.653172 -0.706893
1065 3.276302 0.210295 -1.546615
1066 2.912234 -0.450126 -0.615504
1067 3.278944 0.180461 -1.666547
1068 3.279282 0.120372 -1.666507
1069 2.914375 -0.480197 -0.646135
1070 3.276747 0.120641 -1.545663
1071 3.278138 0.000393 -1.57676
1072 2.632225 -1.166948 -0.555981
1073 2.916354 -0.459146 -0.638424
1074 2.632729 -1.166921 -0.886048
1075 2.478638 -0.623406 -0.714844
1076 3.278657 0.120249 -1.636554
1077 3.277891 0.270199 -1.6378
1078 3.278838 0.090367 -1.636548
1079 3.277485 0.321698 -1.589752
1080 2.913292 -0.501775 -0.67579
1081 2.660124 -0.480672 -0.613918
1082 3.276393 0.300521 -1.576409
1083 2.259378 -1.033439 -0.42842
1084 2.60259 -1.167021 -0.555938
1085 3.277198 0.243862 -1.627503
1086 3.27807 0.120403 -1.606814
1087 3.278326 0.180258 -1.636605
1088 3.277834 0.180047 -1.608002
1089 3.27801 0.240266 -1.636971
1090 3.274555 0.300423 -1.486443
1091 3.275624 0.330494 -1.546673
1092 3.277462 0.29278 -1.587181
1093 3.277277 0.182254 -1.624
1094 3.277242 0.095404 -1.595152
1095 2.65688 -0.33115 -0.558609
1096 1.403857 -0.509978 0.797284
1097 2.630815 -0.461581 -0.603614
1098 3.27756 0.179013 -1.58107
1099 2.91766 -0.46622 -0.656784
1100 1.428172 -0.500477 0.805865
1101 1.371921 -0.654558 0.804887
1102 3.277158 0.062364 -1.570118
1103 2.91552 -0.48411 -0.674051
1104 1.431411 -0.515435 0.10857
1105 3.133889 -1.113469 -0.430362
1106 3.134024 -1.140486 -0.431582
1107 2.913635 -0.503642 -0.701646
1108 2.632479 -1.16693 -0.617112
1109 2.916023 -0.488535 -0.697258
1110 2.918353 -0.470072 -0.678787
1111 2.425798 -0.617994 -0.718564
1112 2.602392 -1.167006 -0.617273
1113 3.274455 0.000462 -1.396774
1114 2.212136 -0.506257 -0.586641
1115 3.274119 0.270316 -1.456559
1116 3.27368 0.240408 -1.426555
1117 3.274463 0.210551 -1.45664
1118 3.274033 0.180287 -1.426748
1119 3.275666 0.000438 -1.456461
1120 3.275202 -0.029665 -1.42649
1121 3.273828 0.000433 -1.366522
1122 3.275341 0.270464 -1.516586
1123 3.27747 0.113042 -1.526235
1124 3.276551 0.270482 -1.57628
1125 3.277466 0.23392 -1.557616
1126 3.273854 0.210379 -1.426581
1127 3.277547 -0.030258 -1.521579
1128 3.272799 0.180486 -1.366671
1129 2.632369 -1.166882 -0.946693
1130 2.196286 -0.518724 -0.586418
1131 3.276634 0.360345 -1.606169
1132 3.275044 0.00031 -1.426724
1133 3.27623 0.330407 -1.576602
1134 3.275455 0.360394 -1.546676
1135 2.422068 -0.653099 -0.736863
1136 3.270094 0.33041 -1.276603
1137 3.276488 0.390429 -1.606384
1138 3.276155 0.450457 -1.606494
1139 3.277418 0.438699 -1.616303
1140 3.276907 0.180727 -1.57503
1141 3.275249 0.180514 -1.486546
1142 3.276698 0.240491 -1.576123
1143 3.276987 0.151105 -1.574109
1144 3.277729 -0.00019 -1.548726
1145 3.27606 0.36036 -1.576571
1146 3.274731 0.270303 -1.486686
1147 3.274833 0.360356 -1.516583
1148 2.60202 -1.166896 -0.94647
1149 3.276279 0.000449 -1.486471
1150 3.275061 0.210372 -1.486443
1151 3.275273 0.390265 -1.546695
1152 3.325364 0.570205 -3.767204
1153 2.668109 0.39019 -3.376992
1154 3.273208 0.000326 -1.336482
1155 2.242174 -0.811033 -2.386532
1156 2.240354 -0.988777 -2.684131
1157 2.960836 0.390247 -3.197948
1158 2.239375 -0.989279 -2.656122
1159 2.926547 0.390548 -3.176088
1160 3.32495 0.180486 -3.767638
1161 2.960537 0.18022 -3.198118
1162 2.941425 0.390699 -3.18564
1163 2.238611 -0.539798 -2.656305
1164 2.926322 0.210187 -3.175977
1165 2.243412 -0.663018 -2.356076
1166 2.901809 0.390546 -3.165837
1167 2.243093 -0.513882 -2.656605
1168 2.92638 0.179959 -3.176214
1169 2.662365 0.390338 -3.344406
1170 2.238743 -0.989188 -2.626354
1171 2.088378 -0.666525 -3.371551
1172 2.662386 0.180432 -3.343939
1173 2.665819 0.390331 -3.316578
1174 2.665916 0.179998 -3.316584
1175 2.233211 -0.689345 -2.326699
1176 3.292218 0.600276 -3.771052
1177 2.088411 -0.651897 -3.354736
1178 2.240879 -0.512905 -2.476509
1179 2.242754 -0.513716 -2.626436
1180 2.662327 0.210614 -3.344296
1181 2.665813 0.210243 -3.316659
1182 0.896597 -0.72717 -1.457618
1183 0.919681 -0.71287 -1.45648
1184 3.292082 0.570452 -3.77102
1185 1.411885 -0.803726 -2.930945
1186 3.273366 -0.029551 -1.33668
1187 1.411862 -0.702091 -3.058582
1188 2.242798 -0.663057 -2.32645
1189 3.274398 0.330454 -1.486475
1190 1.411449 -0.781363 -2.931298
1191 1.620785 -0.336655 -3.533954
1192 0.747527 -1.109595 -3.762339
1193 0.525846 -1.109633 -3.735554
1194 0.348236 -1.120263 -3.826095
1195 0.365924 -1.138484 -3.735092
1196 0.526117 -1.13828 -3.735788
1197 0.348251 -1.139093 -3.821399
1198 0.51636 -1.137101 -3.750035
1199 0.29187 -0.419966 -4.787944
1200 0.291857 -0.749234 -4.788009
1201 0.29169 -0.779046 -4.788065
1202 0.291359 -0.569516 -4.787998
1203 0.260514 -0.899593 -4.788731
1204 0.375773 -1.139119 -3.727425
1205 0.291742 -0.389729 -4.787902
1206 0.291704 -0.929438 -4.78804
1207 0.292055 -1.109457 -4.788114
1208 0.292173 -0.959622 -4.788087
1209 0.260962 -1.079251 -4.78876
1210 0.39052 -1.138351 -3.717343
1211 0.260695 -0.539841 -4.788608
1212 0.261224 -0.420048 -4.788558
1213 0.261417 -0.38986 -4.788547
1214 0.230887 -0.569722 -4.789222
1215 0.260646 -0.599746 -4.788621
1216 0.260851 -0.719485 -4.788651
1217 0.231155 -0.749828 -4.789271
1218 0.231802 -1.109436 -4.789372
1219 0.260777 -0.779615 -4.788697
1220 0.231377 -0.929647 -4.789351
1221 0.291696 -0.450084 -4.787974
1222 0.172427 -0.509493 -4.790403
1223 0.260651 -0.929661 -4.788741
1224 0.172145 -0.302321 -4.790453
1225 0.231845 -1.079448 -4.789374
1226 0.142406 -0.359665 -4.790962
1227 0.291308 -0.599282 -4.78797
1228 0.172289 -1.049606 -4.790575
1229 0.260695 -0.569751 -4.788619
1230 0.291589 -0.53977 -4.787951
1231 0.172346 -0.479406 -4.790386
1232 0.172408 -1.019829 -4.790574
1233 0.23185 -1.139271 -4.789388
1234 0.261137 -1.109472 -4.788764
1235 0.231037 -0.599826 -4.789235
1236 0.321647 -0.419861 -4.787318
1237 0.516225 -1.109496 -3.750045
1238 0.142487 -0.479575 -4.79098
1239 0.172275 -0.32954 -4.790345
1240 0.142493 -0.539524 -4.791025
1241 0.142266 -1.049733 -4.791201
1242 0.142348 -0.301975 -4.791045
1243 0.112395 -1.049563 -4.79181
1244 0.142519 -0.509537 -4.79101
1245 0.231239 -0.779823 -4.789278
1246 0.172397 -0.359516 -4.790343
1247 0.112225 -0.479605 -4.791629
1248 0.112423 -1.01962 -4.791799
1249 0.231361 -0.419647 -4.789169
1250 0.292071 -1.079623 -4.78813
1251 0.322411 -1.139358 -3.82198
1252 0.321375 -0.599542 -4.787389
1253 0.321963 -0.779452 -4.787388
1254 0.32161 -0.929352 -4.787487
1255 0.052525 -0.569652 -4.792863
1256 0.32195 -0.389301 -4.78728
1257 0.052559 -1.109472 -4.793039
1258 0.142435 -0.989753 -4.791169
1259 0.112291 -0.302322 -4.791626
1260 0.142331 -0.329399 -4.790959
1261 0.202188 -0.509539 -4.789796
1262 0.322176 -0.749921 -4.787401
1263 0.142733 -0.809821 -4.791118
1264 0.112336 -0.509556 -4.791618
1265 0.321463 -0.569862 -4.787398
1266 0.202338 -0.329528 -4.789728
1267 0.202228 -0.3025 -4.789808
1268 0.231682 -0.959754 -4.789325
1269 0.202255 -0.479614 -4.789787
1270 -0.037862 -0.302024 -4.794736
1271 0.112353 -0.329683 -4.791565
1272 0.202435 -1.01969 -4.789957
1273 0.202331 -0.569759 -4.789787
1274 0.202594 -0.749879 -4.789854
1275 -0.129191 -0.870014 -4.796655
1276 -0.128892 -0.301817 -4.796567
1277 -0.129094 -0.479795 -4.796554
1278 -0.095123 -0.479535 -4.795801
1279 -0.128653 -0.540145 -4.796527
1280 0.082206 -0.47973 -4.792246
1281 0.20232 -1.109503 -4.789978
1282 -0.158529 -0.869653 -4.797276
1283 0.022363 -0.539767 -4.793477
1284 -0.128769 -0.509913 -4.796546
1285 -0.067234 -0.302018 -4.795286
1286 -0.12904 -0.359677 -4.796536
1287 0.172431 -0.539409 -4.790411
1288 0.052459 -0.329638 -4.792806
1289 0.202526 -0.929647 -4.78992
1290 0.082452 -1.019741 -4.792414
1291 0.202398 -0.599961 -4.789816
1292 0.231832 -0.329319 -4.789128
1293 0.230901 -0.509772 -4.789211
1294 0.022568 -1.079699 -4.793662
1295 -0.095185 -0.302271 -4.795785
1296 -0.158714 -0.839866 -4.797272
1297 -0.217726 -0.449663 -4.798354
1298 -0.247489 -0.71974 -4.799069
1299 -0.095328 -0.359442 -4.795774
1300 0.231999 -0.302188 -4.789206
1301 -0.277466 -0.749906 -4.799682
1302 -0.277425 -0.599791 -4.799623
1303 -0.277608 -0.569856 -4.799632
1304 -0.277481 -0.929805 -4.799736
1305 0.261705 -0.30246 -4.788596
1306 -0.247594 -0.89999 -4.799117
1307 -0.277549 -0.389823 -4.799572
1308 0.202448 -1.049736 -4.789974
1309 -0.391053 -0.360444 -4.801427
1310 -0.365216 -0.869934 -4.801265
1311 -0.365339 -0.839555 -4.801263
1312 -0.37198 -0.539706 -4.801875
1313 -0.348245 -0.536616 -4.80171
1314 -0.365367 -0.509493 -4.801225
1315 -0.217779 -0.390014 -4.798338
1316 0.202462 -0.779855 -4.789888
1317 -0.371516 -0.479449 -4.801865
1318 -0.398241 -0.479559 -4.802143
1319 -0.416086 -0.873795 -4.801568
1320 -0.3985 -0.839369 -4.802234
1321 -0.399268 -0.359447 -4.80213
1322 -0.399032 -0.301755 -4.802824
1323 -0.36587 -0.329495 -4.801202
1324 -0.347398 -0.660566 -4.801705
1325 -0.348613 -0.479312 -4.801711
1326 -0.347652 -0.508721 -4.801692
1327 -0.277613 -0.419985 -4.799559
1328 -0.370988 -0.629385 -4.801891
1329 -0.158624 -0.301957 -4.797197
1330 -0.15876 -0.509958 -4.797183
1331 0.292209 -1.019729 -4.788093
1332 0.26073 -0.479718 -4.788571
1333 -0.398583 -0.509423 -4.80214
1334 -0.413582 -0.469466 -4.801581
1335 0.022662 -1.109696 -4.793662
1336 -0.39899 -0.32965 -4.802117
1337 -0.337635 -0.509861 -4.800823
1338 0.082364 -0.329754 -4.792188
1339 0.230896 -0.479639 -4.78919
1340 0.172269 -0.599649 -4.79043
1341 -0.417575 -0.314484 -4.801596
1342 -0.487743 -0.569716 -4.803929
1343 -0.487818 -0.389567 -4.80386
1344 -0.487756 -0.419557 -4.803863
1345 -0.365357 -0.479434 -4.80121
1346 -0.3724 -0.359542 -4.801841
1347 -0.365228 -0.539585 -4.801223
1348 -0.337782 -0.479727 -4.800804
1349 -0.365425 -0.449367 -4.801213
1350 -0.346909 -0.868917 -4.80175
1351 0.291373 -0.509321 -4.787944
1352 0.261621 -0.329483 -4.788513
1353 -0.48781 -0.539725 -4.803919
1354 -0.371648 -0.449832 -4.801854
1355 -0.517439 -0.38983 -4.804473
1356 -0.517795 -0.419722 -4.804486
1357 -0.217568 -0.569791 -4.798404
1358 -0.217569 -0.359906 -4.798332
1359 -0.51772 -0.569908 -4.804527
1360 -0.547653 -1.109525 -4.805317
1361 -0.517657 -0.359643 -4.804466
1362 -0.487513 -0.599624 -4.803926
1363 -0.517953 -0.449576 -4.804502
1364 -0.398455 -0.869506 -4.802245
1365 -0.487744 -0.359513 -4.803851
1366 -0.371779 -0.509592 -4.801864
1367 -0.347792 -0.841407 -4.801739
1368 -0.365491 -0.359788 -4.80119
1369 0.29148 -0.479441 -4.787964
1370 -0.547653 -0.569565 -4.805135
1371 -0.547974 -0.449662 -4.805118
1372 -0.457754 -0.419714 -4.803262
1373 -0.417905 -0.328176 -4.801581
1374 -0.307987 -0.509669 -4.800222
1375 -0.307774 -0.569627 -4.800236
1376 0.291614 -0.329851 -4.787913
1377 0.260895 -1.019563 -4.788778
1378 -0.607578 -0.479796 -4.806339
1379 -0.63789 -0.359757 -4.806908
1380 -0.518007 -0.539666 -4.80454
1381 -0.637715 -0.30206 -4.807295
1382 -0.637653 -0.839658 -4.80707
1383 -0.637591 -0.869619 -4.807105
1384 -0.607437 -0.509959 -4.806359
1385 -0.416835 -0.504429 -4.801518
1386 -0.307478 -0.419569 -4.800182
1387 -0.667634 -0.539778 -4.807587
1388 -0.667794 -0.479863 -4.807582
1389 -0.667471 -0.329747 -4.807527
1390 -0.667459 -0.301895 -4.80811
1391 -0.607784 -0.329767 -4.806292
1392 -0.607529 -0.301864 -4.806836
1393 -0.6375 -0.539776 -4.806977
1394 -0.607513 -0.869474 -4.806474
1395 -0.577358 -0.50979 -4.80573
1396 -0.487677 -0.449567 -4.803885
1397 -0.428002 -0.839722 -4.802793
1398 -0.457555 -0.599548 -4.803329
1399 -0.372274 -0.329783 -4.801847
1400 -0.667739 -0.509796 -4.807576
1401 -0.667858 -0.869585 -4.807716
1402 -0.607676 -0.839618 -4.806468
1403 -0.427412 -0.479783 -4.802644
1404 -0.427778 -0.869635 -4.802796
1405 -0.428081 -0.301853 -4.803308
1406 -0.45776 -0.389512 -4.803271
1407 0.260753 -0.509742 -4.788585
1408 -0.757888 -0.599655 -4.809455
1409 -0.757823 -0.569587 -4.80945
1410 -0.66751 -0.35985 -4.807528
1411 -0.757902 -0.389571 -4.809395
1412 -0.7577 -0.449498 -4.809395
1413 -0.727763 -0.419703 -4.808796
1414 -0.427347 -0.509643 -4.802671
1415 -0.457607 -0.569527 -4.803304
1416 -0.307592 -0.599451 -4.800257
1417 -0.18882 -0.30227 -4.797792
1418 -0.727654 -0.449564 -4.808797
1419 -0.787782 -0.389703 -4.810011
1420 -0.787699 -0.749581 -4.810111
1421 -0.787497 -0.569698 -4.810058
1422 -0.817661 -0.569645 -4.810678
1423 -0.787578 -0.449489 -4.810014
1424 -0.787873 -0.779485 -4.810137
1425 -0.728128 -0.599681 -4.808857
1426 -0.727614 -0.389657 -4.808771
1427 -0.547867 -0.419701 -4.805083
1428 -0.577556 -0.479767 -4.805711
1429 0.260863 -1.049479 -4.788731
1430 -0.427718 -0.389498 -4.802626
1431 -0.877904 -0.509747 -4.811891
1432 -0.907259 -0.629571 -4.812535
1433 -0.877465 -0.302224 -4.812112
1434 -0.877806 -0.659544 -4.811942
1435 -0.87749 -0.839385 -4.81198
1436 -0.907531 -0.479599 -4.812465
1437 -0.907639 -0.809476 -4.812594
1438 -0.907649 -0.53967 -4.812502
1439 -0.877902 -0.689644 -4.811956
1440 -0.907513 -0.71959 -4.812573
1441 -0.877746 -0.479786 -4.811868
1442 -0.637777 -0.449724 -4.806959
1443 -0.787613 -0.419633 -4.810016
1444 -0.547796 -0.389788 -4.805103
1445 -0.697589 -0.419759 -4.808154
1446 -0.577647 -0.329648 -4.805672
1447 -0.697514 -0.329532 -4.808125
1448 -0.637712 -0.479662 -4.806965
1449 -0.217466 -0.749596 -4.798468
1450 0.260543 -0.839657 -4.788702
1451 -0.877576 -0.869465 -4.812005
1452 -0.757675 -0.419487 -4.809404
1453 -0.877739 -0.359445 -4.811835
1454 -0.907439 -0.35967 -4.812449
1455 -0.78765 -0.59974 -4.810085
1456 -0.877636 -0.329522 -4.81184
1457 -0.757559 -0.53967 -4.809423
1458 -0.728128 -0.569698 -4.808838
1459 -0.697935 -0.479869 -4.808193
1460 -0.457675 -0.479703 -4.803267
1461 -0.697478 -0.301769 -4.808506
1462 -0.347796 -0.358954 -4.801686
1463 -0.427435 -0.599631 -4.802682
1464 -0.307519 -0.389584 -4.800184
1465 -0.877634 -0.539714 -4.811898
1466 -1.027232 -0.719613 -4.814934
1467 -1.027577 -0.35937 -4.814839
1468 -0.607746 -0.359813 -4.806317
1469 -1.027166 -0.839501 -4.814987
1470 -0.907879 -0.449666 -4.812478
1471 -0.907302 -0.689454 -4.812543
1472 -0.787491 -0.539702 -4.810071
1473 -0.817316 -0.749451 -4.810723
1474 -0.84778 -0.50967 -4.811284
1475 -0.817667 -0.599587 -4.810687
1476 -0.428046 -0.329472 -4.802627
1477 -0.45808 -0.301987 -4.803746
1478 0.172436 -0.749879 -4.790472
1479 -1.027615 -0.449851 -4.814895
1480 -1.027802 -0.389405 -4.81485
1481 -1.087422 -0.65919 -4.816208
1482 -0.907789 -0.509651 -4.812502
1483 -0.817628 -0.389516 -4.810609
1484 -0.847496 -0.839458 -4.81136
1485 -0.457946 -0.329585 -4.803248
1486 -0.547615 -0.329531 -4.805069
1487 -1.14857 -0.839354 -4.817532
1488 -1.178346 -0.509131 -4.818027
1489 -1.148168 -1.049824 -4.817593
1490 -1.208106 -1.049564 -4.818811
1491 -1.17802 -0.479186 -4.81803
1492 -1.208344 -1.019629 -4.818842
1493 -1.148133 -1.019835 -4.817605
1494 -1.149079 -0.869196 -4.817551
1495 -1.208162 -0.301969 -4.818778
1496 -1.148322 -0.329897 -4.817381
1497 -1.148283 -0.509474 -4.817389
1498 -0.817604 -0.419673 -4.810621
1499 -0.487674 -0.302096 -4.804408
1500 -1.208431 -0.479066 -4.818634
1501 -1.2677 -0.419567 -4.819857
1502 -1.297536 -0.569385 -4.820492
1503 -1.327518 -0.389691 -4.821069
1504 -1.267811 -0.389544 -4.819825
1505 -1.297404 -0.929572 -4.820615
1506 -1.297467 -0.599399 -4.820521
1507 -1.148515 -0.301991 -4.817666
1508 -1.208316 -0.83962 -4.818758
1509 -1.117985 -0.629203 -4.816826
1510 -1.117766 -0.329557 -4.816738
1511 -1.118185 -0.509478 -4.816798
1512 -0.817519 -0.779549 -4.810736
1513 -0.847434 -0.302022 -4.811563
1514 -0.577695 -0.389713 -4.805707
1515 -0.847466 -0.749459 -4.811364
1516 -0.847764 -0.389784 -4.811226
1517 -0.69799 -0.509679 -4.808202
1518 -0.877781 -0.419803 -4.811865
1519 -0.847817 -0.329621 -4.811212
1520 -0.217557 -0.539628 -4.798375
1521 0.20229 -1.139432 -4.79
1522 -1.327373 -0.569498 -4.821102
1523 -1.327511 -0.509489 -4.821086
1524 -1.357566 -0.479503 -4.821689
1525 -1.327639 -0.419727 -4.821062
1526 -1.327522 -1.109498 -4.821289
1527 -1.327288 -1.019504 -4.821251
1528 -1.357504 -0.329761 -4.82164
1529 -1.267661 -0.929586 -4.820016
1530 -1.327776 -0.479362 -4.821091
1531 -1.267756 -0.569473 -4.819892
1532 -1.267809 -0.599497 -4.81992
1533 -1.178587 -0.302093 -4.818201
1534 -1.148662 -0.539175 -4.817433
1535 -1.148383 -0.479665 -4.817382
1536 -1.118297 -0.839544 -4.816934
1537 -0.847525 -0.479835 -4.811257
1538 -0.877957 -0.749522 -4.811973
1539 -1.178753 -0.359802 -4.81798
1540 -1.357416 -0.509513 -4.821705
1541 -1.208304 -0.509147 -4.818654
1542 -1.327456 -0.749645 -4.821153
1543 -1.177814 -0.449426 -4.818023
1544 -1.118379 -1.019707 -4.816946
1545 -1.208415 -0.329703 -4.818618
1546 -1.118075 -0.301937 -4.81698
1547 -1.118656 -0.479697 -4.816816
1548 -1.118299 -0.869362 -4.816927
1549 -0.817558 -0.509813 -4.810664
1550 -1.087368 -0.839414 -4.816219
1551 -1.178785 -0.690016 -4.818092
1552 -0.87788 -0.389598 -4.811842
1553 -1.357258 -1.019718 -4.821871
1554 -1.357037 -1.04985 -4.821843
1555 -1.357682 -0.302041 -4.821871
1556 -1.147942 -0.35967 -4.817359
1557 -0.774741 -0.849685 -3.095884
1558 -1.297934 -1.079755 -4.820685
1559 -1.357057 -0.569426 -4.821704
1560 -1.237659 -0.419562 -4.819224
1561 -1.148144 -0.629338 -4.817446
1562 -1.23763 -0.389559 -4.819212
1563 -1.087958 -0.359261 -4.816059
1564 -0.79683 -0.752253 -3.088506
1565 -0.785148 -0.869797 -3.084663
1566 -0.937246 -0.359751 -4.813058
1567 -0.780936 -0.852078 -3.08736
1568 -1.327594 -0.929737 -4.821256
1569 -1.208333 -0.869761 -4.818781
1570 -1.267543 -0.749597 -4.819923
1571 -1.237892 -0.599639 -4.819281
1572 -1.327652 -0.779652 -4.821184
1573 -1.178558 -0.539208 -4.818076
1574 -1.237641 -0.479527 -4.819232
1575 0.231774 -1.049323 -4.789376
1576 -1.08779 -0.869535 -4.816218
1577 -1.148439 -0.659311 -4.81749
1578 -0.937641 -0.839701 -4.813197
1579 -1.357292 -1.109582 -4.821889
1580 -1.357318 -0.779634 -4.821785
1581 -0.770379 -0.869085 -3.107596
1582 -0.785306 -0.749208 -3.104036
1583 -1.061567 -1.13763 -3.800349
1584 -1.237814 -0.569729 -4.819285
1585 -1.117791 -0.658938 -4.816824
1586 -1.148308 -0.689664 -4.81747
1587 -0.664721 -0.719631 -3.841453
1588 -1.208451 -0.930075 -4.818804
1589 -1.357323 -0.749625 -4.821766
1590 -1.297611 -0.539482 -4.820502
1591 -1.087407 -0.629541 -4.816178
1592 -1.327695 -0.32967 -4.82103
1593 -0.937069 -0.659636 -4.813147
1594 -1.387292 -0.329634 -4.822259
1595 -0.774631 -0.869758 -3.095201
1596 -1.085838 -1.109693 -3.795177
1597 -1.357658 -0.929803 -4.821838
1598 -1.118184 -0.929346 -4.816948
1599 -1.087639 -0.539418 -4.816178
1600 -0.517511 -0.329539 -4.804438
1601 -0.68304 -0.734249 -3.841607
1602 -0.937084 -0.329677 -4.813045
1603 -0.937057 -0.301858 -4.813339
1604 -1.08662 -1.138796 -3.795304
1605 -0.949914 -1.109821 -3.81965
1606 -1.357622 -0.599578 -4.821743
1607 -0.937066 -0.689636 -4.813164
1608 -1.178266 -0.629424 -4.818097
1609 -1.142187 -1.109669 -3.736924
1610 -0.801433 -0.732965 -3.091054
1611 -0.949654 -1.13748 -3.819467
1612 0.202316 -1.079649 -4.789974
1613 -1.387427 -0.509536 -4.822301
1614 -1.387595 -0.47942 -4.822295
1615 -0.937785 -0.869616 -4.813235
1616 -1.357278 -1.079663 -4.821912
1617 -0.937525 -0.509748 -4.813115
1618 -0.937189 -1.019533 -4.813267
1619 -1.387449 -0.302071 -4.822455
1620 -0.189061 -0.539751 -4.797817
1621 -1.118471 -0.450223 -4.816779
1622 -0.773406 -0.766246 -2.912821
1623 -0.794714 -0.721547 -3.106974
1624 -1.387275 -0.569729 -4.822344
1625 -1.11807 -0.539337 -4.816825
1626 -1.14808 -0.450024 -4.817406
1627 -0.665136 -0.689894 -3.841469
1628 -1.387724 -0.749415 -4.822363
1629 -1.327539 -1.079449 -4.821284
1630 -1.387221 -0.779364 -4.82238
1631 -0.937173 -0.479756 -4.813079
1632 -1.387389 -0.389693 -4.822271
1633 -1.387303 -1.10954 -4.822507
1634 -1.38697 -1.049357 -4.822504
1635 -1.387214 -1.019596 -4.822484
1636 0.231646 -1.019393 -4.789366
1637 -0.937337 -1.049593 -4.81329
1638 0.202733 -0.959571 -4.789938
1639 -1.118005 -0.35963 -4.816764
1640 -1.387479 -0.929394 -4.822468
1641 -1.387331 -0.599729 -4.822372
1642 -1.387624 -0.419409 -4.82228
1643 -1.147631 -0.813124 -2.866502
1644 -1.058252 -0.887821 -2.721456
1645 -1.147454 -0.813371 -2.836722
1646 -1.010702 -0.869328 -2.626952
1647 -0.966791 -0.839388 -4.813784
1648 -0.685117 -0.499753 -3.841553
1649 -1.0524 -0.88261 -2.708205
1650 -1.178906 -0.808132 -2.897203
1651 -1.588655 -1.160949 -3.136763
1652 -1.012062 -0.79503 -2.641683
1653 -0.962666 -1.137301 -3.796384
1654 -0.778584 -0.776386 -2.892981
1655 -0.967145 -0.32984 -4.81363
1656 -0.966899 -1.019455 -4.813851
1657 -1.589005 -1.140365 -3.166505
1658 -1.228291 -1.138969 -3.790775
1659 -0.967155 -0.869426 -4.813804
1660 -1.002423 -0.811261 -2.630839
1661 -0.966722 -0.659449 -4.813739
1662 -1.41739 -0.509628 -4.822924
1663 -0.966927 -0.689522 -4.813719
1664 -1.589635 -1.139883 -3.136818
1665 -1.605904 -0.299659 -3.616568
1666 -1.585025 -1.160235 -3.346709
1667 -1.417055 -0.389541 -4.822843
1668 -1.111975 -0.668476 -2.473968
1669 -1.015387 -0.806969 -2.621464
1670 -1.100688 -1.138383 -3.778691
1671 -1.58963 -1.11066 -3.136661
1672 -1.2118 -1.138334 -3.804742
1673 -1.417322 -0.479697 -4.822896
1674 -1.179063 -1.120583 -2.682621
1675 -1.194119 -1.124111 -2.69431
1676 -1.588129 -1.160896 -3.166614
1677 -1.585952 -1.140422 -3.316319
1678 -1.024716 -0.749286 -2.624509
1679 -1.417468 -0.419642 -4.822906
1680 -1.167546 -1.12122 -2.667394
1681 -1.617351 -0.778065 -3.044087
1682 -1.177895 -0.809543 -2.867359
1683 -1.617504 -0.752133 -3.041382
1684 -1.605891 -0.269545 -3.616535
1685 -0.967246 -0.302288 -4.813881
1686 -0.966918 -1.049573 -4.81386
1687 -1.417208 -0.5694 -4.82292
1688 -1.590227 -1.139551 -3.107116
1689 -1.587699 -1.160716 -3.196466
1690 -1.105003 -0.689653 -2.473866
1691 -1.417286 -0.779854 -4.822994
1692 -1.618156 -0.75039 -3.014503
1693 -1.605272 -0.269649 -3.646497
1694 -1.417342 -0.749672 -4.82295
1695 -1.328615 -1.140787 -2.774592
1696 -1.177719 -0.806029 -2.92656
1697 -1.080034 -0.890543 -2.72229
1698 -1.41708 -1.109834 -4.823102
1699 -1.241468 -1.138965 -3.766715
1700 -1.035925 -0.751484 -2.607525
1701 -1.417101 -1.050048 -4.823051
1702 -1.417176 -1.01979 -4.823061
1703 -1.586587 -1.080062 -3.286741
1704 -1.618751 -0.720424 -2.985129
1705 -1.105559 -0.689605 -2.446429
1706 -0.967132 -0.749792 -4.813757
1707 -1.112476 -0.668433 -2.446572
1708 -1.586567 -1.140706 -3.286565
1709 -1.212748 -1.129908 -2.712091
1710 -1.207912 -0.785681 -3.017016
1711 -0.806089 -0.745702 -3.087875
1712 -1.250694 -1.109493 -3.748211
1713 -1.025301 -0.871325 -2.684516
1714 -1.609113 -0.149562 -2.026576
1715 -1.609675 -0.209721 -2.02646
1716 -1.609949 -0.239629 -2.026542
1717 -1.618818 -0.749686 -2.985148
1718 -1.447383 -0.749713 -4.823595
1719 -1.447374 -0.779522 -4.823677
1720 -1.024245 -0.860803 -2.663015
1721 -1.446936 -0.359541 -4.823477
1722 -1.447438 -0.329571 -4.823475
1723 -1.605211 0.270312 -2.026565
1724 -1.237472 -0.783039 -2.956995
1725 -1.611775 -0.23951 -1.936541
1726 -1.447403 -0.569421 -4.823552
1727 -1.447441 -0.302048 -4.823664
1728 -1.611501 -0.209571 -1.936587
1729 -1.587776 -1.140474 -3.226734
1730 -1.612238 -0.238766 -1.908363
1731 -1.607936 0.240352 -1.906652
1732 -1.610561 -0.239642 -1.996558
1733 -0.996658 -1.019758 -4.814441
1734 -1.609396 -0.179597 -2.026491
1735 -1.447502 -1.109284 -4.823731
1736 -1.610616 -0.179647 -1.966532
1737 -1.240981 -1.135832 -2.739323
1738 -1.177064 -0.810003 -2.837126
1739 -1.585221 0.357697 -2.195724
1740 -1.603207 0.301004 -2.02651
1741 -1.447077 -0.479635 -4.823521
1742 -1.611171 -0.23967 -1.966571
1743 -1.591057 -0.299581 -2.195968
1744 -1.477593 -0.329466 -4.824086
1745 -0.997183 -0.32962 -4.814244
1746 -1.591321 -0.31881 -2.195825
1747 -1.609154 0.240397 -1.846416
1748 -1.613665 -0.179614 -1.816522
1749 -1.585588 0.357777 -2.176535
1750 -1.149095 -0.813212 -2.808084
1751 -1.477453 -0.569935 -4.824147
1752 -1.611593 0.240323 -1.726531
1753 -1.61279 0.115572 -1.74708
1754 -0.996784 -0.839663 -4.814404
1755 -1.477468 -0.302049 -4.824252
1756 -1.608833 -0.119568 -2.02651
1757 -1.612646 -0.170808 -1.830165
1758 -1.027028 -0.32963 -4.814826
1759 -1.610948 -0.149627 -1.936514
1760 -1.591471 -0.299689 -2.176524
1761 -1.615772 -0.209619 -1.726514
1762 -1.476996 -0.479787 -4.824138
1763 -1.447384 -0.509518 -4.823507
1764 -1.612046 0.12075 -1.757165
1765 -1.614273 -0.179613 -1.786537
1766 -1.476976 -0.779646 -4.824231
1767 -1.477196 -0.749403 -4.82418
1768 -1.447736 -1.049563 -4.823713
1769 -1.477096 -0.509755 -4.824132
1770 -1.477528 -1.109798 -4.8243
1771 -1.47703 -1.139667 -4.824295
1772 -1.611815 0.150475 -1.756567
1773 -1.588379 -1.140519 -3.196385
1774 -1.50678 -0.329612 -4.824677
1775 -0.997672 -0.389771 -4.81429
1776 -0.997394 -0.41966 -4.814289
1777 -1.58841 -1.050497 -3.195982
1778 -1.612798 -0.21373 -1.897793
1779 -1.477405 -1.049696 -4.824289
1780 -1.616107 -0.179573 -1.69663
1781 -1.615828 -0.149596 -1.696585
1782 -1.588387 -1.110467 -3.196474
1783 -1.507422 -0.301866 -4.824848
1784 -1.612119 0.240785 -1.697578
1785 -1.61282 0.237009 -1.688556
1786 -1.027231 -0.779694 -4.81494
1787 -1.476942 -1.019749 -4.824277
1788 -0.997311 -0.749699 -4.814364
1789 -1.618495 -0.239558 -1.60664
1790 -0.997178 -0.779609 -4.814387
1791 -1.612877 -0.242087 -1.900889
1792 -1.616717 -0.179666 -1.66656
1793 -1.477654 -0.839533 -4.824222
1794 -1.615493 -0.179626 -1.726514
1795 -1.263828 -1.109755 -3.738675
1796 -1.614651 0.240233 -1.576658
1797 -1.027366 -0.749494 -4.814965
1798 -1.507066 -0.479232 -4.824683
1799 -1.619443 -0.209622 -1.546596
1800 -1.618826 -0.20967 -1.576683
1801 -0.770566 -0.844739 -3.109464
1802 -1.609604 0.060389 -1.906566
1803 -1.506948 -0.569404 -4.82474
1804 -1.208344 -0.449431 -4.818623
1805 -1.620058 -0.209557 -1.516494
1806 -1.477045 -0.689667 -4.824179
1807 -1.610159 0.000392 -1.906521
1808 -1.619779 -0.179583 -1.516603
1809 -1.620391 -0.179637 -1.486589
1810 -1.617491 0.000427 -1.546561
1811 -1.477539 -0.869514 -4.82423
1812 -1.60783 0.120392 -1.966492
1813 -1.506873 -0.509496 -4.824704
1814 -1.477527 -0.659555 -4.824195
1815 -1.620673 -0.209613 -1.486504
1816 -1.611222 -0.179656 -1.936523
1817 -1.614989 0.27025 -1.546648
1818 -1.506829 -0.599509 -4.824732
1819 -1.506728 -0.749582 -4.824774
1820 -1.616092 0.150278 -1.546628
1821 -1.50717 -0.659665 -4.824783
1822 -1.618108 0.000306 -1.516532
1823 -1.617826 0.030329 -1.516546
1824 -1.621617 -0.179629 -1.426573
1825 -1.506873 -1.049444 -4.824912
1826 -1.506739 -0.77958 -4.824851
1827 -1.614312 0.210322 -1.606656
1828 -1.614592 0.180308 -1.60664
1829 -1.623116 -0.209569 -1.366619
1830 -1.621002 -0.179626 -1.456588
1831 -1.61728 -0.239638 -1.666544
1832 -1.506737 -1.139596 -4.824919
1833 -1.507375 -1.109641 -4.82491
1834 -1.623399 -0.239691 -1.366545
1835 -1.624068 -0.179633 -1.306551
1836 -1.506654 -1.019438 -4.824855
1837 -1.622223 -0.179575 -1.396593
1838 -1.507021 -0.839679 -4.824803
1839 -1.618151 0.060457 -1.486631
1840 -1.536551 -0.329569 -4.82526
1841 -0.777491 -0.774388 -3.107853
1842 -1.623451 -0.179671 -1.336613
1843 -1.536982 -0.301995 -4.825429
1844 -1.622835 -0.179576 -1.366615
1845 -1.621281 -0.209638 -1.456629
1846 -1.61671 0.150336 -1.516582
1847 -1.615208 0.180323 -1.576707
1848 -1.616432 0.180297 -1.516509
1849 -1.609049 0.120309 -1.906526
1850 -1.613707 0.210306 -1.636621
1851 -1.625008 -0.149642 -1.246611
1852 -1.5371 -0.509409 -4.825293
1853 -1.208261 -0.539505 -4.818655
1854 -1.618714 0.000366 -1.48656
1855 -1.62117 0.299117 -1.216599
1856 -1.615266 0.240265 -1.546592
1857 -1.624621 -0.23961 -1.306576
1858 -1.624954 -0.209624 -1.276541
1859 -1.625568 -0.209614 -1.24648
1860 -1.624673 -0.179595 -1.276547
1861 -1.612588 0.246587 -1.647679
1862 -1.623735 -0.209632 -1.336581
1863 -1.615822 0.180354 -1.546606
1864 -1.613049 0.239288 -1.66434
1865 -1.62646 -0.239631 -1.216511
1866 -1.338892 -1.139484 -3.812412
1867 -1.537268 -0.479622 -4.825294
1868 -1.61426 0.150353 -1.636532
1869 -1.536545 -0.59935 -4.825377
1870 -1.536639 -0.569668 -4.825357
1871 -1.622623 0.240333 -1.186617
1872 -1.617326 0.15027 -1.486625
1873 -1.536209 -1.049485 -4.825506
1874 -1.611157 0.090408 -1.816431
1875 -1.618832 0.120291 -1.4266
1876 -1.536832 -0.749718 -4.825337
1877 -1.536713 -0.779476 -4.825374
1878 -1.536621 -1.019684 -4.825463
1879 -1.35675 -1.138622 -3.797049
1880 -1.619601 -0.02955 -1.4566
1881 -1.536677 -1.109689 -4.825489
1882 -1.614225 -0.23968 -1.816565
1883 -1.613163 0.14981 -1.69514
1884 -1.617937 -0.179615 -1.606537
1885 -1.617328 -0.17966 -1.636522
1886 -1.623788 -0.149589 -1.306518
1887 -1.624511 -0.029666 -1.216698
1888 -1.623623 0.000333 -1.246612
1889 -1.612493 0.152808 -1.702925
1890 -1.620555 0.000418 -1.396517
1891 -1.619328 0.000364 -1.456555
1892 -1.6239 -0.029742 -1.246602
1893 -1.623347 0.030356 -1.246629
1894 -1.620835 -0.02968 -1.396589
1895 -1.618213 0.120274 -1.456673
1896 -1.567108 -0.479461 -4.825847
1897 -1.624237 0.000303 -1.2166
1898 -1.621736 0.270314 -1.216622
1899 -1.623404 0.090351 -1.216623
1900 -1.613647 0.150373 -1.666515
1901 -1.622506 -0.209626 -1.396601
1902 -1.61242 0.242032 -1.670377
1903 -1.615541 0.210342 -1.546575
1904 -1.621722 -0.059636 -1.366642
1905 -1.621112 -0.059607 -1.396648
1906 -1.612061 -0.20927 -1.9071
1907 -1.61888 -0.149517 -1.546587
1908 -1.625346 -0.119635 -1.216535
1909 -1.625397 -0.059728 -1.18661
1910 -1.610376 0.240413 -1.786546
1911 -1.622891 -0.119647 -1.336545
1912 -1.625061 -0.08968 -1.216695
1913 -1.612727 0.141605 -1.744789
1914 -1.617049 -0.149651 -1.6366
1915 -1.60916 -0.089608 -1.996685
1916 -1.625288 -0.179631 -1.246523
1917 -1.618549 -0.179588 -1.576566
1918 -1.608649 0.357484 -1.046004
1919 -1.619167 -0.179595 -1.546582
1920 -1.620111 -0.149651 -1.486629
1921 -1.608542 0.240359 -1.876569
1922 -1.6082 0.357639 -1.066535
1923 -1.624727 -0.119588 -1.246618
1924 -1.613163 -0.180193 -1.845218
1925 -1.619054 0.030412 -1.456542
1926 -1.625847 -0.239669 -1.246566
1927 -1.256875 -0.653489 -3.325132
1928 -1.620222 -0.029583 -1.426592
1929 -1.608275 -0.059604 -2.026569
1930 -1.614854 -0.299704 -1.046148
1931 -1.612223 0.091252 -1.758176
1932 -1.614942 -0.318912 -1.046215
1933 -1.626179 -0.209692 -1.216461
1934 -1.612574 -0.204262 -1.856595
1935 -1.614106 -0.299733 -1.066662
1936 -1.609768 0.240403 -1.816471
1937 -1.610547 0.090348 -1.846537
1938 -1.624788 -0.059705 -1.216539
1939 -1.607321 0.240403 -1.93652
1940 -1.612738 -0.18771 -1.894518
1941 -1.612494 -0.176595 -1.853489
1942 -1.478044 -0.309952 0.074532
1943 -1.148114 -0.668576 -0.654542
1944 -1.622943 -0.059574 -1.306591
1945 -1.502995 -0.308471 0.074932
1946 -1.310349 -0.663216 -0.19109
1947 -1.386905 -0.301629 0.132627
1948 -1.319319 -0.706192 -0.318937
1949 -1.659476 -1.109791 0.284533
1950 -1.371146 -0.306303 0.121666
1951 -1.423333 -0.350234 0.033329
1952 -1.43952 -1.017594 -0.10626
1953 -1.37885 -0.988713 -0.145137
1954 -1.328933 -0.959531 -0.14503
1955 -1.370474 -0.308623 0.10898
1956 -1.33467 -0.985125 -0.14756
1957 -1.65032 -1.139475 -0.166389
1958 -1.259849 -0.482635 -0.125256
1959 -1.649726 -1.139423 -0.195164
1960 -1.239149 -0.4493 -0.125439
1961 -1.627645 -1.166355 0.404153
1962 -1.413653 -0.305594 0.200121
1963 -1.294672 -0.71291 -0.340084
1964 -1.627709 -1.139579 1.081839
1965 -1.65646 -1.078683 0.133448
1966 -1.627843 -1.166172 -0.046917
1967 -1.047837 -0.287142 -0.192089
1968 -1.044416 -0.284268 -0.194196
1969 -1.686178 -0.360616 0.312862
1970 -1.31546 -0.655524 -0.198251
1971 -1.359482 -1.017679 -0.040244
1972 -1.361457 -0.539668 -0.286239
1973 -1.449312 -1.163484 0.548635
1974 -1.43949 -0.988099 -0.135831
1975 -1.674677 -1.161141 1.033411
1976 -1.656886 -1.163764 0.433478
1977 -1.495025 -0.31532 0.062664
1978 -1.476933 -0.330165 0.25122
1979 -1.322852 -0.622478 -0.21651
1980 -1.684447 -0.749298 0.223653
1981 -1.648604 -1.162027 -0.195074
1982 -1.659373 -1.13657 0.284871
1983 -1.597956 -1.161232 1.082122
1984 -1.284452 -1.165759 -0.106416
1985 -1.628256 -1.16617 -0.01729
1986 -1.656765 -1.163598 0.403953
1987 -1.357158 -1.165394 -0.202806
1988 -1.686083 -0.331448 0.311621
1989 -1.382162 -0.973159 -0.04008
1990 -1.685609 -0.809294 0.282248
1991 -1.329435 -0.987932 -0.046898
1992 -1.355433 -0.299731 0.682054
1993 -1.298101 -1.163604 0.527527
1994 -1.272415 -0.703834 -0.282853
1995 -1.40159 -0.305297 0.211864
1996 -1.314899 -0.709566 -0.333987
1997 -1.6832 -1.016521 0.253216
1998 -1.434901 -1.022047 -0.089018
1999 -1.268075 -1.165797 -0.136655
2000 -1.68505 -0.779397 0.253258
2001 -1.276674 -0.703889 -0.263097
2002 -1.682329 -1.016336 0.193092
2003 -1.689159 -0.327642 0.463956
2004 -1.324888 -0.703968 -0.307267
2005 -1.26958 -0.99169 -0.077474
2006 -1.530948 -0.611294 -0.575242
2007 -1.193846 -1.165747 0.664558
2008 -1.355443 -0.269445 0.682022
2009 -1.382013 -1.002892 -0.151967
2010 -1.660442 -1.02639 0.163101
2011 -1.437848 -0.973039 -0.086785
2012 -1.68463 -1.016629 0.343024
2013 -1.338629 -0.704948 -0.283921
2014 -1.3568 -0.929627 -0.130181
2015 -1.394319 -0.301519 0.190824
2016 -1.651702 -1.162704 0.013024
2017 -1.656155 -1.163474 0.374599
2018 -1.662542 -1.026635 0.313793
2019 -1.394664 -0.317934 0.080382
2020 -1.345104 -0.787836 -0.176947
2021 -1.658214 -1.107128 0.224328
2022 -1.21071 -1.120149 0.760889
2023 -1.227081 -0.428359 -0.126192
2024 -1.660067 -1.135801 0.314734
2025 -1.655426 -1.025804 -0.195532
2026 -1.355523 -0.329556 0.682002
2027 -1.526609 -0.299158 0.113364
2028 -1.685008 -0.869437 0.25334
2029 -1.661385 -1.026409 0.222996
2030 -1.387869 -1.16361 0.523658
2031 -1.278212 -0.997797 -0.057711
2032 -1.34602 -0.994612 -0.116254
2033 -1.289474 -0.97319 -0.069925
2034 -1.535018 -0.621244 -0.58408
2035 -1.682865 -1.016248 0.223219
2036 -1.191379 -1.123112 0.72478
2037 -1.319112 -1.166427 0.538824
2038 -1.207358 -1.119959 0.733243
2039 -1.180194 -1.164699 0.673349
2040 -1.528412 -0.296924 0.123611
2041 -1.411392 -1.119401 0.847501
2042 -1.592354 -0.666919 -0.658968
2043 -1.630697 -1.166148 0.011097
2044 -1.662081 -1.026172 0.252041
2045 -1.34457 -0.81019 -0.118238
2046 -1.142428 -1.125723 -0.654623
2047 -1.168553 -1.165195 -0.671866
2048 -1.684436 -0.809789 0.223033
2049 -1.68394 -1.016827 0.314961
2050 -1.266501 -1.16251 0.550472
2051 -1.206474 -1.16316 0.612263
2052 -1.686258 -0.898712 0.312934
2053 -1.142399 -1.109425 -0.654528
2054 -1.684445 -0.92945 0.222768
2055 -1.669562 -0.659343 -0.497725
2056 -1.413056 -0.972763 -0.057668
2057 -1.428866 -1.16367 0.540363
2058 -1.332484 -1.014261 -0.045167
2059 -1.685646 -0.989986 0.282327
2060 -1.661995 -1.026674 0.284083
2061 -0.56408 -1.154227 -0.50592
2062 -1.685682 -0.869202 0.28469
2063 -1.347575 -0.899287 -0.118031
2064 -0.56359 -1.154219 -0.555734
2065 -0.563295 -1.154211 -0.58486
2066 -1.660748 -1.138663 0.344073
2067 -1.661226 -1.026187 0.192834
2068 -1.431414 -1.1385 0.53919
2069 -0.562842 -1.154274 -0.63814
2070 -1.684977 -1.017005 0.374087
2071 -1.652667 -1.16239 0.041705
2072 -0.487669 -1.154182 -0.556638
2073 -1.342215 -0.802327 -0.116969
2074 -1.685001 -0.929588 0.251867
2075 -1.657572 -1.105977 0.191564
2076 -1.685596 -1.016894 0.402962
2077 -1.686268 -0.869201 0.313205
2078 -1.686281 -0.780338 0.313682
2079 -1.685039 -0.839074 0.253083
2080 -1.659466 -1.079847 0.284482
2081 -1.547275 -0.615859 -0.569129
2082 -1.661406 -1.139655 0.373609
2083 -1.684992 -0.89965 0.253077
2084 -1.663684 -1.026734 0.37306
2085 -1.633401 -1.166119 0.039164
2086 -1.685773 -1.017264 0.433863
2087 -1.686905 -0.869539 0.343611
2088 -1.343504 -0.788428 -0.119337
2089 -1.685648 -0.898676 0.284746
2090 -1.686266 -0.748714 0.314534
2091 -1.686861 -0.839298 0.342789
2092 -1.652186 -1.13946 -0.076289
2093 -1.6875 -0.808985 0.373264
2094 -1.660766 -1.10943 0.344223
2095 -1.650359 -1.162445 -0.076306
2096 -1.65359 -1.161163 0.067817
2097 -1.664445 -1.026982 0.433269
2098 -1.376946 -0.974016 -0.031018
2099 -1.662031 -1.139595 0.403673
2100 -1.685662 -0.92982 0.284276
2101 -1.657702 -1.161016 1.080997
2102 -1.346906 -1.012885 -0.117253
2103 -1.685021 -0.959793 0.252223
2104 -0.576501 -1.049476 0.095315
2105 -0.576395 -1.030274 0.095268
2106 -0.559613 -1.030414 0.097125
2107 -1.65827 -1.138521 0.227174
2108 -1.684494 -0.959691 0.223403
2109 -1.656595 -1.162351 0.282965
2110 -1.37675 -1.009757 -0.147949
2111 -0.551224 -0.689776 0.058114
2112 -1.684464 -0.989509 0.223269
2113 -1.686715 -0.361782 0.341262
2114 -0.55131 -0.539559 0.05814
2115 -1.408051 0.202257 0.869444
2116 -1.452702 0.177478 0.851206
2117 -1.383754 0.20728 0.823323
