0 -2.3082 -2.3294 1.9533 0.9396 0.0565 -0.0007 -0.3375 
1 -2.3098 -2.3289 1.9526 0.9396 0.0593 0.0004 -0.3371 
2 -2.3118 -2.3285 1.9517 0.9399 0.0624 -0.0002 -0.3356 
3 -2.3141 -2.3278 1.9507 0.9403 0.0654 -0.0024 -0.334 
4 -2.3155 -2.3274 1.9501 0.9404 0.0668 -0.0018 -0.3333 
5 -2.3169 -2.3271 1.9497 0.9402 0.0683 -0.0018 -0.3337 
6 -2.3188 -2.3262 1.9484 0.9407 0.0704 -0.0029 -0.3319 
7 -2.3201 -2.3257 1.9479 0.9407 0.0734 -0.0031 -0.3311 
8 -2.3213 -2.3252 1.9475 0.94 0.0744 -0.0037 -0.3329 
9 -2.3224 -2.3246 1.9464 0.9405 0.0743 -0.0035 -0.3316 
10 -2.323 -2.3244 1.9459 0.9413 0.0772 -0.0032 -0.3286 
11 -2.3234 -2.3242 1.9456 0.9404 0.0771 -0.0051 -0.3312 
12 -2.3236 -2.3236 1.9445 0.9412 0.0785 -0.002 -0.3285 
13 -2.3234 -2.3233 1.9441 0.941 0.0786 -0.003 -0.3293 
14 -2.323 -2.3229 1.9436 0.9408 0.0794 -0.0039 -0.3295 
15 -2.3224 -2.3227 1.9435 0.941 0.0799 -0.0029 -0.3289 
16 -2.322 -2.3224 1.9435 0.9406 0.0793 -0.0009 -0.3301 
17 -2.3213 -2.3216 1.943 0.941 0.0803 0.0024 -0.3287 
18 -2.3208 -2.3211 1.9425 0.9408 0.0823 0.0015 -0.329 
19 -2.3203 -2.3206 1.9417 0.9408 0.0798 0.0007 -0.3294 
20 -2.3195 -2.3188 1.9406 0.9408 0.0792 0.0016 -0.3295 
21 -2.3194 -2.3177 1.9399 0.9408 0.0817 0.0007 -0.3289 
22 -2.3192 -2.3159 1.9388 0.9409 0.0836 0.0002 -0.3281 
23 -2.3186 -2.3144 1.9379 0.9414 0.0845 0.0037 -0.3266 
24 -2.3179 -2.3128 1.9374 0.941 0.085 0.0045 -0.3275 
25 -2.3169 -2.3101 1.9366 0.9406 0.084 0.0031 -0.3289 
26 -2.3163 -2.3077 1.936 0.9416 0.0852 0.0004 -0.3258 
27 -2.3155 -2.3051 1.9359 0.9414 0.086 -0.0022 -0.326 
28 -2.3146 -2.3001 1.9358 0.941 0.0837 -0.0013 -0.3279 
29 -2.314 -2.2963 1.9358 0.9419 0.0833 0.0003 -0.3253 
30 -2.3137 -2.2906 1.9357 0.9415 0.0856 -0.0013 -0.326 
31 -2.3137 -2.2852 1.9355 0.9415 0.0842 -0.0003 -0.3262 
32 -2.3136 -2.2797 1.9346 0.9423 0.0839 0.0025 -0.324 
33 -2.314 -2.2722 1.9336 0.9422 0.0849 0.0002 -0.3242 
34 -2.3142 -2.2665 1.9327 0.9424 0.085 -0.0028 -0.3235 
35 -2.3147 -2.2602 1.9318 0.9428 0.0827 -0.0012 -0.323 
36 -2.3166 -2.2507 1.9312 0.9422 0.0837 0.0009 -0.3245 
37 -2.3179 -2.2437 1.9307 0.9428 0.085 0.0012 -0.3223 
38 -2.3196 -2.2356 1.9304 0.9431 0.0865 0.0026 -0.3211 
39 -2.3216 -2.2251 1.9302 0.9424 0.0853 0.0039 -0.3235 
40 -2.3226 -2.2165 1.9299 0.9426 0.0829 0.0035 -0.3234 
41 -2.3237 -2.2072 1.9299 0.9427 0.0839 0.0017 -0.3229 
42 -2.3254 -2.1948 1.93 0.942 0.0815 0.0018 -0.3256 
43 -2.3259 -2.1851 1.93 0.9426 0.0792 0.0061 -0.3244 
44 -2.3269 -2.1751 1.9296 0.9431 0.0785 0.006 -0.3231 
45 -2.3286 -2.1615 1.9297 0.9426 0.0772 0.0034 -0.3249 
46 -2.3301 -2.1513 1.9297 0.9429 0.075 0.0061 -0.3244 
47 -2.3316 -2.1408 1.9301 0.9434 0.0751 0.0097 -0.3229 
48 -2.3348 -2.1276 1.9309 0.9432 0.0748 0.0093 -0.3236 
49 -2.3366 -2.117 1.9314 0.9437 0.0751 0.0092 -0.3221 
50 -2.3387 -2.107 1.9323 0.9448 0.0773 0.0066 -0.3185 
51 -2.3412 -2.0941 1.934 0.9427 0.0751 0.0046 -0.3249 
52 -2.3427 -2.0847 1.9345 0.943 0.0746 0.0078 -0.3241 
53 -2.3446 -2.0755 1.9352 0.9439 0.0742 0.0092 -0.3217 
54 -2.3467 -2.0638 1.9361 0.9435 0.0741 0.0083 -0.3228 
55 -2.3483 -2.0546 1.936 0.9438 0.0718 0.0075 -0.3224 
56 -2.3497 -2.0458 1.9363 0.9446 0.0715 0.0047 -0.3202 
57 -2.3523 -2.0343 1.937 0.9438 0.0698 -0.0006 -0.3231 
58 -2.3534 -2.026 1.9378 0.944 0.0705 0.0013 -0.3224 
59 -2.3552 -2.0159 1.939 0.9438 0.0702 0.0061 -0.323 
60 -2.3565 -2.0084 1.9395 0.9433 0.0683 0.0077 -0.3246 
61 -2.3575 -2.0006 1.9399 0.9435 0.0695 0.009 -0.324 
62 -2.3596 -1.9901 1.9395 0.9433 0.0688 0.0116 -0.3246 
63 -2.3613 -1.9819 1.9387 0.9441 0.0686 0.0137 -0.3221 
64 -2.3629 -1.973 1.9377 0.9446 0.0716 0.0152 -0.32 
65 -2.3659 -1.9611 1.9361 0.9448 0.0727 0.0158 -0.3192 
66 -2.3672 -1.9521 1.9349 0.9454 0.0734 0.0174 -0.3169 
67 -2.3689 -1.9395 1.9328 0.9456 0.0746 0.0196 -0.316 
68 -2.3701 -1.9301 1.9315 0.9461 0.0733 0.0184 -0.3149 
69 -2.3703 -1.9199 1.9302 0.9468 0.0733 0.0176 -0.3128 
70 -2.371 -1.9063 1.9287 0.9464 0.0729 0.018 -0.3142 
71 -2.3709 -1.8969 1.927 0.9473 0.0714 0.0195 -0.3118 
72 -2.3709 -1.8864 1.9253 0.9476 0.0713 0.0189 -0.3107 
73 -2.3705 -1.8726 1.9231 0.9475 0.0709 0.0165 -0.3113 
74 -2.3704 -1.8615 1.9216 0.948 0.0697 0.0134 -0.3104 
75 -2.3699 -1.8507 1.9204 0.9485 0.071 0.0108 -0.3085 
76 -2.3681 -1.8374 1.9202 0.9479 0.0721 0.0113 -0.3102 
77 -2.3677 -1.8259 1.9199 0.9469 0.0693 0.0141 -0.3138 
78 -2.3662 -1.8152 1.9194 0.9483 0.0725 0.0163 -0.3085 
79 -2.3647 -1.8002 1.9191 0.9482 0.0728 0.0123 -0.3091 
80 -2.3632 -1.7882 1.9192 0.9472 0.0724 0.0125 -0.3122 
81 -2.3615 -1.7762 1.9192 0.9485 0.0716 0.0142 -0.3082 
82 -2.3583 -1.7606 1.9197 0.9495 0.0712 0.01 -0.3055 
83 -2.3562 -1.7485 1.921 0.9486 0.0688 0.0058 -0.3088 
84 -2.3541 -1.7366 1.9222 0.9475 0.0677 0.0068 -0.3123 
85 -2.3511 -1.7218 1.9229 0.9481 0.07 0.0149 -0.3097 
86 -2.3489 -1.7105 1.9231 0.9489 0.071 0.019 -0.3069 
87 -2.3467 -1.6991 1.9232 0.9484 0.0692 0.0213 -0.3087 
88 -2.3438 -1.6836 1.9227 0.9482 0.0679 0.0203 -0.3097 
89 -2.3425 -1.672 1.9223 0.9499 0.0699 0.0179 -0.3041 
90 -2.3412 -1.6606 1.9222 0.9495 0.073 0.0177 -0.3047 
91 -2.3395 -1.647 1.9227 0.9489 0.0723 0.0252 -0.306 
92 -2.3386 -1.6372 1.9225 0.9495 0.0716 0.03 -0.304 
93 -2.3375 -1.6277 1.9214 0.9502 0.0761 0.031 -0.3006 
94 -2.3372 -1.6141 1.9191 0.9503 0.076 0.0258 -0.3007 
95 -2.3364 -1.6044 1.9166 0.9507 0.0779 0.0206 -0.2996 
96 -2.3371 -1.5912 1.9139 0.9509 0.0816 0.0155 -0.2981 
97 -2.3377 -1.5818 1.9116 0.9517 0.0842 0.0162 -0.2949 
98 -2.3389 -1.5717 1.9089 0.9522 0.0837 0.0179 -0.2932 
99 -2.3399 -1.5598 1.9061 0.9523 0.0853 0.0154 -0.2927 
100 -2.341 -1.55 1.9037 0.9514 0.0876 0.0109 -0.295 
101 -2.3417 -1.5375 1.9005 0.9527 0.0891 0.0104 -0.2904 
102 -2.3421 -1.5288 1.8982 0.9532 0.0901 0.0104 -0.2884 
103 -2.3425 -1.5195 1.8962 0.9529 0.09 0.0103 -0.2893 
104 -2.3423 -1.5067 1.8931 0.9539 0.0878 0.0111 -0.2869 
105 -2.3425 -1.4968 1.8904 0.9549 0.0875 0.0093 -0.2837 
106 -2.3422 -1.4868 1.8878 0.9551 0.0889 0.0071 -0.2826 
107 -2.3417 -1.4743 1.885 0.9562 0.0872 0.0076 -0.2792 
108 -2.3407 -1.465 1.883 0.9564 0.0862 0.0081 -0.2791 
109 -2.3404 -1.4547 1.8818 0.9556 0.0831 0.0051 -0.2828 
110 -2.34 -1.44 1.8803 0.9549 0.0823 0.0031 -0.2851 
111 -2.3382 -1.4303 1.8791 0.9565 0.0817 0.0089 -0.2798 
112 -2.3368 -1.4196 1.8788 0.9569 0.0803 0.0126 -0.2788 
113 -2.3356 -1.4047 1.8795 0.9568 0.0787 0.0084 -0.2798 
114 -2.3334 -1.3949 1.8807 0.9565 0.078 0.0067 -0.2811 
115 -2.3315 -1.384 1.8826 0.9552 0.0722 0.0108 -0.2867 
116 -2.3293 -1.3696 1.8863 0.9558 0.0684 0.0121 -0.2858 
117 -2.3276 -1.3587 1.8895 0.9552 0.0686 0.0073 -0.2879 
118 -2.327 -1.3478 1.8936 0.9534 0.0671 0.0021 -0.2942 
119 -2.3248 -1.3324 1.8996 0.9542 0.0621 0.0052 -0.2927 
120 -2.3235 -1.3207 1.9032 0.9528 0.0598 0.0081 -0.2976 
121 -2.3213 -1.3104 1.9076 0.9532 0.0602 0.0073 -0.2963 
122 -2.319 -1.2955 1.9116 0.9506 0.0527 0.0058 -0.3059 
123 -2.3173 -1.2853 1.9142 0.9505 0.0491 0.0049 -0.3068 
124 -2.3162 -1.2748 1.9159 0.9508 0.0474 0.0024 -0.3063 
125 -2.3151 -1.2604 1.9178 0.9498 0.0437 0.0017 -0.3097 
126 -2.3151 -1.2496 1.9184 0.9497 0.0412 0.0029 -0.3105 
127 -2.3149 -1.239 1.9187 0.9501 0.0414 0.0024 -0.3091 
128 -2.3151 -1.2251 1.9191 0.9498 0.0391 -0.0002 -0.3104 
129 -2.3152 -1.2145 1.919 0.9498 0.0378 -0.0021 -0.3106 
130 -2.3156 -1.2048 1.9188 0.9501 0.0368 -0.002 -0.3099 
131 -2.3159 -1.1917 1.9179 0.9492 0.0335 0.0014 -0.3129 
132 -2.3161 -1.1818 1.9165 0.9503 0.0329 0.0047 -0.3097 
133 -2.3163 -1.1695 1.9147 0.95 0.0339 0.0043 -0.3104 
134 -2.3161 -1.1602 1.9129 0.9506 0.0306 0.0049 -0.3088 
135 -2.3162 -1.1508 1.9109 0.9515 0.0302 0.0027 -0.3062 
136 -2.3161 -1.1398 1.9094 0.9516 0.0323 0.0 -0.3057 
137 -2.3155 -1.1314 1.9087 0.9507 0.0284 0.0047 -0.3088 
138 -2.315 -1.1203 1.9076 0.9524 0.03 0.0079 -0.3034 
139 -2.3152 -1.1126 1.9073 0.9523 0.0325 0.0037 -0.3035 
140 -2.3145 -1.1039 1.9066 0.9516 0.0293 0.0035 -0.306 
141 -2.314 -1.093 1.9062 0.953 0.0308 0.0048 -0.3014 
142 -2.3138 -1.0847 1.9063 0.9519 0.033 0.0038 -0.3045 
143 -2.3135 -1.076 1.9061 0.9519 0.0312 0.0046 -0.3047 
144 -2.3129 -1.0647 1.9053 0.9534 0.0341 0.0049 -0.2997 
145 -2.3124 -1.0557 1.9047 0.952 0.0339 0.0036 -0.3042 
146 -2.3122 -1.0463 1.904 0.9513 0.032 0.0039 -0.3067 
147 -2.3118 -1.0339 1.9031 0.9526 0.0349 0.0032 -0.3022 
148 -2.3116 -1.0246 1.9032 0.952 0.0365 0.0015 -0.3038 
149 -2.3111 -1.001 1.9049 0.9511 0.0368 0.0022 -0.3065 
150 -2.3107 -0.991 1.9068 0.9503 0.0392 0.0044 -0.3089 
151 -2.3098 -0.9802 1.9084 0.9499 0.0404 0.01 -0.3097 
152 -2.3086 -0.9649 1.9105 0.9515 0.041 0.0088 -0.3048 
153 -2.3075 -0.9534 1.9132 0.9509 0.0422 -0.0018 -0.3067 
154 -2.3064 -0.9422 1.9162 0.9499 0.0423 -0.0075 -0.3097 
155 -2.3042 -0.9277 1.9201 0.9495 0.0437 -0.002 -0.3106 
156 -2.3022 -0.917 1.923 0.9485 0.0443 0.0049 -0.3138 
157 -2.2974 -0.8913 1.9272 0.9483 0.0451 0.0042 -0.3142 
158 -2.2952 -0.88 1.9284 0.9482 0.0438 -0.003 -0.3146 
159 -2.2931 -0.8694 1.9301 0.9482 0.0451 -0.008 -0.3142 
160 -2.2901 -0.8553 1.9328 0.9466 0.0449 -0.0056 -0.3192 
161 -2.2876 -0.8455 1.9347 0.9466 0.0451 0.0001 -0.3193 
162 -2.2849 -0.8361 1.9362 0.9466 0.0447 0.0053 -0.3194 
163 -2.2819 -0.8231 1.9373 0.9453 0.045 0.0069 -0.3229 
164 -2.2797 -0.8129 1.937 0.9457 0.0446 0.0049 -0.3221 
165 -2.2751 -0.7904 1.9346 0.9451 0.0445 0.0023 -0.3236 
166 -2.2722 -0.7785 1.9325 0.9477 0.0454 0.0037 -0.3159 
167 -2.2701 -0.7703 1.9309 0.9476 0.0454 0.0051 -0.3162 
168 -2.2689 -0.7612 1.9299 0.9458 0.0437 0.0047 -0.3219 
169 -2.267 -0.7494 1.928 0.948 0.044 0.0024 -0.3153 
170 -2.2659 -0.7405 1.9268 0.9486 0.0456 0.0019 -0.3132 
171 -2.2648 -0.7288 1.9258 0.946 0.0425 0.0056 -0.3212 
172 -2.2646 -0.7203 1.9248 0.9482 0.0429 0.0066 -0.3147 
173 -2.265 -0.7115 1.9238 0.9486 0.0432 0.0058 -0.3134 
174 -2.2653 -0.6998 1.9228 0.9476 0.0441 0.005 -0.3165 
175 -2.2657 -0.6905 1.9216 0.949 0.0444 0.0039 -0.3122 
176 -2.2656 -0.6821 1.9206 0.9492 0.046 0.0033 -0.3112 
177 -2.2664 -0.6695 1.92 0.947 0.0437 0.0011 -0.3184 
178 -2.2665 -0.6603 1.9192 0.9481 0.0438 0.0005 -0.3149 
179 -2.2669 -0.6509 1.9184 0.9482 0.0444 -0.0006 -0.3147 
180 -2.2673 -0.6387 1.9176 0.948 0.0444 -0.0015 -0.3153 
181 -2.268 -0.629 1.9172 0.9485 0.0439 -0.0007 -0.3137 
182 -2.2682 -0.6197 1.9172 0.9477 0.044 0.0013 -0.316 
183 -2.2687 -0.6065 1.9165 0.9479 0.0435 0.0054 -0.3155 
184 -2.2694 -0.5963 1.9163 0.9487 0.0436 0.0035 -0.3132 
185 -2.2696 -0.5857 1.9166 0.9473 0.0436 -0.0015 -0.3172 
186 -2.2701 -0.5711 1.9172 0.9469 0.0388 0.0001 -0.3191 
187 -2.2702 -0.5608 1.9179 0.9482 0.0414 0.0039 -0.315 
188 -2.27 -0.5461 1.9197 0.9474 0.0385 0.0032 -0.3178 
189 -2.2706 -0.5345 1.9215 0.9471 0.034 0.0027 -0.3192 
190 -2.2712 -0.5228 1.9231 0.9469 0.0354 0.0043 -0.3195 
191 -2.2722 -0.5073 1.9252 0.9478 0.036 0.0041 -0.3167 
192 -2.2731 -0.4953 1.9269 0.948 0.0344 0.0027 -0.3165 
193 -2.2747 -0.4716 1.9304 0.9463 0.0355 0.0002 -0.3212 
194 -2.2748 -0.4598 1.9313 0.9475 0.0334 0.0046 -0.3179 
195 -2.2756 -0.4441 1.9329 0.9467 0.0323 0.0024 -0.3206 
196 -2.2763 -0.4329 1.9344 0.9457 0.0325 -0.0042 -0.3233 
197 -2.277 -0.422 1.9358 0.9462 0.0319 -0.005 -0.322 
198 -2.2775 -0.4082 1.9383 0.9455 0.0312 0.0006 -0.3241 
199 -2.2777 -0.3979 1.9396 0.9445 0.0307 0.003 -0.3271 
200 -2.2783 -0.3849 1.941 0.946 0.0317 0.0033 -0.3226 
201 -2.2784 -0.3752 1.9419 0.9452 0.0303 0.0021 -0.325 
202 -2.2786 -0.3657 1.9427 0.9446 0.0278 0.0005 -0.327 
203 -2.2787 -0.3531 1.9432 0.9446 0.0278 -0.0003 -0.3271 
204 -2.2792 -0.3436 1.9436 0.9441 0.0266 -0.0012 -0.3286 
205 -2.2792 -0.335 1.9437 0.9445 0.0261 -0.0003 -0.3274 
206 -2.28 -0.3232 1.9427 0.9444 0.0265 0.0043 -0.3278 
207 -2.2806 -0.3142 1.9408 0.9449 0.0264 0.005 -0.3261 
208 -2.2814 -0.3027 1.9381 0.946 0.0269 -0.0018 -0.3229 
209 -2.2821 -0.2941 1.9359 0.9459 0.0283 -0.0066 -0.3231 
210 -2.2828 -0.2854 1.9336 0.9465 0.028 -0.0093 -0.3214 
211 -2.2841 -0.2745 1.9318 0.9473 0.0293 -0.0087 -0.3188 
212 -2.2849 -0.2662 1.9307 0.9466 0.0304 -0.0069 -0.321 
213 -2.2859 -0.2579 1.9296 0.9478 0.0316 -0.0075 -0.3173 
214 -2.2871 -0.247 1.9287 0.948 0.0314 -0.0091 -0.3165 
215 -2.2878 -0.2387 1.9282 0.9465 0.0313 -0.0097 -0.3209 
216 -2.2885 -0.2301 1.9276 0.9466 0.0312 -0.0094 -0.3209 
217 -2.2889 -0.2191 1.9269 0.9478 0.0345 -0.0059 -0.317 
218 -2.2887 -0.2105 1.9266 0.9464 0.0335 -0.003 -0.3212 
219 -2.2882 -0.2017 1.926 0.9473 0.0327 -0.0026 -0.3186 
220 -2.2863 -0.1901 1.9251 0.9484 0.0319 0.0003 -0.3156 
221 -2.2852 -0.1814 1.9248 0.9478 0.0309 0.002 -0.3174 
222 -2.2841 -0.1725 1.924 0.948 0.03 0.0019 -0.3168 
223 -2.2831 -0.1599 1.9226 0.948 0.0301 0.0016 -0.3167 
224 -2.2824 -0.1506 1.9222 0.9476 0.0299 -0.0009 -0.3181 
225 -2.2824 -0.1409 1.9221 0.9468 0.031 -0.0039 -0.3203 
226 -2.2819 -0.1279 1.9219 0.946 0.0347 -0.0026 -0.3224 
227 -2.2812 -0.1172 1.922 0.9466 0.0332 -0.0013 -0.3208 
228 -2.2809 -0.0897 1.9244 0.9461 0.0337 -0.0113 -0.322 
229 -2.2801 -0.0675 1.9281 0.9478 0.0352 -0.009 -0.3168 
230 -2.2792 -0.0533 1.9312 0.9457 0.0349 -0.0062 -0.3231 
231 -2.2787 -0.0429 1.9331 0.9453 0.0346 -0.0081 -0.3242 
232 -2.2782 -0.0326 1.9343 0.9453 0.0352 -0.0082 -0.3241 
233 -2.2774 -0.0189 1.9356 0.9449 0.0344 -0.0092 -0.3254 
234 -2.2773 0.0053 1.938 0.9448 0.0368 -0.0114 -0.3255 
235 -2.2775 0.0154 1.9391 0.9443 0.0383 -0.0105 -0.3266 
236 -2.2766 0.0249 1.9395 0.9443 0.0385 -0.0069 -0.3266 
237 -2.2757 0.0368 1.9395 0.9446 0.0372 -0.004 -0.3261 
238 -2.2751 0.0459 1.9388 0.9453 0.0366 -0.0049 -0.324 
239 -2.2745 0.0549 1.9378 0.9448 0.0363 -0.0051 -0.3254 
240 -2.274 0.066 1.9367 0.9449 0.0362 -0.0081 -0.3253 
241 -2.2739 0.0744 1.9357 0.9454 0.036 -0.0076 -0.3238 
242 -2.2739 0.085 1.9345 0.9449 0.0374 -0.0044 -0.3252 
243 -2.2736 0.0956 1.9329 0.9458 0.0373 -0.0043 -0.3226 
244 -2.2737 0.1037 1.9317 0.9459 0.0385 -0.0056 -0.3221 
245 -2.2732 0.1112 1.9306 0.9462 0.0381 -0.0074 -0.3213 
246 -2.2728 0.1184 1.9298 0.9465 0.0364 -0.0086 -0.3205 
247 -2.2721 0.1274 1.929 0.9461 0.0351 -0.0037 -0.3219 
248 -2.2714 0.1344 1.928 0.9466 0.0366 0.0012 -0.3204 
249 -2.2705 0.1419 1.9265 0.9483 0.0362 0.0022 -0.3153 
250 -2.2692 0.1516 1.9255 0.9483 0.0349 -0.0018 -0.3155 
251 -2.2683 0.1588 1.9254 0.9475 0.0341 -0.0046 -0.3179 
252 -2.2673 0.1659 1.9252 0.9487 0.0337 -0.0039 -0.3143 
253 -2.266 0.1747 1.9254 0.9487 0.0329 0.0022 -0.3144 
254 -2.2655 0.1819 1.9255 0.9482 0.032 0.0072 -0.316 
255 -2.2651 0.1921 1.9239 0.9501 0.0331 0.0095 -0.3099 
256 -2.2653 0.2001 1.9226 0.9504 0.0325 0.0046 -0.3093 
257 -2.2654 0.2077 1.9219 0.9495 0.0306 -0.0013 -0.3124 
258 -2.2663 0.2182 1.9211 0.9495 0.0296 -0.0039 -0.3123 
259 -2.2669 0.2262 1.9209 0.9493 0.0306 -0.0007 -0.3128 
260 -2.2684 0.2457 1.9202 0.9493 0.0289 0.0037 -0.3129 
261 -2.2688 0.2634 1.9195 0.9491 0.0277 0.0013 -0.3138 
262 -2.2688 0.2726 1.9196 0.949 0.0254 0.0015 -0.3142 
263 -2.2684 0.2819 1.9199 0.9486 0.0219 0.0023 -0.3158 
264 -2.2682 0.2957 1.921 0.9477 0.0208 0.003 -0.3184 
265 -2.2677 0.3061 1.9216 0.9488 0.0189 0.0035 -0.3152 
266 -2.2669 0.3165 1.9226 0.9493 0.0175 0.0069 -0.3137 
267 -2.2665 0.331 1.9241 0.9481 0.0145 0.0085 -0.3176 
268 -2.2662 0.3416 1.9249 0.9496 0.014 0.0045 -0.313 
269 -2.2655 0.3555 1.927 0.9494 0.0111 0.0001 -0.3138 
270 -2.2649 0.366 1.9293 0.9475 0.0074 0.0031 -0.3196 
271 -2.2648 0.3767 1.9309 0.9476 0.0072 0.0061 -0.3193 
272 -2.2646 0.3904 1.9327 0.9492 0.0095 0.0051 -0.3146 
273 -2.2642 0.4007 1.9345 0.948 0.008 0.0009 -0.318 
274 -2.2637 0.4102 1.9366 0.9475 0.0062 -0.0011 -0.3196 
275 -2.2636 0.4222 1.9395 0.9464 0.0076 0.0019 -0.3229 
276 -2.2638 0.4311 1.9416 0.9456 0.0084 0.0054 -0.3251 
277 -2.2647 0.4419 1.9435 0.9459 0.009 0.0086 -0.3241 
278 -2.2666 0.4592 1.945 0.9441 0.0071 0.0029 -0.3296 
279 -2.2694 0.4706 1.9461 0.9447 0.0123 -0.0048 -0.3276 
280 -2.2714 0.4788 1.947 0.9436 0.0137 0.0011 -0.3309 
281 -2.2732 0.4875 1.9472 0.943 0.0142 0.0117 -0.3322 
282 -2.2753 0.4989 1.9462 0.9452 0.0156 0.0137 -0.3259 
283 -2.2775 0.5084 1.9451 0.9443 0.0182 0.0057 -0.3286 
284 -2.2789 0.5176 1.943 0.9442 0.0185 -0.0 -0.3288 
285 -2.2803 0.5288 1.9409 0.9453 0.0175 0.001 -0.3258 
286 -2.2814 0.5373 1.9395 0.9442 0.0177 0.0051 -0.3289 
287 -2.2827 0.5456 1.9377 0.9452 0.0198 0.0069 -0.3258 
288 -2.2837 0.5572 1.9335 0.9478 0.0214 0.0086 -0.3179 
289 -2.2842 0.5651 1.9311 0.9485 0.0206 0.0042 -0.3161 
290 -2.2842 0.5756 1.9274 0.9479 0.0199 -0.0012 -0.3179 
291 -2.2847 0.5832 1.9246 0.9497 0.0197 0.0 -0.3126 
292 -2.2852 0.5905 1.9223 0.9503 0.0215 0.0021 -0.3107 
293 -2.2858 0.5977 1.9207 0.9504 0.0223 0.0016 -0.3102 
294 -2.2871 0.6075 1.9176 0.9515 0.0216 -0.0016 -0.3068 
295 -2.2884 0.6148 1.9161 0.9515 0.0233 -0.0064 -0.3066 
296 -2.2907 0.6222 1.9155 0.9517 0.0253 -0.0101 -0.3058 
297 -2.2928 0.6313 1.9146 0.9521 0.0285 -0.0042 -0.3043 
298 -2.2944 0.6383 1.9135 0.9522 0.0301 0.0007 -0.304 
299 -2.2966 0.6453 1.9123 0.9526 0.0323 -0.0009 -0.3026 
300 -2.2997 0.655 1.9103 0.9529 0.0338 -0.0084 -0.3013 
301 -2.3011 0.6623 1.9093 0.9532 0.0352 -0.0066 -0.3003 
302 -2.3029 0.67 1.9078 0.9532 0.037 -0.0038 -0.3001 
303 -2.3052 0.6804 1.9064 0.9536 0.039 -0.0035 -0.2986 
304 -2.3063 0.6882 1.9046 0.9542 0.0407 -0.0028 -0.2965 
305 -2.3088 0.6998 1.9016 0.9548 0.0423 -0.0045 -0.2941 
306 -2.3106 0.708 1.9002 0.9553 0.0439 -0.0074 -0.2923 
307 -2.312 0.7166 1.8994 0.9552 0.0472 -0.009 -0.2921 
308 -2.3138 0.7278 1.899 0.955 0.0476 -0.0066 -0.2927 
309 -2.3155 0.7364 1.8995 0.954 0.0474 -0.0071 -0.2961 
310 -2.3174 0.7454 1.9008 0.9539 0.0499 -0.0055 -0.2959 
311 -2.3193 0.7578 1.9024 0.9546 0.0538 -0.0074 -0.2928 
312 -2.3205 0.7677 1.9044 0.9543 0.0551 -0.0089 -0.2935 
313 -2.3221 0.7803 1.9075 0.9534 0.0561 -0.0072 -0.2962 
314 -2.3233 0.7899 1.909 0.9538 0.0585 -0.0041 -0.2947 
315 -2.3244 0.7995 1.9099 0.9538 0.0615 -0.0011 -0.2942 
316 -2.3257 0.8125 1.9097 0.9542 0.0617 -0.0008 -0.2927 
317 -2.3269 0.8227 1.9091 0.9547 0.063 -0.0047 -0.2906 
318 -2.328 0.8333 1.9082 0.9554 0.0643 -0.0071 -0.2881 
319 -2.3296 0.8477 1.9063 0.9555 0.0669 -0.0058 -0.2874 
320 -2.3311 0.8586 1.905 0.9568 0.0691 -0.0028 -0.2825 
321 -2.3318 0.8693 1.9031 0.9569 0.0707 -0.0034 -0.2815 
322 -2.3323 0.8835 1.9006 0.9574 0.0727 -0.0063 -0.2794 
323 -2.332 0.8935 1.8994 0.9582 0.0716 -0.0061 -0.277 
324 -2.3317 0.9107 1.8968 0.9578 0.0733 -0.0045 -0.2778 
325 -2.331 0.9269 1.8944 0.9586 0.0746 -0.0048 -0.2749 
326 -2.3307 0.9361 1.893 0.9592 0.0745 -0.0052 -0.2726 
327 -2.33 0.9482 1.8914 0.9593 0.0746 -0.0066 -0.2723 
328 -2.3303 0.9602 1.8893 0.9594 0.077 -0.0062 -0.2712 
329 -2.3298 0.9772 1.8859 0.9603 0.0773 -0.005 -0.2681 
330 -2.3296 0.9858 1.884 0.9601 0.0774 -0.0069 -0.2688 
331 -2.3296 0.9974 1.8814 0.9603 0.0801 -0.0107 -0.267 
332 -2.3292 1.0055 1.88 0.9612 0.0799 -0.0119 -0.2636 
333 -2.3284 1.0133 1.8791 0.9615 0.0799 -0.0115 -0.2628 
334 -2.3279 1.0212 1.8783 0.9609 0.0796 -0.0103 -0.2651 
335 -2.327 1.0313 1.8767 0.9621 0.0803 -0.0075 -0.2604 
336 -2.3261 1.0391 1.8756 0.9625 0.0804 -0.0091 -0.259 
337 -2.3254 1.0467 1.8751 0.9621 0.0771 -0.0119 -0.2613 
338 -2.3254 1.0574 1.8741 0.9616 0.0783 -0.013 -0.2628 
339 -2.326 1.0653 1.873 0.9628 0.0811 -0.0119 -0.2577 
340 -2.3266 1.0766 1.8721 0.9629 0.0799 -0.0105 -0.2575 
341 -2.3272 1.0851 1.8714 0.9625 0.0809 -0.0122 -0.2586 
342 -2.3279 1.0938 1.8708 0.963 0.0813 -0.0132 -0.2566 
343 -2.3281 1.1057 1.8696 0.9632 0.0811 -0.0127 -0.2558 
344 -2.3277 1.1149 1.8693 0.9632 0.0794 -0.014 -0.2566 
345 -2.3279 1.1243 1.8697 0.9624 0.0793 -0.0167 -0.2592 
346 -2.3272 1.1368 1.8704 0.9626 0.0783 -0.015 -0.2591 
347 -2.3262 1.1464 1.8711 0.9622 0.0758 -0.0102 -0.2613 
348 -2.3255 1.1603 1.8724 0.9615 0.0737 -0.0079 -0.2646 
349 -2.3249 1.1712 1.873 0.9617 0.0734 -0.0104 -0.2639 
350 -2.3242 1.1824 1.8738 0.9616 0.0706 -0.0091 -0.2649 
351 -2.3232 1.1979 1.8752 0.9609 0.0646 -0.0021 -0.2692 
352 -2.323 1.2103 1.876 0.9612 0.064 0.0001 -0.2684 
353 -2.3231 1.2235 1.8759 0.9615 0.0636 0.0004 -0.2672 
354 -2.3233 1.2416 1.8768 0.9622 0.0598 -0.0034 -0.2655 
355 -2.3237 1.2553 1.8778 0.962 0.0583 -0.0082 -0.2666 
356 -2.3242 1.2689 1.8792 0.9614 0.0578 -0.0088 -0.2688 
357 -2.3247 1.3005 1.8828 0.9617 0.0559 -0.0038 -0.2684 
358 -2.325 1.3136 1.8846 0.9609 0.0547 -0.0023 -0.2714 
359 -2.3251 1.3309 1.8861 0.9607 0.0531 0.0015 -0.2723 
360 -2.325 1.3438 1.8866 0.9614 0.0524 0.003 -0.2701 
361 -2.3248 1.3721 1.8887 0.9604 0.0481 -0.0059 -0.2743 
362 -2.3247 1.3837 1.8899 0.96 0.0471 -0.0025 -0.2761 
363 -2.3247 1.3949 1.8908 0.959 0.0466 0.0026 -0.2795 
364 -2.3243 1.4092 1.8918 0.9592 0.0463 0.002 -0.2788 
365 -2.3237 1.4197 1.8922 0.959 0.0443 -0.0011 -0.2798 
366 -2.3231 1.4301 1.8928 0.9592 0.0412 -0.0037 -0.2798 
367 -2.3219 1.4437 1.8938 0.9595 0.04 -0.0077 -0.2788 
368 -2.3212 1.4538 1.8949 0.9591 0.0398 -0.0065 -0.2803 
369 -2.3201 1.464 1.8951 0.9587 0.0395 -0.0023 -0.2817 
370 -2.318 1.4773 1.8946 0.9602 0.0373 -0.0001 -0.277 
371 -2.3164 1.487 1.8937 0.9598 0.0363 -0.0041 -0.2784 
372 -2.3147 1.4968 1.8929 0.9592 0.0346 -0.0081 -0.2804 
373 -2.3122 1.5094 1.8908 0.9608 0.0326 -0.0045 -0.2751 
374 -2.3104 1.5186 1.8901 0.9614 0.0323 -0.0036 -0.2733 
375 -2.308 1.531 1.8897 0.9598 0.03 -0.0054 -0.279 
376 -2.3059 1.5404 1.8892 0.9606 0.0279 -0.0038 -0.2765 
377 -2.304 1.5498 1.8887 0.9615 0.0281 -0.0026 -0.2732 
378 -2.3019 1.5626 1.889 0.9603 0.026 -0.0049 -0.2778 
379 -2.3003 1.5726 1.8889 0.9605 0.0267 -0.0052 -0.2768 
380 -2.2982 1.5827 1.8885 0.9611 0.0274 -0.0031 -0.2747 
381 -2.2953 1.596 1.8877 0.9608 0.0255 -0.0008 -0.2762 
382 -2.2933 1.6066 1.8866 0.961 0.026 -0.0044 -0.2754 
383 -2.2911 1.6208 1.8848 0.9609 0.0268 -0.0092 -0.2753 
384 -2.2894 1.6314 1.883 0.9611 0.0261 -0.0086 -0.275 
385 -2.2876 1.6418 1.8816 0.9619 0.0267 -0.0067 -0.2719 
386 -2.2851 1.6555 1.8805 0.9614 0.0267 -0.0036 -0.2738 
387 -2.2834 1.6656 1.8803 0.9613 0.0269 -0.0014 -0.2741 
388 -2.2812 1.6756 1.8804 0.9614 0.0263 0.0 -0.2737 
389 -2.2788 1.6893 1.8813 0.9606 0.0248 0.0028 -0.2769 
390 -2.2771 1.6999 1.8825 0.9602 0.0253 0.0029 -0.2781 
391 -2.2753 1.7114 1.8841 0.96 0.0241 0.0019 -0.2791 
392 -2.2735 1.7275 1.8868 0.9606 0.0238 -0.0012 -0.2769 
393 -2.2731 1.7393 1.8898 0.9603 0.0297 -0.0042 -0.2773 
394 -2.2723 1.7506 1.8925 0.96 0.0325 0.0004 -0.2783 
395 -2.2706 1.7651 1.8954 0.9602 0.0315 0.0135 -0.2773 
396 -2.2694 1.7759 1.8969 0.9598 0.0331 0.019 -0.278 
397 -2.2687 1.7873 1.8969 0.9591 0.0344 0.0174 -0.2804 
398 -2.2681 1.8026 1.8952 0.961 0.037 0.0117 -0.2738 
399 -2.2678 1.8139 1.8937 0.9617 0.0392 0.0084 -0.2712 
400 -2.2676 1.8248 1.8925 0.9614 0.0408 0.006 -0.2719 
401 -2.2666 1.8385 1.8908 0.9622 0.0434 0.0071 -0.2686 
402 -2.2659 1.848 1.8901 0.962 0.0434 0.0083 -0.2696 
403 -2.265 1.8578 1.8892 0.9614 0.0438 0.0074 -0.2716 
404 -2.2633 1.8693 1.8884 0.9629 0.0455 0.0042 -0.2661 
405 -2.2615 1.8775 1.8888 0.9625 0.0432 0.0021 -0.2678 
406 -2.2599 1.8852 1.8898 0.9612 0.0401 0.0017 -0.273 
407 -2.2581 1.895 1.8907 0.9611 0.0412 0.0084 -0.2731 
408 -2.2568 1.9026 1.8903 0.9614 0.0418 0.0146 -0.2715 
409 -2.2556 1.9101 1.8895 0.9627 0.042 0.0137 -0.2668 
410 -2.2532 1.9196 1.8884 0.9619 0.041 0.0043 -0.2701 
411 -2.2497 1.9346 1.8851 0.9631 0.0374 0.0045 -0.2666 
412 -2.2491 1.9404 1.8846 0.9625 0.0378 0.004 -0.2685 
413 -2.2486 1.9461 1.8839 0.9612 0.0369 0.0048 -0.2735 
414 -2.2484 1.9534 1.8813 0.9631 0.0389 0.0073 -0.2661 
415 -2.2483 1.9589 1.8798 0.9638 0.0391 0.0063 -0.2637 
416 -2.2491 1.966 1.8786 0.9628 0.0396 -0.0002 -0.2673 
417 -2.2503 1.9711 1.8778 0.9631 0.042 -0.0018 -0.2658 
418 -2.2513 1.9757 1.8771 0.9636 0.0439 0.0021 -0.2637 
419 -2.2526 1.9809 1.8763 0.9636 0.0445 0.0063 -0.2635 
420 -2.2537 1.9846 1.8753 0.9637 0.0463 0.005 -0.2629 
421 -2.2548 1.9879 1.8744 0.9635 0.0475 0.0018 -0.2633 
422 -2.256 1.9919 1.8729 0.9636 0.048 0.0001 -0.2628 
423 -2.257 1.9942 1.8718 0.964 0.0487 0.0014 -0.2613 
424 -2.2578 1.9962 1.8707 0.9639 0.0499 0.0017 -0.2614 
425 -2.2589 1.9985 1.8694 0.964 0.05 0.0002 -0.2613 
426 -2.2607 2.0008 1.8674 0.9645 0.0514 -0.0001 -0.259 
427 -2.262 2.0016 1.8668 0.9643 0.053 -0.0005 -0.2594 
428 -2.2635 2.0018 1.8669 0.9648 0.0526 -0.0001 -0.2575 
429 -2.2647 2.0016 1.8682 0.9638 0.0529 0.0018 -0.2612 
430 -2.2655 2.0013 1.8688 0.9643 0.053 0.0029 -0.2596 
431 -2.2663 2.001 1.8695 0.9646 0.0538 0.0034 -0.258 
432 -2.2672 2.0003 1.8711 0.963 0.0537 0.0036 -0.2639 
433 -2.2679 2.0001 1.8721 0.963 0.0532 0.0039 -0.2643 
434 -2.2686 1.9998 1.8728 0.964 0.0544 0.0048 -0.2604 
435 -2.2695 1.9994 1.8749 0.963 0.0554 0.0046 -0.2638 
436 -2.2696 1.999 1.8761 0.9625 0.0548 0.0041 -0.2658 
437 -2.2695 1.9974 1.8787 0.9625 0.0547 0.007 -0.2656 
438 -2.2694 1.9968 1.8793 0.9621 0.0542 0.0072 -0.2673 
439 -2.2691 1.9962 1.8794 0.963 0.0548 0.0076 -0.2636 
440 -2.2684 1.9953 1.8798 0.9627 0.055 0.0049 -0.2649 
441 -2.2677 1.9946 1.8802 0.9621 0.0534 0.0032 -0.2674 
442 -2.267 1.9942 1.8799 0.9626 0.0532 0.0034 -0.2657 
443 -2.2662 1.9939 1.8798 0.9627 0.0534 0.0028 -0.2654 
