0 -3.195999 0.369297 -0.028091 -3.713928 -0.288184 0.010176
1 -3.749002 1.073616 -0.02531 -1.993435 -0.59731 -0.021728
2 -2.214965 -0.344726 -0.006964 -1.720949 0.242926 -0.035709
3 -1.469907 0.008048 -0.026857 -1.976714 -0.591804 0.023548
4 -2.825162 -1.160603 -0.001108 -3.744116 -0.341798 -0.027476
5 -1.297907 -1.335094 -0.021926 -3.140317 0.347863 0.023645
6 -2.180938 -0.614622 -0.01917 -1.351572 -1.339532 0.033708
7 -2.123397 -0.701912 -0.020823 -2.623787 -1.286827 0.002753
8 -2.715836 -1.235806 -0.004019 -2.120256 -1.704946 0.003882
9 -3.795156 1.147534 -0.102516 -2.234984 -0.457107 -0.002517
10 -2.805029 -0.866286 0.016852 -2.391286 -0.39975 -0.036186
11 -3.198272 1.693939 -0.039168 -1.460814 0.050375 0.004925
12 -2.345234 0.81146 -0.013808 -2.878842 0.171146 0.024632
13 -2.236351 -0.474904 7.2e-05 -2.875179 0.228513 -0.092792
14 -2.212914 -0.3419 0.006202 -1.7271 0.226445 0.014873
15 -2.969607 1.614558 -0.080174 -1.472878 0.028813 -0.002995
16 -2.021429 -0.580817 0.004451 -3.138457 0.356383 -0.009069
17 -2.908946 0.269732 -0.00261 -2.358184 0.858657 -0.007793
18 -2.875355 0.182238 -0.006457 -2.332133 0.813186 -0.010814
19 -2.92909 0.254119 0.028708 -3.727716 1.007216 0.004566
20 -2.067755 -0.497308 -0.005103 -1.588008 0.110915 0.0097
21 -2.768609 -1.152485 0.020061 -2.517083 -0.838188 0.008305
22 -2.960168 1.569192 -0.029109 -1.742863 0.279801 0.018957
23 -2.653817 0.048488 0.000661 -2.171723 0.650128 -0.077904
24 -2.007778 0.627276 0.010137 -1.423159 1.275599 0.013552
25 -2.325171 2.256297 -0.055235 -1.505137 1.344086 0.007786
26 -2.296409 0.76255 -0.024937 -2.767853 0.155436 0.006348
27 -2.693638 0.241719 0.004448 -2.253801 0.745201 -0.003607
28 -2.186986 0.650838 -0.024722 -2.657314 0.04523 -0.000407
29 -2.457262 0.044051 -0.005987 -2.064735 0.534735 -0.009109
30 -2.908621 -0.516655 0.022046 -2.62395 -0.183923 -0.010959
31 -2.317589 0.796602 -0.003948 -1.458453 0.056812 -0.018505
32 -1.522616 1.326117 0.030108 -2.293142 2.191158 0.007566
33 -3.233365 1.662111 -0.018022 -3.727601 1.084552 0.015103
34 -1.608132 0.252883 -0.029725 -2.00773 0.603552 -0.018385
35 -3.18903 1.67239 -0.061962 -2.398726 0.881721 0.011293
36 -1.953071 1.79895 -0.062274 -2.558126 1.159447 0.023131
37 -1.921203 1.77679 -0.019884 -2.563491 1.15069 0.021595
38 -2.603297 1.057067 -0.039918 -3.062286 0.52808 0.015249
39 -2.349234 2.256104 -0.073824 -2.949787 1.587762 0.016241
40 -2.931595 0.411324 0.010561 -2.488854 0.94069 -0.017708
41 -1.379968 1.250625 0.024074 -1.024579 0.911063 0.008189
42 -3.174335 1.634727 -0.037251 -2.388244 0.866286 0.01994
43 -3.167818 0.684127 0.025797 -2.739735 1.173746 -0.004797
44 -2.95369 1.593636 0.007691 -2.365315 2.221818 -0.036777
45 -1.857109 0.690069 -0.011193 -1.537367 0.376993 0.021273
46 -3.162197 1.582937 -0.020248 -3.569236 1.153578 -0.011264
47 -2.140492 0.564919 -0.026423 -2.424818 0.232274 0.014569
48 -3.682585 1.081862 0.039273 -3.227467 1.605263 0.007548
49 -1.626327 0.906794 0.021289 -1.336029 0.661278 0.002283
50 -2.9342 1.560597 -0.044845 -2.407418 2.056673 -0.019673
51 -2.226309 2.087737 -0.007236 -2.841429 1.451724 0.010332
52 -2.838393 1.454856 0.006091 -2.217794 2.065857 -0.018975
53 -2.924244 1.5243 0.012681 -2.415884 2.042717 -0.019289
54 -3.433307 1.253232 0.027313 -3.155925 1.564053 0.00659
55 -3.158082 1.605748 0.020865 -2.465967 0.935444 0.029649
56 -2.954767 1.589907 0.028757 -2.361529 2.173711 0.007702
57 -3.339022 1.169288 -0.00558 -3.046392 1.454562 0.022298
58 -2.644307 4.063585 -0.004129 -3.327272 4.054141 -0.017203
59 -1.308721 3.030996 0.012262 -1.513653 3.631166 -0.02226
