0 -2.857647 -0.529679 -0.017057
1 -2.558084 -0.708873 -0.037117
2 -2.07707 -0.859606 -0.014084
3 -2.857455 -0.649682 -0.015278
4 -2.047803 -0.589472 -0.013666
5 -2.887541 -0.588878 -0.039801
6 -2.257284 -0.769796 -0.012641
7 -2.047228 -0.949512 -0.012904
8 -2.497456 -0.830522 -0.015212
9 -2.647387 0.281231 -0.045091
10 -2.88749 -0.618575 -0.03984
11 -2.077101 -1.039074 -0.014456
12 -1.507769 -1.309402 0.009011
13 -1.717906 -0.589605 -0.01212
14 -1.566385 0.220145 -0.010764
15 -3.547183 1.000106 -0.01159
16 -1.479848 0.040793 0.011262
17 -1.83779 1.032113 -0.040577
18 -2.228075 -0.559846 -0.035548
19 -2.887344 0.279873 -0.012915
20 -3.067141 -0.559178 -0.040519
21 -1.807269 1.090463 -0.041766
22 -2.167403 -1.159144 -0.01087
23 -2.707486 0.281053 -0.069676
24 -3.127166 0.520629 -0.043347
25 -2.227754 0.971915 -0.072751
26 -1.3274 -0.349214 -0.008432
27 -1.477176 -0.16865 -0.035315
28 -1.927169 -0.409322 -0.013378
29 -2.885251 0.189975 -0.069906
30 -2.10729 -0.859461 -0.013275
31 -2.01784 -1.489218 -0.008548
32 -2.466898 -0.76939 -0.016167
33 -2.767052 -1.128883 -0.013227
34 -2.01755 -0.949379 -0.01322
35 -2.196724 0.940351 -0.04189
36 -1.687576 -0.468737 -0.012864
37 -2.227215 0.939317 -0.04239
38 -1.447401 -0.559474 -0.00846
39 -1.267525 0.61089 -0.010268
40 -2.287626 -0.769325 -0.012682
41 -2.436105 -0.858476 -0.015088
42 -2.077121 -0.829237 -0.015557
43 -2.527751 -0.708765 -0.015514
44 -2.407523 -1.249279 -0.011629
45 -2.077219 -0.91957 -0.013064
46 -2.228056 -0.590041 -0.013703
47 -2.167114 -0.59066 0.00614
48 -2.078038 -0.079307 -0.037897
49 -2.917109 0.311467 -0.04354
50 -2.887424 -0.649373 -0.016209
51 -2.197172 -0.979454 -0.012905
52 -2.857471 -0.559653 -0.017582
53 -2.707399 0.250506 -0.044733
54 -2.377021 -1.219504 -0.013679
55 -2.887722 -0.5896 -0.017064
56 -2.317123 0.851129 -0.040771
57 -2.168692 0.760994 -0.042474
58 -2.739228 -1.219675 -0.01227
59 -2.977052 0.311606 -0.068067
60 -2.407533 -1.219399 -0.01281
61 -2.287962 -1.278952 -0.009172
62 -2.887764 -1.158232 -0.012005
63 -1.50715 0.009977 -0.010999
64 -1.956771 -0.529766 -0.014474
65 -2.346925 -1.279272 -0.014233
66 -2.467305 -0.73953 -0.017158
67 -2.018117 -0.588604 -0.013658
68 -2.888242 0.159797 -0.043823
69 -2.857668 -0.619315 -0.039571
70 -2.107681 -0.856681 -0.035884
71 -2.228478 -0.529957 -0.012101
72 -3.067197 0.581714 -0.070253
73 -2.52739 -0.829486 -0.014535
74 -2.888488 -0.649596 -0.03975
75 -1.627614 0.220137 -0.010507
76 -2.467035 -0.767827 -0.03651
77 -1.956341 -0.58854 -0.01459
78 -1.417394 -0.528935 -0.008517
79 -2.017337 -0.889342 -0.011236
80 -1.477023 -0.589339 0.012205
81 -1.299573 0.553392 0.012588
82 -2.917469 0.340829 -0.069957
83 -1.868208 1.000882 -0.012258
84 -2.047265 0.82185 -0.069569
85 -2.077874 -0.830149 -0.033741
86 -1.477892 0.071588 -0.010178
87 -2.317438 -1.098825 -0.012287
88 -1.506953 -0.61865 -0.008854
89 -1.387838 0.129671 0.013521
90 -2.227272 0.910269 -0.042621
91 -2.257833 -0.469314 -0.013646
92 -2.887049 -0.529295 -0.038781
93 -2.467228 -0.739457 -0.036879
94 -1.686712 -0.557531 -0.037153
95 -2.917239 0.221411 -0.068611
96 -2.167517 -0.349234 -0.012796
97 -2.619813 -1.069464 -0.012483
98 -2.526771 -0.707647 -0.038275
99 -2.197389 -0.440114 -0.036182
100 -2.376878 -1.221334 -0.033422
101 -2.435142 -0.85909 -0.038194
102 -2.225646 -0.437827 -0.035969
103 -2.49697 -1.279107 -0.011007
104 -2.167047 -0.557284 -0.035833
105 -1.956436 -0.587302 -0.038008
106 -1.448295 0.100028 -0.036842
107 -1.807896 1.061049 -0.04099
108 -1.597646 -0.617299 -0.036038
109 -1.808517 1.03276 -0.040707
110 -2.01701 0.700719 -0.068198
111 -2.016728 -0.925602 -0.033599
112 -2.528836 -0.799345 -0.0367
113 -2.557367 -0.709178 -0.016075
114 -2.078413 -1.040076 -0.032712
115 -2.257813 -0.439663 -0.013235
116 -2.497382 -0.799866 -0.012925
117 -1.98738 0.670092 -0.042208
118 -2.917584 0.220733 -0.043618
119 -2.077821 -0.856254 -0.033791
120 -2.016846 0.641431 -0.040929
121 -1.626134 0.251904 -0.03813
122 -2.257382 -0.799428 -0.011651
123 -2.706892 -1.187839 -0.011249
124 -2.196735 -0.955158 -0.032559
125 -1.927286 -0.379278 -0.013618
126 -2.049274 -0.921883 -0.033125
127 -2.047578 0.580268 -0.011435
128 -1.388156 0.129994 -0.009504
129 -2.04717 -0.979471 -0.013051
130 -2.315868 0.881189 -0.071816
131 -2.258063 -0.438714 -0.034985
132 -1.44642 0.010327 -0.010641
133 -2.857182 -0.528855 -0.040328
134 -1.6878 -0.557839 -0.012597
135 -2.167435 -0.979093 -0.011247
136 -1.807819 1.031198 -0.012591
137 -1.267926 0.582119 -0.011269
138 -2.377587 1.121704 -0.072873
139 -2.228329 -0.469207 -0.013102
140 -2.196713 0.910957 -0.042699
141 -2.346879 1.089481 -0.040724
142 -1.838768 1.000621 -0.039559
143 -2.378039 0.942046 -0.072404
144 -2.527844 -0.829358 -0.035626
145 -1.986203 0.641205 -0.040952
146 -2.557533 -0.739211 -0.014764
147 -2.528663 -0.739026 -0.013459
148 -1.507459 -0.019667 -0.010896
149 -2.887451 0.190666 -0.011142
150 -2.677052 0.251362 -0.043759
151 -2.018277 0.640733 -0.013112
152 -2.048583 0.610433 -0.042508
153 -2.076394 1.211181 -0.040115
154 -1.95706 -0.619958 -0.013908
155 -1.957603 -0.559683 -0.036826
156 -1.83751 0.999176 0.010938
157 -1.986703 0.610653 -0.042766
158 -2.977171 0.312092 -0.044369
159 -3.066562 0.610352 -0.070925
160 -1.597415 0.253711 -0.038923
161 -2.917364 0.311659 -0.069774
162 -2.047607 0.821255 -0.04334
163 -2.04744 0.790757 -0.041262
164 -2.196584 -0.438585 -0.015848
165 -2.16709 -0.59006 -0.011742
166 -1.387568 0.162013 -0.01035
167 -2.017725 0.670131 -0.041596
168 -2.047088 -0.918932 -0.0136
169 -1.866864 0.969892 0.007605
170 -2.017016 0.611092 -0.041719
171 -2.167642 1.239241 -0.041699
172 -2.077165 -0.079928 -0.011824
173 -1.447751 -0.559554 0.01175
174 -2.707234 -1.189154 0.011434
175 -1.35762 0.490558 0.012511
176 -1.836659 0.970424 0.009541
177 -2.316654 0.820128 -0.012976
178 -2.856761 0.221212 -0.044416
179 -2.677074 0.160626 -0.013019
180 -1.479307 -0.199351 -0.011839
181 -2.196829 0.941563 -0.071012
182 -1.328934 0.489944 -0.008089
183 -1.956583 -0.558922 -0.014966
184 -2.168028 0.730835 -0.040888
185 -2.706893 0.220568 -0.013905
186 -2.078412 -0.858335 0.005752
187 -2.379469 0.851572 -0.043495
188 -1.508445 1.361577 -0.011137
189 -2.887001 -0.619845 -0.016267
190 -2.377524 1.090322 -0.040978
191 -2.377298 0.910171 -0.040593
192 -2.887728 0.222036 -0.044006
193 -1.507377 -0.01931 0.010479
194 -1.478666 -0.229881 -0.012218
195 -1.867665 1.001429 -0.039631
196 -2.377019 1.060045 -0.041338
197 -2.167565 0.76028 -0.068802
198 -2.167384 -0.619488 -0.012856
199 -1.867462 0.970637 -0.012224
200 -1.986081 0.610576 -0.013073
201 -2.16841 1.210313 -0.043417
202 -2.167811 1.210785 -0.01163
203 -3.097575 0.519942 -0.043724
204 -2.347189 1.059683 -0.041541
205 -1.837678 0.97006 -0.011378
206 -2.377518 0.880577 -0.040653
207 -1.839423 0.99983 -0.011728
208 -2.677485 0.191183 -0.044548
209 -1.988352 0.699882 -0.068258
210 -1.387155 0.10046 0.012604
211 -1.537549 1.360652 -0.010394
212 -2.316427 0.820696 -0.041463
213 -1.717062 -0.58969 0.00997
214 -2.887262 0.190411 -0.04407
215 -2.227443 -0.438863 -0.013685
216 -1.415977 -0.230726 -0.011213
217 -1.32798 0.489617 0.01302
218 -2.166481 -0.55937 -0.012847
219 -1.777518 1.061063 -0.040338
220 -1.328876 0.521735 -0.010933
221 -1.477266 -0.019358 0.011652
222 -1.507858 -0.649543 0.012584
223 -2.048444 0.610975 -0.010765
224 -2.046547 0.760921 -0.012196
225 -2.197326 0.971083 -0.072947
226 -2.017465 -0.139365 -0.012671
227 -2.857396 0.131181 -0.012788
228 -3.097482 0.490875 -0.010981
229 -2.228038 -0.559499 -0.013687
230 -1.985936 0.640923 -0.013733
231 -2.677092 0.220747 -0.012192
232 -1.897501 -0.439404 -0.011285
233 -1.41647 -0.229822 0.010986
234 -2.347156 1.030568 -0.013889
235 -1.538805 0.252476 -0.036925
236 -1.897226 0.970706 -0.011451
237 -1.329694 0.52126 0.013432
238 -2.22748 0.880793 -0.01061
239 -2.377613 0.789548 -0.012795
240 -2.047822 -0.078286 -0.037158
241 -2.377662 0.820143 -0.01219
242 -1.808025 1.061556 -0.011934
243 -1.925582 -0.408929 0.006007
244 -1.62738 0.251686 -0.011927
245 -1.806805 1.030542 0.0123
246 -1.268693 0.582151 0.013882
247 -1.986698 0.580412 -0.012587
248 -2.378201 0.820066 -0.041888
249 -2.017281 0.579617 -0.012173
250 -3.03672 0.580886 -0.043628
251 -1.236775 0.58185 -0.010698
252 -1.477714 -0.229633 0.013026
253 -1.778189 1.090866 -0.041066
254 -2.197072 0.880565 -0.012327
255 -2.947717 0.279972 -0.011395
256 -1.627649 0.190589 0.011141
257 -2.857346 -0.558812 0.01436
258 -2.198042 0.880217 0.007194
259 -1.567138 0.220067 0.01302
260 -1.478898 0.010096 -0.010608
261 -2.197355 0.910119 -0.011579
262 -2.316747 0.850752 -0.015088
263 -1.627543 -0.649968 0.012771
264 -2.346201 0.881348 -0.041483
265 -1.628357 0.220337 0.010837
266 -1.356072 0.130166 -0.008559
267 -2.647545 0.250524 -0.012961
268 -1.8076 1.330427 -0.01069
269 -2.167966 1.270998 -0.043108
270 -2.047302 -0.080019 -0.012386
271 -3.037605 0.550502 -0.012862
272 -2.167564 0.700207 -0.012071
273 -2.9173 0.28012 -0.010848
274 -3.03787 0.520521 -0.013457
275 -2.887486 0.160445 -0.012544
276 -2.347194 1.091218 -0.013359
277 -2.017495 0.671575 -0.013467
278 -2.345906 0.850834 -0.013268
279 -2.018026 0.610725 -0.01239
280 -2.167659 0.730969 -0.011523
281 -2.227578 -0.528998 0.006931
282 -2.377331 0.881915 -0.013486
283 -2.017507 0.580358 0.008502
284 -2.316913 0.790421 -0.013874
285 -2.017518 1.150608 -0.041533
286 -2.07724 1.180824 -0.010279
287 -1.838812 1.032265 -0.013123
288 -1.775664 1.030266 -0.011421
289 -2.377312 1.061073 -0.014353
290 -1.538631 1.300417 -0.01121
291 -2.137238 1.27074 -0.042476
292 -1.507939 1.301167 -0.010737
293 -2.347591 1.060654 -0.014657
294 -2.346986 1.119619 -0.041159
295 -1.77703 1.420157 -0.010509
296 -2.167617 0.700768 0.006923
297 -1.4172 -0.529481 0.010955
298 -1.508275 1.300158 -0.040568
299 -1.987785 0.580297 0.008068
300 -2.046987 0.790766 -0.011946
301 -1.778149 1.450504 -0.039329
302 -1.479001 0.070785 0.010854
303 -2.856435 0.12998 0.012733
304 -1.776625 1.061516 -0.012123
305 -1.80782 1.39134 -0.01109
306 -2.97733 0.280354 -0.011922
307 -1.508749 1.360648 0.014154
308 -2.227457 0.910385 -0.01066
309 -2.887669 0.220429 -0.012339
310 -2.346392 0.881131 -0.013753
311 -2.407943 0.880836 -0.015546
312 -2.346989 0.910681 -0.041076
313 -1.986971 0.670989 -0.01369
314 -2.167344 1.241138 -0.011311
315 -1.357195 1.270405 -0.010401
316 -1.987316 1.121366 -0.012971
317 -2.887078 0.281129 0.011911
318 -2.077652 1.179883 0.007131
319 -2.317016 1.090817 -0.01361
320 -2.977252 0.610826 -0.01261
321 -1.776677 1.061493 0.008938
322 -3.457727 1.090499 -0.014276
323 -1.537926 1.300656 0.014236
324 -2.887634 0.190862 0.012037
325 -3.097438 0.520743 -0.01052
326 -2.017103 1.210672 -0.011175
327 -1.475849 1.331427 0.011835
328 -1.987601 1.090039 -0.011181
329 -1.987247 1.091494 0.006488
330 -2.408103 0.880028 -0.040877
331 -2.167792 1.180227 -0.011655
332 -2.917853 0.550861 -0.014704
333 -1.807448 1.390441 0.012966
334 -3.037515 0.520092 0.013845
335 -1.50739 1.390955 -0.010785
336 -1.777337 1.090622 -0.011654
337 -1.538034 1.330584 -0.010908
338 -2.137715 1.240685 -0.011795
339 -1.987161 1.119708 -0.040682
340 -1.656812 0.430812 -0.012535
341 -1.777531 0.670788 -0.011785
342 -2.137285 1.120731 -0.011679
343 -2.197226 0.79031 -0.011837
344 -2.167784 1.150812 -0.042068
345 -2.107252 1.180254 -0.010306
346 -2.317935 1.120748 -0.04115
347 -2.377677 0.791209 0.009376
348 -2.197794 0.730517 -0.011193
349 -2.107414 1.150703 -0.010576
350 -1.62695 0.820591 0.013813
351 -1.537777 1.330908 0.013891
352 -1.567013 0.251419 0.011804
353 -1.537764 1.360673 0.013579
354 -1.80781 1.421311 -0.042005
355 -2.197559 0.760545 -0.012125
356 -2.047882 1.120582 -0.011977
357 -2.017306 1.120871 -0.012138
358 -2.046981 0.581149 0.007222
359 -1.86592 1.000498 0.007635
360 -1.777761 1.420578 0.012616
361 -1.807871 1.06228 0.009164
362 -2.34756 1.03089 0.008007
363 -2.077161 1.21129 -0.011051
364 -2.347599 0.880748 0.006354
365 -1.267766 0.611254 0.013596
366 -1.537659 1.270016 0.014608
367 -1.507599 1.269514 0.014181
368 -1.776227 1.030398 0.009439
369 -2.16767 1.240719 0.007865
370 -2.317302 1.091421 0.006539
371 -2.946403 1.600122 0.012576
372 -2.378815 0.880294 0.009783
373 -2.048455 0.791388 0.0066
374 -2.527244 1.750251 -0.014646
375 -2.978288 1.601717 -0.01172
376 -1.657444 0.79027 0.013324
377 -3.606974 1.060894 -0.012283
378 -1.627901 0.820306 -0.011531
379 -3.57683 0.910385 0.0142
380 -1.597136 0.850689 -0.012485
381 -2.406974 1.719723 -0.041012
382 -2.97787 1.570473 -0.01237
383 -2.10752 1.12109 -0.011136
384 -2.137304 1.241075 0.008964
385 -2.407631 0.850895 -0.014636
386 -2.167332 1.150664 -0.011525
387 -2.407589 1.720352 -0.013662
388 -1.388338 1.240138 0.03873
389 -2.437288 1.811381 -0.041065
390 -2.137031 1.18098 0.00864
391 -2.406192 1.750638 -0.040618
392 -1.777475 1.450855 0.012441
393 -1.806947 1.420806 0.013087
394 -2.438665 1.78129 -0.039889
395 -2.407073 1.720631 0.011377
396 -2.017297 1.240274 -0.01115
397 -2.167954 1.180118 -0.041555
398 -1.657296 0.430478 0.01194
399 -2.017013 1.180722 -0.011595
400 -2.047939 0.760845 0.006963
401 -2.017713 1.180371 0.006966
402 -1.387257 1.269324 0.015152
403 -1.357696 1.300959 -0.01073
404 -1.807713 1.420321 -0.010699
405 -2.377165 1.060482 0.009342
406 -2.407049 1.689881 -0.013283
407 -2.947349 1.540354 0.012025
408 -2.977246 1.540106 0.013195
409 -2.137406 1.150661 -0.011014
410 -2.527829 1.750283 -0.041334
411 -3.247798 1.631052 -0.011753
412 -1.8079 1.451174 -0.011634
413 -2.167853 1.210031 0.00846
414 -2.977309 1.632165 -0.042562
415 -1.7769 1.450863 -0.011255
416 -1.508139 1.390695 0.012778
417 -1.448158 1.360557 -0.010349
418 -2.137439 1.17994 -0.010945
419 -3.517324 0.969873 0.01533
420 -1.657408 0.790686 -0.012209
421 -2.107443 1.119816 0.007623
422 -2.377146 1.751117 -0.040612
423 -2.946757 1.569867 -0.013804
424 -1.537212 1.272556 0.037353
425 -2.316992 1.000874 -0.041291
426 -2.407252 1.781029 -0.040523
427 -1.476519 1.390906 -0.010847
428 -2.287017 1.93089 -0.012071
429 -2.287559 1.900301 -0.010957
430 -1.476479 1.391418 0.011521
431 -2.408154 1.690432 0.01063
432 -2.317316 1.000496 -0.014824
433 -2.527153 1.720659 -0.01382
434 -2.437205 1.750687 -0.013124
435 -1.475078 1.331185 -0.011403
436 -2.287634 1.961792 -0.041447
437 -3.517084 1.15004 -0.013
438 -2.377055 1.75061 -0.012512
439 -3.186938 1.661616 -0.011057
440 -2.107764 1.180135 0.008585
441 -1.807215 1.300439 0.01092
442 -2.376985 1.720288 -0.012895
443 -2.439142 1.75033 -0.040182
444 -2.107144 1.300675 -0.010543
445 -2.107161 1.211419 -0.010793
446 -2.047138 1.270582 -0.010592
447 -2.737118 0.581302 -0.015292
448 -2.286805 2.200513 -0.011716
449 -2.406918 1.750856 -0.013555
450 -2.16725 1.120463 -0.011774
451 -2.077718 1.270631 -0.009588
452 -2.977804 1.570334 -0.040566
453 -2.107915 1.270351 0.006513
454 -1.807487 1.3005 -0.010752
455 -2.166795 1.181531 0.007416
456 -2.316794 2.231166 -0.042121
457 -2.137375 1.270977 -0.012296
458 -2.317187 1.960546 -0.040923
459 -2.317741 1.930479 -0.011193
460 -2.347124 2.231112 -0.041863
461 -2.977353 1.540585 -0.013048
462 -1.777397 1.480969 0.012257
463 -2.287563 2.200708 -0.04124
464 -2.288355 2.231688 -0.040928
465 -2.077462 1.150642 0.007154
466 -2.0471 1.180388 -0.010864
467 -2.977463 1.600899 0.011902
468 -2.047456 1.240494 -0.010578
469 -2.438258 1.72051 0.010306
470 -2.437322 1.781173 -0.01335
471 -2.348209 2.200262 -0.040452
472 -2.107011 1.150502 0.006911
473 -2.107145 1.270868 -0.010346
474 -2.077515 1.3304 -0.010048
475 -2.287358 1.960543 -0.011394
476 -2.047236 1.1204 0.007977
477 -2.227459 1.930108 -0.009771
478 -2.557082 1.720649 -0.042562
479 -2.287159 2.170239 -0.011208
480 -2.047118 1.21067 0.007726
481 -2.16748 1.120502 0.008586
482 -2.347537 2.200782 -0.011665
483 -2.257254 1.930621 -0.010634
484 -1.777401 1.510771 -0.010794
485 -2.317019 2.200715 -0.01167
486 -1.597122 0.850268 0.014667
487 -2.287308 1.900935 0.008757
488 -2.01761 1.210303 0.007681
489 -2.317224 1.930022 0.008062
490 -2.137402 1.270288 0.007923
491 -2.017396 1.240972 0.008002
492 -2.347698 2.170282 0.010758
493 -1.80712 1.450333 0.012958
494 -2.047385 1.270754 0.008066
495 -2.287329 2.200495 0.00766
496 -2.287198 1.930128 0.009016
497 -2.377468 1.720743 0.009017
498 -2.347644 2.200704 0.011133
499 -2.257158 1.930987 0.008433
500 -3.157654 1.600081 0.012807
501 -2.34744 1.840588 -0.01138
502 -2.227335 1.931041 0.008411
503 -2.107894 1.301064 0.006286
504 -2.257172 1.96038 0.008421
505 -2.347431 1.870119 -0.011019
506 -2.287715 2.170122 0.007837
507 -2.347092 2.170207 -0.011661
508 -2.047563 1.301013 -0.010763
509 -2.257318 1.990703 -0.010656
510 -2.077333 1.331431 0.006349
511 -2.377233 2.170508 -0.012754
512 -2.257498 1.961034 -0.010996
513 -1.807005 1.480461 0.012997
514 -2.377295 1.87052 -0.012132
515 -2.497231 1.690646 -0.012928
516 -2.347186 1.841106 0.007359
517 -3.185953 1.63074 -0.01236
518 -2.767335 1.180593 0.014358
519 -1.777185 1.510633 0.01267
520 -2.22723 1.960953 -0.010805
521 -1.807299 1.54066 0.012825
522 -2.227511 1.840604 -0.010323
523 -2.467715 1.75061 -0.01322
524 -2.467634 1.690551 -0.013216
525 -3.186475 1.62992 0.014232
526 -1.836801 1.450429 0.011656
527 -3.246953 1.599746 0.013734
528 -2.287461 1.960811 0.007471
529 -2.37725 2.050704 -0.01334
530 -1.777233 1.540797 0.011926
531 -1.957714 1.750128 -0.010589
532 -2.406759 1.600594 -0.012876
533 -2.37707 1.84078 0.00939
534 -3.247888 1.661143 0.012763
535 -1.837188 1.480856 0.01208
536 -2.377539 2.050669 0.009476
537 -2.377704 1.630782 -0.012959
538 -2.257349 2.050591 -0.010812
539 -3.248613 1.630392 0.014622
540 -2.346727 1.871102 0.008233
541 -1.956322 1.751022 0.008675
542 -2.587018 1.900271 -0.013942
543 -2.917337 1.330906 0.014073
544 -2.677158 1.810594 -0.012504
545 -2.346881 1.900959 0.008238
546 -2.557613 1.931079 -0.015197
547 -2.587246 1.870341 -0.014279
548 -2.317492 1.870827 0.007393
549 -2.827191 1.630544 0.012303
550 -2.437509 2.020667 0.012133
551 -2.497497 1.960546 0.017016
552 -1.417912 3.370029 -0.009324
553 -1.417274 3.339991 0.01379
554 -1.417381 3.310938 0.013462
555 -1.387372 3.250413 0.015446
556 -1.387453 3.220331 0.015213
557 -1.327062 3.100929 0.014214
558 -1.357065 3.160671 0.015073
559 -1.447563 3.400581 0.014421
560 -1.477324 3.460557 0.0142
561 -1.538019 4.030729 0.016066
562 -3.307361 4.090759 -0.015313
563 -3.276941 4.12002 -0.016897
564 -2.017311 4.060294 -0.015962
565 -3.367424 4.150271 -0.015083
