0 -2.0162 1.8925 0.8184 0.3061 0.8331 -0.4234 -0.1814 
1 -2.0156 1.8918 0.8175 0.3019 0.8329 -0.4264 -0.1823 
2 -2.0136 1.8911 0.8169 0.3023 0.8334 -0.425 -0.1829 
3 -2.0124 1.8901 0.8168 0.3026 0.8329 -0.4254 -0.1836 
4 -2.0102 1.8877 0.8168 0.3045 0.8321 -0.4252 -0.1847 
5 -2.0074 1.8855 0.817 0.3055 0.8321 -0.4247 -0.184 
6 -2.0038 1.8819 0.8178 0.3046 0.8326 -0.4245 -0.1837 
7 -2.0008 1.8788 0.8189 0.3037 0.8325 -0.4243 -0.1861 
8 -1.9977 1.8752 0.82 0.3035 0.832 -0.4246 -0.188 
9 -1.9932 1.87 0.8219 0.3036 0.8314 -0.425 -0.1895 
10 -1.9894 1.866 0.8234 0.3052 0.8315 -0.4232 -0.191 
11 -1.9855 1.8618 0.8254 0.3082 0.8307 -0.4205 -0.1952 
12 -1.9798 1.8564 0.8281 0.3126 0.8291 -0.4192 -0.1978 
13 -1.9755 1.853 0.8297 0.3121 0.8289 -0.4209 -0.1961 
14 -1.9689 1.8487 0.8308 0.3117 0.8291 -0.4217 -0.1942 
15 -1.9635 1.8458 0.8318 0.3132 0.8294 -0.4198 -0.1944 
16 -1.958 1.8432 0.8322 0.3151 0.8291 -0.4186 -0.1954 
17 -1.9527 1.8403 0.8325 0.3154 0.8291 -0.4185 -0.1949 
18 -1.9453 1.8366 0.8327 0.3156 0.8299 -0.4177 -0.1931 
19 -1.9405 1.8337 0.8332 0.3163 0.8289 -0.4187 -0.1936 
20 -1.9337 1.8298 0.8335 0.3195 0.8278 -0.4165 -0.1982 
21 -1.9236 1.8241 0.8339 0.3238 0.8269 -0.4134 -0.2013 
22 -1.9179 1.821 0.8341 0.3246 0.8273 -0.413 -0.1991 
23 -1.9107 1.8168 0.8339 0.3253 0.827 -0.413 -0.1993 
24 -1.9049 1.8134 0.834 0.3267 0.8258 -0.4136 -0.2008 
25 -1.8992 1.81 0.834 0.3264 0.826 -0.4131 -0.2013 
26 -1.8915 1.8062 0.8338 0.3236 0.8265 -0.414 -0.2017 
27 -1.8855 1.8036 0.8332 0.3235 0.8271 -0.4129 -0.2018 
28 -1.8802 1.801 0.8329 0.323 0.8273 -0.4132 -0.2014 
29 -1.8741 1.7978 0.8326 0.3249 0.8263 -0.4135 -0.2015 
30 -1.87 1.7952 0.8322 0.3278 0.8253 -0.413 -0.2022 
31 -1.8659 1.7927 0.8318 0.3314 0.8258 -0.4098 -0.2007 
32 -1.8612 1.789 0.8318 0.3345 0.8238 -0.4123 -0.1989 
33 -1.8583 1.7865 0.8313 0.3337 0.8236 -0.4132 -0.199 
34 -1.8551 1.7835 0.8296 0.3338 0.8251 -0.4082 -0.2029 
35 -1.8532 1.7811 0.8289 0.335 0.8237 -0.4093 -0.2042 
36 -1.851 1.7791 0.8279 0.3357 0.8246 -0.4092 -0.1998 
37 -1.8496 1.7768 0.827 0.3378 0.8227 -0.4101 -0.2022 
38 -1.8488 1.775 0.8264 0.3395 0.8233 -0.4058 -0.2057 
39 -1.8474 1.7735 0.8256 0.3408 0.824 -0.4035 -0.205 
40 -1.8459 1.7705 0.8248 0.3408 0.8228 -0.4067 -0.2036 
41 -1.8453 1.7685 0.8243 0.3416 0.8237 -0.4039 -0.2042 
42 -1.8445 1.7652 0.8242 0.3453 0.8217 -0.4023 -0.2092 
43 -1.8438 1.7627 0.8245 0.3472 0.8216 -0.4011 -0.2086 
44 -1.8431 1.7603 0.8249 0.3477 0.8209 -0.4031 -0.2069 
45 -1.8428 1.7566 0.8257 0.3501 0.8196 -0.4035 -0.2072 
46 -1.843 1.7537 0.8263 0.3525 0.8187 -0.4023 -0.2088 
47 -1.843 1.7509 0.8269 0.3542 0.8178 -0.4031 -0.2081 
48 -1.8428 1.747 0.8285 0.3548 0.8162 -0.4059 -0.2078 
49 -1.8424 1.744 0.8293 0.3549 0.8152 -0.4066 -0.2103 
50 -1.8421 1.7413 0.8297 0.3559 0.8149 -0.4049 -0.2129 
51 -1.8409 1.7372 0.8301 0.3602 0.814 -0.4037 -0.2116 
52 -1.8387 1.7304 0.8302 0.3662 0.8112 -0.4053 -0.2088 
53 -1.8366 1.7255 0.8295 0.3681 0.8108 -0.4033 -0.211 
54 -1.8347 1.7218 0.8293 0.3695 0.8106 -0.4024 -0.2108 
55 -1.8321 1.7172 0.8291 0.3717 0.8091 -0.4042 -0.2092 
56 -1.8299 1.7141 0.8288 0.373 0.809 -0.4036 -0.2086 
57 -1.8279 1.7117 0.8284 0.3737 0.809 -0.4022 -0.2099 
58 -1.8256 1.7083 0.8282 0.3751 0.8081 -0.4013 -0.2128 
59 -1.8236 1.7054 0.8279 0.3749 0.8078 -0.402 -0.2129 
60 -1.8214 1.7028 0.8278 0.3746 0.8091 -0.4 -0.2121 
61 -1.8192 1.6999 0.8278 0.3755 0.808 -0.4 -0.2147 
62 -1.8168 1.6964 0.8281 0.3761 0.8076 -0.3995 -0.2165 
63 -1.8147 1.6931 0.8283 0.3773 0.8077 -0.3992 -0.2143 
64 -1.8124 1.6887 0.8288 0.3786 0.8075 -0.3991 -0.2131 
65 -1.8113 1.6851 0.8292 0.3806 0.8061 -0.3983 -0.2162 
66 -1.8099 1.6817 0.8296 0.3814 0.8054 -0.3984 -0.2172 
67 -1.8087 1.6766 0.8291 0.3815 0.805 -0.3992 -0.217 
68 -1.8074 1.6732 0.8285 0.384 0.8054 -0.3966 -0.2157 
69 -1.8064 1.6695 0.8286 0.3855 0.8041 -0.3976 -0.2161 
70 -1.8053 1.6642 0.8287 0.3836 0.8036 -0.3989 -0.2192 
71 -1.8046 1.6607 0.8284 0.3829 0.8037 -0.3982 -0.2211 
72 -1.8035 1.6575 0.8283 0.383 0.8045 -0.3967 -0.2208 
73 -1.802 1.6526 0.8278 0.385 0.8037 -0.3965 -0.2205 
74 -1.8006 1.6492 0.8275 0.3855 0.8041 -0.3955 -0.2197 
75 -1.7994 1.6444 0.8274 0.3837 0.8052 -0.3938 -0.222 
76 -1.7978 1.6404 0.8271 0.3841 0.8053 -0.3927 -0.2232 
77 -1.7972 1.6364 0.8274 0.3828 0.8052 -0.3937 -0.2238 
78 -1.7956 1.6307 0.8266 0.3854 0.8047 -0.3933 -0.2219 
79 -1.7947 1.6267 0.8267 0.3873 0.8044 -0.3917 -0.2224 
80 -1.7939 1.6224 0.8269 0.3893 0.8033 -0.3911 -0.2242 
81 -1.7926 1.6169 0.8271 0.3891 0.8036 -0.3903 -0.2248 
82 -1.7912 1.6127 0.8275 0.3906 0.8031 -0.3903 -0.2239 
83 -1.7893 1.6069 0.8285 0.3911 0.8023 -0.3913 -0.224 
84 -1.788 1.6026 0.8289 0.3911 0.8025 -0.3903 -0.2254 
85 -1.7865 1.5981 0.8293 0.3921 0.8017 -0.3898 -0.2271 
86 -1.7842 1.5922 0.8298 0.3952 0.8015 -0.3887 -0.2244 
87 -1.7824 1.5881 0.8302 0.3952 0.8012 -0.3896 -0.2237 
88 -1.7809 1.5841 0.8301 0.3963 0.8004 -0.3888 -0.2262 
89 -1.7785 1.5788 0.8294 0.3993 0.802 -0.3821 -0.2268 
90 -1.7767 1.5751 0.829 0.4 0.8004 -0.3853 -0.2254 
91 -1.7751 1.5711 0.8284 0.4003 0.7999 -0.3863 -0.2252 
92 -1.7726 1.5662 0.8275 0.4019 0.8016 -0.3803 -0.2263 
93 -1.771 1.5629 0.8271 0.403 0.8015 -0.3795 -0.2263 
94 -1.77 1.5596 0.8265 0.4045 0.8013 -0.3785 -0.226 
95 -1.7686 1.555 0.8262 0.4067 0.8018 -0.3734 -0.2286 
96 -1.7686 1.5514 0.8263 0.4064 0.7999 -0.3778 -0.2287 
97 -1.7679 1.5468 0.8288 0.4072 0.7976 -0.3806 -0.2306 
98 -1.7675 1.5405 0.8329 0.4086 0.7943 -0.3831 -0.2354 
99 -1.7667 1.5374 0.8348 0.4078 0.7944 -0.383 -0.2367 
100 -1.7659 1.535 0.8366 0.409 0.7926 -0.3846 -0.2378 
101 -1.7642 1.5325 0.839 0.4096 0.7915 -0.3862 -0.2379 
102 -1.7625 1.5309 0.8403 0.4115 0.7915 -0.3842 -0.2379 
103 -1.7592 1.5293 0.843 0.4162 0.7896 -0.3822 -0.2392 
104 -1.7571 1.527 0.8445 0.4174 0.7886 -0.383 -0.2391 
105 -1.7549 1.5244 0.8455 0.4179 0.7887 -0.3821 -0.2394 
106 -1.7517 1.5207 0.8465 0.4201 0.7886 -0.3798 -0.2396 
107 -1.7494 1.5176 0.8472 0.4222 0.7871 -0.381 -0.2387 
108 -1.7472 1.5146 0.8476 0.4233 0.7861 -0.3829 -0.237 
109 -1.7441 1.5104 0.8481 0.4238 0.7859 -0.3831 -0.2366 
110 -1.7419 1.5072 0.8482 0.4221 0.7866 -0.3819 -0.2392 
111 -1.7404 1.502 0.8477 0.4181 0.7845 -0.3888 -0.2422 
112 -1.7382 1.4983 0.8474 0.4202 0.7842 -0.3883 -0.2403 
113 -1.7357 1.495 0.8475 0.4249 0.7848 -0.3831 -0.2382 
114 -1.7354 1.4885 0.8466 0.424 0.7806 -0.3918 -0.2397 
115 -1.7336 1.4837 0.8463 0.4266 0.7803 -0.389 -0.2405 
116 -1.7317 1.4794 0.8464 0.4258 0.7801 -0.3906 -0.2402 
117 -1.7287 1.4745 0.8474 0.4266 0.779 -0.3897 -0.2436 
118 -1.727 1.4707 0.8475 0.4271 0.7782 -0.3879 -0.2478 
119 -1.7259 1.467 0.8468 0.4264 0.7776 -0.3897 -0.2484 
120 -1.7218 1.4621 0.8464 0.4317 0.7769 -0.3863 -0.2465 
121 -1.7195 1.4585 0.8456 0.4322 0.7772 -0.3849 -0.247 
122 -1.7182 1.4551 0.8449 0.4297 0.7776 -0.3857 -0.249 
123 -1.7159 1.4508 0.8445 0.4292 0.7763 -0.3876 -0.251 
124 -1.7139 1.4474 0.8441 0.4289 0.7764 -0.3878 -0.2508 
125 -1.712 1.4442 0.8434 0.4293 0.7765 -0.3862 -0.252 
126 -1.71 1.4401 0.8422 0.4328 0.7766 -0.3799 -0.2554 
127 -1.7083 1.4368 0.842 0.434 0.7756 -0.3806 -0.2553 
128 -1.7066 1.4335 0.8422 0.4344 0.7748 -0.383 -0.2538 
129 -1.7046 1.4292 0.8421 0.4343 0.7739 -0.3832 -0.2561 
130 -1.7026 1.4257 0.8424 0.4378 0.7726 -0.3799 -0.2589 
131 -1.701 1.422 0.8424 0.4399 0.7713 -0.3811 -0.2577 
132 -1.698 1.4161 0.8429 0.4452 0.7682 -0.383 -0.255 
133 -1.6963 1.4124 0.8436 0.4476 0.7667 -0.3841 -0.2535 
134 -1.6955 1.4086 0.8434 0.448 0.7659 -0.3829 -0.257 
135 -1.6946 1.4034 0.8433 0.4498 0.7637 -0.3826 -0.2609 
136 -1.6944 1.4 0.8433 0.4516 0.7608 -0.3853 -0.262 
137 -1.6938 1.3948 0.8418 0.456 0.7585 -0.3842 -0.2628 
138 -1.695 1.3914 0.839 0.4562 0.7569 -0.3845 -0.2666 
139 -1.6954 1.3888 0.8362 0.459 0.7569 -0.3805 -0.2678 
140 -1.6966 1.3847 0.8333 0.4596 0.7546 -0.3829 -0.2698 
141 -1.6974 1.3824 0.8303 0.4612 0.7534 -0.3813 -0.2726 
142 -1.698 1.3797 0.828 0.4612 0.7531 -0.3802 -0.2749 
143 -1.699 1.377 0.8251 0.4615 0.7563 -0.3713 -0.2776 
144 -1.6995 1.3743 0.8232 0.4645 0.755 -0.3713 -0.2765 
145 -1.7003 1.3704 0.8215 0.4658 0.7548 -0.3717 -0.2742 
146 -1.7009 1.3667 0.8205 0.4672 0.7529 -0.3715 -0.277 
147 -1.7018 1.3631 0.8201 0.4682 0.7512 -0.3701 -0.2819 
148 -1.7025 1.3583 0.82 0.4699 0.7507 -0.3691 -0.2817 
149 -1.7028 1.3547 0.82 0.4721 0.7493 -0.3707 -0.2799 
150 -1.7025 1.3506 0.8195 0.4781 0.7454 -0.3695 -0.2814 
151 -1.7028 1.3457 0.8191 0.4796 0.7438 -0.3679 -0.2853 
152 -1.7025 1.3419 0.8186 0.4803 0.7429 -0.3687 -0.2853 
153 -1.7022 1.3388 0.818 0.4811 0.7416 -0.3695 -0.2865 
154 -1.7017 1.3351 0.817 0.4827 0.7408 -0.3674 -0.2885 
155 -1.7014 1.333 0.8161 0.4838 0.7401 -0.3665 -0.2896 
156 -1.701 1.3302 0.8149 0.4875 0.7371 -0.3663 -0.2912 
157 -1.7003 1.3276 0.815 0.4916 0.7365 -0.3624 -0.2909 
158 -1.6994 1.3248 0.8152 0.4921 0.7356 -0.3619 -0.2929 
159 -1.6981 1.3212 0.8153 0.4933 0.734 -0.3606 -0.2964 
160 -1.6968 1.3181 0.8158 0.4963 0.731 -0.3608 -0.2986 
161 -1.6937 1.3146 0.8154 0.5016 0.7274 -0.3639 -0.2947 
162 -1.6895 1.3104 0.8148 0.5019 0.7275 -0.364 -0.2938 
163 -1.6859 1.3077 0.8141 0.5043 0.7281 -0.358 -0.2956 
164 -1.6818 1.3047 0.8129 0.5047 0.7284 -0.3576 -0.2947 
165 -1.6765 1.3008 0.8113 0.5054 0.7299 -0.3587 -0.2883 
166 -1.6723 1.2983 0.8102 0.5078 0.7293 -0.3568 -0.288 
167 -1.6693 1.2961 0.8091 0.5086 0.7297 -0.3531 -0.2901 
168 -1.6642 1.2929 0.8079 0.5119 0.7301 -0.3499 -0.2871 
169 -1.6612 1.2908 0.8072 0.5121 0.7292 -0.3537 -0.2844 
170 -1.6585 1.2893 0.807 0.5121 0.7282 -0.3552 -0.2851 
171 -1.6548 1.2871 0.8057 0.5121 0.7276 -0.3524 -0.2901 
172 -1.6522 1.2847 0.805 0.5117 0.7285 -0.3528 -0.2881 
173 -1.6494 1.2822 0.8048 0.5107 0.7278 -0.3581 -0.2852 
174 -1.6458 1.2796 0.8042 0.5111 0.7297 -0.3542 -0.2842 
175 -1.644 1.2779 0.8036 0.5118 0.7297 -0.3496 -0.2887 
176 -1.6413 1.2749 0.8029 0.511 0.7284 -0.3535 -0.2886 
177 -1.6387 1.2727 0.8027 0.5108 0.7287 -0.3567 -0.2844 
178 -1.6367 1.2709 0.8016 0.5096 0.7305 -0.3549 -0.2841 
179 -1.634 1.2685 0.7998 0.5101 0.7306 -0.3504 -0.2886 
180 -1.6295 1.2649 0.7979 0.5116 0.7302 -0.353 -0.2837 
181 -1.6276 1.2631 0.7962 0.514 0.7317 -0.3477 -0.2821 
182 -1.6258 1.2605 0.7942 0.516 0.731 -0.3441 -0.2846 
183 -1.6244 1.2583 0.7933 0.517 0.7293 -0.3467 -0.2839 
184 -1.6223 1.2548 0.7924 0.5179 0.7287 -0.3487 -0.2814 
185 -1.6207 1.2519 0.7918 0.5164 0.73 -0.3477 -0.2821 
186 -1.6196 1.249 0.7913 0.5148 0.7306 -0.346 -0.2854 
187 -1.6185 1.2446 0.791 0.5166 0.7282 -0.347 -0.2871 
188 -1.6176 1.2409 0.7904 0.5211 0.7269 -0.347 -0.2823 
189 -1.6167 1.2373 0.7899 0.5272 0.7256 -0.3442 -0.2777 
190 -1.615 1.2332 0.7912 0.5305 0.723 -0.3441 -0.2783 
191 -1.6136 1.2304 0.792 0.5283 0.7227 -0.3463 -0.2806 
192 -1.6116 1.2274 0.792 0.5257 0.7244 -0.3453 -0.282 
193 -1.6088 1.2227 0.7911 0.5256 0.726 -0.3425 -0.2817 
194 -1.6068 1.2193 0.7903 0.5272 0.7267 -0.3408 -0.2791 
195 -1.6053 1.2156 0.7893 0.5285 0.7262 -0.3416 -0.277 
196 -1.6036 1.2113 0.7885 0.5297 0.7259 -0.3413 -0.2757 
197 -1.6027 1.2085 0.7875 0.5284 0.7254 -0.342 -0.2785 
198 -1.6017 1.2062 0.7861 0.5255 0.7265 -0.3424 -0.2808 
199 -1.6002 1.2029 0.7833 0.525 0.7275 -0.3403 -0.2818 
200 -1.5991 1.1997 0.7815 0.5263 0.727 -0.3407 -0.28 
201 -1.5974 1.1922 0.7779 0.526 0.7272 -0.3396 -0.2814 
202 -1.5971 1.189 0.7766 0.5256 0.728 -0.338 -0.282 
203 -1.597 1.1855 0.7755 0.5264 0.7277 -0.3384 -0.2809 
204 -1.597 1.1814 0.7747 0.5296 0.7257 -0.3373 -0.2812 
205 -1.5971 1.1783 0.7742 0.5308 0.7246 -0.3369 -0.2824 
206 -1.597 1.1742 0.7736 0.5315 0.7242 -0.3353 -0.284 
207 -1.5963 1.1711 0.7732 0.5332 0.7234 -0.3355 -0.2826 
208 -1.5952 1.1675 0.7727 0.5339 0.7232 -0.3359 -0.2813 
209 -1.5939 1.1629 0.7717 0.5323 0.7247 -0.336 -0.2803 
210 -1.5926 1.1591 0.7712 0.5308 0.726 -0.3356 -0.28 
211 -1.5919 1.1559 0.7712 0.5297 0.7259 -0.3366 -0.2813 
212 -1.5908 1.1513 0.7715 0.5311 0.7249 -0.3368 -0.2811 
213 -1.5896 1.1479 0.7719 0.533 0.724 -0.3374 -0.2792 
214 -1.5884 1.144 0.7721 0.5345 0.7233 -0.3383 -0.2769 
215 -1.587 1.1383 0.7725 0.5353 0.7226 -0.3398 -0.2753 
216 -1.5856 1.1301 0.7746 0.5317 0.7229 -0.3418 -0.2792 
217 -1.5843 1.1212 0.778 0.5306 0.7217 -0.3457 -0.2795 
218 -1.5835 1.1161 0.7797 0.5323 0.7188 -0.3479 -0.281 
219 -1.5823 1.1118 0.78 0.5333 0.7183 -0.3486 -0.2794 
220 -1.5809 1.1073 0.7805 0.5324 0.7195 -0.3495 -0.2769 
221 -1.5794 1.1017 0.7811 0.5307 0.721 -0.3489 -0.277 
222 -1.5791 1.0979 0.781 0.5301 0.721 -0.3486 -0.2788 
223 -1.5788 1.0942 0.7811 0.5296 0.7207 -0.3493 -0.2793 
224 -1.5788 1.089 0.7804 0.5304 0.7199 -0.3501 -0.2789 
225 -1.5792 1.0854 0.7799 0.5322 0.719 -0.3493 -0.2788 
226 -1.58 1.0814 0.7791 0.5327 0.7185 -0.3489 -0.2797 
227 -1.5821 1.0761 0.7779 0.5331 0.7174 -0.348 -0.2829 
228 -1.584 1.0723 0.7777 0.5329 0.7167 -0.3489 -0.284 
229 -1.5863 1.0687 0.7777 0.5337 0.7139 -0.3514 -0.2867 
230 -1.5896 1.0646 0.777 0.5362 0.7103 -0.3515 -0.2907 
231 -1.592 1.0615 0.7762 0.5399 0.709 -0.3484 -0.2905 
232 -1.5946 1.0582 0.7758 0.541 0.7079 -0.3486 -0.291 
233 -1.5976 1.0542 0.7756 0.5415 0.7069 -0.348 -0.2933 
234 -1.6001 1.0515 0.7756 0.5423 0.7058 -0.3464 -0.2962 
235 -1.6023 1.0489 0.7755 0.5422 0.7049 -0.3463 -0.2988 
236 -1.6047 1.0457 0.7759 0.5447 0.7034 -0.3449 -0.2993 
237 -1.607 1.0435 0.7768 0.5467 0.7006 -0.3457 -0.3012 
238 -1.6113 1.0385 0.7792 0.5556 0.6934 -0.3439 -0.3039 
239 -1.6127 1.0362 0.7801 0.5568 0.6921 -0.3451 -0.3033 
240 -1.6138 1.0337 0.7807 0.5572 0.6916 -0.3452 -0.3034 
241 -1.6155 1.0297 0.7812 0.5581 0.691 -0.3438 -0.3046 
242 -1.6171 1.0269 0.7819 0.5579 0.6899 -0.3446 -0.3066 
243 -1.6189 1.024 0.7827 0.5595 0.6877 -0.3463 -0.3069 
244 -1.6213 1.0202 0.7841 0.5616 0.6844 -0.3493 -0.307 
245 -1.623 1.0174 0.7849 0.562 0.6833 -0.3493 -0.3088 
246 -1.6256 1.0137 0.7858 0.5622 0.6813 -0.3498 -0.3122 
247 -1.6277 1.0108 0.7866 0.5619 0.6789 -0.3518 -0.3156 
248 -1.6296 1.0081 0.7874 0.5624 0.6776 -0.3513 -0.318 
249 -1.6323 1.0047 0.7878 0.565 0.6745 -0.3507 -0.3206 
250 -1.6336 1.0017 0.7878 0.567 0.6721 -0.3513 -0.3216 
251 -1.6349 0.9986 0.7874 0.5692 0.6704 -0.3516 -0.3209 
252 -1.637 0.994 0.787 0.5724 0.668 -0.3505 -0.3214 
253 -1.6384 0.9904 0.7866 0.5735 0.6674 -0.3488 -0.3224 
254 -1.6402 0.9845 0.7861 0.575 0.6661 -0.348 -0.3233 
255 -1.6422 0.9799 0.786 0.5757 0.665 -0.349 -0.3234 
256 -1.644 0.9752 0.7865 0.5768 0.664 -0.3492 -0.3232 
257 -1.6473 0.9694 0.7873 0.5805 0.659 -0.348 -0.3281 
258 -1.6506 0.9658 0.7871 0.584 0.6545 -0.3446 -0.3343 
259 -1.652 0.9613 0.7874 0.5882 0.6506 -0.3444 -0.335 
260 -1.6539 0.9559 0.7894 0.5896 0.6456 -0.3488 -0.3375 
261 -1.6536 0.9516 0.7907 0.5916 0.6419 -0.3487 -0.3411 
262 -1.6525 0.9473 0.7914 0.5958 0.6417 -0.3417 -0.3413 
263 -1.6517 0.9407 0.7903 0.5932 0.6411 -0.3462 -0.3423 
264 -1.6457 0.9358 0.7889 0.6051 0.64 -0.3353 -0.3343 
265 -1.6423 0.9297 0.7872 0.6072 0.6414 -0.3338 -0.3294 
266 -1.6379 0.9223 0.786 0.6058 0.6444 -0.3325 -0.3274 
267 -1.6354 0.9168 0.7856 0.6035 0.6465 -0.3297 -0.3302 
268 -1.6321 0.9107 0.7849 0.6028 0.6476 -0.3271 -0.3321 
269 -1.6298 0.9061 0.7842 0.6041 0.6467 -0.3268 -0.3316 
270 -1.6273 0.9015 0.7836 0.6063 0.646 -0.326 -0.3297 
271 -1.6248 0.896 0.7826 0.6076 0.6451 -0.3257 -0.3294 
272 -1.6234 0.8926 0.782 0.6054 0.646 -0.326 -0.3314 
273 -1.6217 0.8884 0.782 0.6036 0.647 -0.3251 -0.3336 
274 -1.6205 0.8832 0.7817 0.6028 0.6471 -0.3259 -0.3342 
275 -1.6196 0.8795 0.7819 0.6016 0.6467 -0.3267 -0.3363 
276 -1.6185 0.8758 0.7813 0.6045 0.6442 -0.327 -0.3357 
277 -1.6174 0.871 0.7809 0.6062 0.6425 -0.3263 -0.3364 
278 -1.6169 0.8674 0.7805 0.6068 0.6406 -0.327 -0.3383 
279 -1.6162 0.8634 0.7803 0.6065 0.6404 -0.3282 -0.3382 
280 -1.6148 0.8585 0.7797 0.6057 0.6424 -0.3267 -0.3373 
281 -1.6143 0.8552 0.7787 0.6064 0.6412 -0.3252 -0.3398 
282 -1.614 0.8522 0.7782 0.6098 0.6391 -0.3232 -0.3394 
283 -1.6139 0.8481 0.7774 0.6124 0.6368 -0.3244 -0.3379 
284 -1.6139 0.8457 0.777 0.6135 0.6362 -0.322 -0.3394 
285 -1.6145 0.8434 0.7768 0.6134 0.6335 -0.3214 -0.3452 
286 -1.6151 0.8399 0.7764 0.613 0.6319 -0.3215 -0.3488 
287 -1.6156 0.8378 0.7756 0.6155 0.6299 -0.3203 -0.3489 
288 -1.6165 0.8354 0.7742 0.6204 0.6273 -0.3164 -0.3486 
289 -1.6182 0.8335 0.773 0.6191 0.625 -0.319 -0.3524 
290 -1.6191 0.831 0.7722 0.6196 0.625 -0.3164 -0.354 
291 -1.6214 0.8271 0.7717 0.6163 0.6266 -0.3158 -0.3574 
292 -1.6229 0.8237 0.771 0.617 0.6246 -0.3165 -0.3592 
293 -1.6249 0.8215 0.7709 0.6193 0.6226 -0.3141 -0.3609 
294 -1.6279 0.8177 0.7715 0.6291 0.6189 -0.3056 -0.3576 
295 -1.6308 0.815 0.7721 0.6325 0.6146 -0.3059 -0.3588 
296 -1.6351 0.8126 0.7725 0.6353 0.6104 -0.3039 -0.3626 
297 -1.6377 0.8098 0.7728 0.6373 0.6079 -0.3017 -0.365 
298 -1.6399 0.807 0.773 0.6391 0.6059 -0.3002 -0.3665 
299 -1.6448 0.7993 0.7734 0.6437 0.5998 -0.2992 -0.3693 
300 -1.6468 0.7962 0.7733 0.6452 0.5975 -0.298 -0.3713 
301 -1.6497 0.7925 0.7736 0.6465 0.5941 -0.2976 -0.3748 
302 -1.6511 0.7892 0.7744 0.6497 0.5925 -0.2947 -0.3742 
303 -1.6527 0.7863 0.7743 0.6499 0.5915 -0.295 -0.375 
304 -1.6548 0.7821 0.7746 0.6518 0.5899 -0.2918 -0.3768 
305 -1.6566 0.7793 0.7746 0.6533 0.587 -0.2909 -0.3796 
306 -1.658 0.7755 0.7751 0.6558 0.585 -0.2903 -0.3786 
307 -1.6597 0.7709 0.7755 0.6584 0.5824 -0.2896 -0.3787 
308 -1.6611 0.7675 0.7751 0.6581 0.5819 -0.2896 -0.3801 
309 -1.6621 0.7641 0.7747 0.6582 0.5824 -0.2882 -0.3802 
310 -1.6632 0.7597 0.774 0.6594 0.5805 -0.2882 -0.3811 
311 -1.6644 0.7569 0.7737 0.6595 0.58 -0.2888 -0.381 
312 -1.6656 0.7543 0.7732 0.6604 0.5792 -0.2866 -0.3824 
313 -1.6672 0.7504 0.7722 0.6609 0.5779 -0.2866 -0.3835 
314 -1.6681 0.7478 0.7713 0.661 0.5767 -0.2879 -0.3841 
315 -1.6691 0.7448 0.771 0.6624 0.5774 -0.286 -0.3823 
316 -1.671 0.7408 0.7705 0.664 0.5754 -0.2832 -0.3844 
317 -1.6721 0.738 0.7707 0.6656 0.5737 -0.2823 -0.3849 
318 -1.6737 0.7352 0.7713 0.6694 0.568 -0.2815 -0.3874 
319 -1.6751 0.7327 0.7718 0.6722 0.5637 -0.2824 -0.3881 
320 -1.6765 0.73 0.7722 0.673 0.5623 -0.2833 -0.3881 
321 -1.6778 0.7266 0.7725 0.6736 0.5626 -0.281 -0.3884 
322 -1.6788 0.724 0.7723 0.6733 0.5633 -0.2798 -0.3887 
323 -1.6794 0.7217 0.7722 0.6726 0.5636 -0.2798 -0.3895 
324 -1.68 0.7183 0.7718 0.6729 0.5608 -0.2806 -0.3922 
325 -1.6809 0.7165 0.7715 0.6762 0.5606 -0.2755 -0.3907 
326 -1.6827 0.7142 0.7704 0.6797 0.5564 -0.2732 -0.3921 
327 -1.6838 0.7119 0.7699 0.6832 0.5536 -0.273 -0.3902 
328 -1.6863 0.7062 0.7692 0.6843 0.552 -0.276 -0.3884 
329 -1.6886 0.7026 0.7686 0.682 0.5525 -0.2746 -0.3927 
330 -1.69 0.6993 0.7683 0.6809 0.5538 -0.2739 -0.3932 
331 -1.6919 0.6963 0.7679 0.6815 0.5524 -0.2744 -0.3938 
332 -1.6951 0.6921 0.7677 0.6833 0.55 -0.2746 -0.3939 
333 -1.6971 0.6888 0.7675 0.686 0.5461 -0.2732 -0.3956 
334 -1.6992 0.6853 0.7669 0.6897 0.5431 -0.2712 -0.3948 
335 -1.7017 0.6813 0.767 0.6945 0.54 -0.2705 -0.3911 
336 -1.7028 0.679 0.7677 0.6967 0.5389 -0.272 -0.3876 
337 -1.7044 0.6771 0.7677 0.6957 0.5387 -0.2689 -0.3917 
338 -1.7056 0.6735 0.7671 0.6954 0.5383 -0.2653 -0.3953 
339 -1.7066 0.6698 0.7672 0.6996 0.5383 -0.2621 -0.39 
340 -1.7088 0.6637 0.7673 0.6996 0.5371 -0.2638 -0.3904 
341 -1.7097 0.6617 0.7663 0.6998 0.5369 -0.2595 -0.3933 
342 -1.711 0.6592 0.766 0.6997 0.5364 -0.2618 -0.3926 
343 -1.712 0.6557 0.7664 0.7012 0.5361 -0.265 -0.3883 
344 -1.7133 0.6537 0.7661 0.6997 0.5345 -0.2663 -0.3921 
345 -1.7144 0.6516 0.7657 0.6991 0.5356 -0.264 -0.3933 
346 -1.7159 0.6483 0.7654 0.701 0.534 -0.2639 -0.3922 
347 -1.7171 0.6462 0.7654 0.7037 0.5307 -0.2651 -0.391 
348 -1.7186 0.643 0.7661 0.7054 0.5298 -0.2643 -0.3898 
349 -1.7198 0.6406 0.7663 0.7046 0.5289 -0.2628 -0.3934 
350 -1.7213 0.6378 0.7662 0.7048 0.5303 -0.2612 -0.3923 
351 -1.7228 0.6346 0.767 0.7059 0.5277 -0.264 -0.3918 
352 -1.7241 0.6324 0.7676 0.7047 0.5243 -0.267 -0.3965 
353 -1.725 0.63 0.7672 0.7058 0.5253 -0.2627 -0.3961 
354 -1.7256 0.6259 0.7669 0.708 0.5253 -0.2625 -0.3924 
355 -1.7263 0.6238 0.7672 0.7063 0.5223 -0.2695 -0.3945 
356 -1.7272 0.6217 0.7671 0.7055 0.5227 -0.2702 -0.395 
357 -1.7278 0.6189 0.7663 0.7041 0.5225 -0.2666 -0.4001 
358 -1.728 0.617 0.7658 0.7024 0.5231 -0.2671 -0.402 
359 -1.728 0.6146 0.7653 0.7003 0.5233 -0.2705 -0.4032 
360 -1.7282 0.6127 0.7644 0.7023 0.5223 -0.2675 -0.403 
361 -1.7284 0.6106 0.7634 0.7031 0.5214 -0.2668 -0.4032 
362 -1.7293 0.6078 0.7622 0.701 0.5213 -0.2699 -0.4049 
363 -1.7303 0.6052 0.7617 0.7002 0.5214 -0.2702 -0.4061 
364 -1.7318 0.603 0.7617 0.7001 0.5186 -0.2715 -0.409 
365 -1.7336 0.6002 0.7618 0.6988 0.5162 -0.2755 -0.4116 
366 -1.7365 0.5953 0.7625 0.6906 0.5125 -0.2915 -0.4188 
367 -1.7379 0.5929 0.7624 0.6887 0.5114 -0.2902 -0.4242 
368 -1.739 0.5915 0.7608 0.6888 0.5154 -0.2822 -0.4246 
369 -1.7394 0.5898 0.7593 0.6871 0.5176 -0.2805 -0.4259 
370 -1.7413 0.5883 0.7575 0.6848 0.5154 -0.2858 -0.4286 
371 -1.7418 0.5875 0.7562 0.6851 0.5164 -0.285 -0.4276 
372 -1.7418 0.5873 0.7543 0.6875 0.5169 -0.2778 -0.4277 
373 -1.7417 0.5854 0.7533 0.6888 0.5176 -0.2756 -0.4263 
374 -1.7411 0.5833 0.7535 0.6867 0.5193 -0.2804 -0.4245 
375 -1.7402 0.5809 0.7544 0.6857 0.5209 -0.2795 -0.4248 
376 -1.739 0.5768 0.7563 0.6846 0.5222 -0.2761 -0.427 
377 -1.738 0.5736 0.7572 0.6826 0.5234 -0.2786 -0.4272 
378 -1.7362 0.5703 0.7573 0.6856 0.5254 -0.2765 -0.4213 
379 -1.7332 0.5654 0.7568 0.6884 0.5232 -0.2749 -0.4205 
380 -1.7313 0.5619 0.7558 0.6913 0.5231 -0.2717 -0.4179 
381 -1.7294 0.5587 0.7549 0.6927 0.5238 -0.2715 -0.4147 
382 -1.7269 0.5547 0.754 0.6915 0.5254 -0.2755 -0.4121 
383 -1.7247 0.5519 0.7536 0.6903 0.528 -0.2739 -0.412 
384 -1.7247 0.5519 0.7536 0.6903 0.528 -0.2739 -0.412 
385 -1.723 0.5489 0.7528 0.6887 0.5317 -0.2707 -0.412 
386 -1.7225 0.5469 0.7527 0.6864 0.5329 -0.2735 -0.4124 
387 -1.7223 0.5455 0.7526 0.6835 0.5333 -0.2772 -0.4144 
388 -1.7227 0.5443 0.751 0.6841 0.532 -0.2727 -0.4178 
389 -1.7232 0.5433 0.7491 0.6847 0.5346 -0.2705 -0.415 
390 -1.7245 0.5421 0.7477 0.684 0.5331 -0.2731 -0.4164 
391 -1.7258 0.541 0.7473 0.6838 0.5316 -0.2733 -0.4185 
392 -1.7271 0.5395 0.7463 0.682 0.5344 -0.2711 -0.4193 
393 -1.7284 0.5378 0.7446 0.6795 0.5357 -0.2688 -0.4231 
394 -1.73 0.537 0.7436 0.6792 0.5344 -0.2699 -0.4245 
395 -1.732 0.5362 0.7427 0.6811 0.5339 -0.2705 -0.4218 
396 -1.7337 0.5349 0.7426 0.6816 0.5328 -0.2711 -0.4219 
397 -1.735 0.534 0.7424 0.6791 0.5331 -0.269 -0.4269 
398 -1.7362 0.5328 0.7417 0.6777 0.5345 -0.2664 -0.429 
399 -1.7374 0.5318 0.7414 0.6778 0.5342 -0.2682 -0.4282 
400 -1.7377 0.5304 0.7405 0.6777 0.5347 -0.2703 -0.4263 
401 -1.7383 0.5287 0.7386 0.6751 0.5372 -0.2683 -0.4286 
402 -1.7382 0.5276 0.7369 0.6731 0.541 -0.2636 -0.4298 
403 -1.7386 0.5269 0.7348 0.6721 0.5431 -0.2615 -0.43 
404 -1.7386 0.5261 0.7324 0.6734 0.5442 -0.26 -0.4274 
405 -1.7387 0.5232 0.7272 0.6784 0.5472 -0.252 -0.4206 
406 -1.7393 0.5197 0.7243 0.6784 0.5526 -0.2473 -0.4163 
407 -1.7396 0.5176 0.7236 0.6766 0.5538 -0.2485 -0.4169 
408 -1.7395 0.5154 0.723 0.6751 0.5557 -0.2488 -0.4165 
409 -1.7398 0.5134 0.7224 0.6756 0.5554 -0.2476 -0.417 
410 -1.7402 0.5117 0.7221 0.6781 0.5543 -0.2473 -0.4145 
411 -1.7404 0.5096 0.722 0.679 0.5541 -0.2493 -0.4121 
412 -1.7404 0.5069 0.7215 0.6792 0.554 -0.2488 -0.4121 
413 -1.7398 0.5045 0.7214 0.6774 0.5562 -0.248 -0.4126 
414 -1.7394 0.502 0.7205 0.6748 0.5594 -0.2489 -0.4121 
415 -1.7377 0.497 0.7189 0.6741 0.5621 -0.2523 -0.4074 
416 -1.7364 0.4932 0.718 0.6722 0.5657 -0.2556 -0.4034 
417 -1.7344 0.4894 0.7168 0.6696 0.5698 -0.2561 -0.4018 
418 -1.7318 0.4849 0.7154 0.6685 0.5734 -0.2536 -0.4001 
419 -1.7301 0.4819 0.7144 0.6702 0.5754 -0.2537 -0.3941 
420 -1.727 0.4777 0.7132 0.6708 0.5753 -0.255 -0.3925 
421 -1.7246 0.4755 0.7116 0.6722 0.5763 -0.2535 -0.3896 
422 -1.7219 0.4723 0.7105 0.6733 0.5791 -0.2495 -0.3861 
423 -1.7165 0.4655 0.7083 0.6735 0.5819 -0.2467 -0.3834 
424 -1.7153 0.463 0.7068 0.672 0.5838 -0.2495 -0.3812 
425 -1.7135 0.4577 0.7052 0.6764 0.5922 -0.2391 -0.367 
426 -1.711 0.451 0.7041 0.6771 0.5938 -0.2394 -0.3628 
427 -1.7087 0.4464 0.7042 0.6745 0.5883 -0.2457 -0.3722 
428 -1.708 0.441 0.7034 0.6739 0.5908 -0.2448 -0.3699 
429 -1.7081 0.4346 0.7033 0.6736 0.5897 -0.2453 -0.3719 
430 -1.709 0.43 0.7039 0.674 0.5894 -0.2473 -0.3705 
431 -1.7094 0.4247 0.705 0.6716 0.5912 -0.2494 -0.3704 
432 -1.7097 0.4222 0.7058 0.6705 0.5915 -0.2475 -0.3733 
433 -1.7097 0.4201 0.7062 0.6726 0.5896 -0.2453 -0.3739 
434 -1.7092 0.4168 0.706 0.6751 0.5876 -0.2461 -0.3721 
435 -1.7078 0.4118 0.7033 0.6804 0.586 -0.2397 -0.3691 
436 -1.7071 0.4077 0.702 0.6809 0.5878 -0.2392 -0.3655 
437 -1.7064 0.4046 0.7017 0.6788 0.5877 -0.2428 -0.3673 
438 -1.7061 0.4021 0.7011 0.6775 0.5888 -0.2409 -0.3692 
439 -1.7057 0.3984 0.699 0.6785 0.5901 -0.2363 -0.3683 
440 -1.7061 0.3921 0.6985 0.6798 0.5887 -0.2415 -0.3648 
441 -1.7081 0.3887 0.6984 0.6765 0.5902 -0.2439 -0.3668 
442 -1.7091 0.3856 0.6981 0.677 0.5898 -0.2412 -0.3682 
443 -1.71 0.3821 0.6983 0.6781 0.589 -0.2424 -0.3667 
444 -1.7127 0.3776 0.6974 0.6803 0.5862 -0.2444 -0.3659 
445 -1.7145 0.3742 0.6971 0.6823 0.5849 -0.2438 -0.3647 
446 -1.7159 0.3704 0.6969 0.6825 0.5843 -0.245 -0.3643 
447 -1.7183 0.3563 0.6959 0.6752 0.5921 -0.251 -0.3613 
448 -1.7188 0.351 0.6943 0.6727 0.5975 -0.2487 -0.3587 
449 -1.7193 0.348 0.6933 0.6725 0.597 -0.2503 -0.3587 
450 -1.72 0.3453 0.6926 0.6728 0.5962 -0.2531 -0.3575 
451 -1.721 0.3421 0.6917 0.6753 0.5944 -0.2526 -0.356 
452 -1.7218 0.3399 0.6909 0.676 0.5937 -0.2513 -0.3569 
453 -1.7223 0.3377 0.6907 0.6745 0.5938 -0.2528 -0.3587 
454 -1.7229 0.3345 0.6908 0.6725 0.5945 -0.2549 -0.3596 
455 -1.7238 0.3322 0.691 0.671 0.5945 -0.2569 -0.361 
456 -1.725 0.3295 0.6912 0.6701 0.5951 -0.254 -0.3636 
457 -1.7253 0.3271 0.6915 0.6722 0.5945 -0.2508 -0.3632 
458 -1.7271 0.3249 0.6919 0.6724 0.593 -0.2549 -0.3622 
459 -1.7284 0.3216 0.6926 0.6731 0.5906 -0.2587 -0.3621 
460 -1.7294 0.3196 0.6929 0.6737 0.5906 -0.2546 -0.364 
461 -1.7303 0.3176 0.6929 0.6738 0.5897 -0.2531 -0.3664 
462 -1.7316 0.3145 0.6929 0.6765 0.5871 -0.2545 -0.3647 
463 -1.7322 0.3123 0.6928 0.679 0.5852 -0.2539 -0.3634 
464 -1.734 0.3097 0.6928 0.6814 0.5834 -0.2508 -0.364 
465 -1.7354 0.3076 0.693 0.6818 0.5824 -0.2513 -0.3645 
466 -1.7365 0.3054 0.6938 0.6821 0.5819 -0.2523 -0.3638 
467 -1.7387 0.3028 0.6946 0.6836 0.5798 -0.2519 -0.3647 
468 -1.7406 0.3015 0.6952 0.6853 0.5782 -0.25 -0.3655 
469 -1.7424 0.2998 0.6958 0.6859 0.5766 -0.2505 -0.3665 
470 -1.7464 0.2982 0.6965 0.684 0.575 -0.2567 -0.3684 
471 -1.7474 0.2964 0.6977 0.6888 0.5718 -0.2524 -0.3672 
472 -1.7502 0.2958 0.6982 0.6858 0.5722 -0.2571 -0.3691 
473 -1.752 0.2934 0.6995 0.6841 0.5733 -0.2601 -0.3683 
474 -1.7533 0.2919 0.7003 0.6826 0.5737 -0.2618 -0.3693 
475 -1.7545 0.2904 0.701 0.6808 0.5753 -0.2637 -0.3687 
476 -1.7554 0.2884 0.7016 0.679 0.5767 -0.2676 -0.3672 
477 -1.7561 0.287 0.7021 0.6777 0.576 -0.2716 -0.3677 
478 -1.7564 0.2859 0.7027 0.6761 0.5768 -0.2729 -0.3683 
479 -1.7564 0.2841 0.703 0.6745 0.5791 -0.2716 -0.3687 
480 -1.756 0.2828 0.7032 0.6735 0.5794 -0.2736 -0.3685 
481 -1.7554 0.2815 0.7037 0.6744 0.5787 -0.275 -0.367 
482 -1.7545 0.2799 0.7036 0.6752 0.5787 -0.2737 -0.3666 
483 -1.7536 0.2785 0.7033 0.6746 0.5792 -0.2746 -0.3661 
484 -1.7523 0.277 0.7032 0.6743 0.5797 -0.2757 -0.3651 
485 -1.7506 0.2754 0.7029 0.673 0.5815 -0.274 -0.3659 
486 -1.7485 0.2742 0.7026 0.6725 0.5827 -0.2715 -0.3669 
487 -1.7476 0.2732 0.7027 0.6709 0.5838 -0.273 -0.3668 
488 -1.7449 0.2711 0.7029 0.6701 0.5852 -0.2777 -0.3625 
489 -1.7433 0.2699 0.7034 0.6686 0.5873 -0.2813 -0.3591 
490 -1.7413 0.2692 0.7038 0.663 0.5903 -0.2844 -0.362 
491 -1.7395 0.2686 0.7044 0.6595 0.594 -0.2843 -0.3625 
492 -1.7375 0.2679 0.7053 0.6568 0.5948 -0.2886 -0.3627 
493 -1.7348 0.2673 0.706 0.655 0.5982 -0.291 -0.3583 
494 -1.733 0.2671 0.7065 0.655 0.5984 -0.2904 -0.3586 
495 -1.7308 0.2658 0.7067 0.6558 0.5986 -0.2911 -0.3561 
496 -1.7278 0.2643 0.7065 0.6551 0.6006 -0.2933 -0.3521 
497 -1.7262 0.2637 0.706 0.6548 0.6026 -0.2923 -0.3502 
498 -1.7253 0.2631 0.7056 0.6541 0.6029 -0.2923 -0.351 
499 -1.7248 0.2627 0.7054 0.6541 0.6019 -0.2949 -0.3506 
500 -1.7244 0.2628 0.7042 0.656 0.6011 -0.2948 -0.3486 
501 -1.7248 0.2625 0.7031 0.6491 0.6029 -0.3029 -0.3514 
502 -1.7246 0.264 0.7009 0.6441 0.6074 -0.3007 -0.3547 
503 -1.7251 0.2648 0.699 0.6441 0.6072 -0.2986 -0.3568 
504 -1.7255 0.2656 0.6973 0.644 0.6079 -0.3007 -0.354 
505 -1.7257 0.2673 0.6948 0.6419 0.609 -0.3052 -0.3519 
506 -1.7261 0.2686 0.6927 0.6407 0.6092 -0.3062 -0.353 
507 -1.7263 0.2694 0.6909 0.6409 0.6103 -0.3046 -0.3521 
508 -1.7269 0.2703 0.6889 0.6374 0.6127 -0.3083 -0.351 
509 -1.7274 0.2709 0.6877 0.6314 0.6158 -0.3128 -0.3524 
510 -1.7279 0.2717 0.6857 0.6249 0.6216 -0.3133 -0.3535 
511 -1.7286 0.2719 0.6843 0.6233 0.6238 -0.3127 -0.3529 
512 -1.7289 0.2721 0.6834 0.6212 0.6255 -0.3155 -0.3511 
513 -1.7296 0.2718 0.6825 0.6145 0.6297 -0.3233 -0.3484 
514 -1.7297 0.2712 0.6818 0.6108 0.6331 -0.3236 -0.3485 
515 -1.7304 0.2709 0.6816 0.6061 0.6366 -0.3247 -0.3493 
516 -1.7296 0.27 0.6809 0.5999 0.6405 -0.3301 -0.3477 
517 -1.7292 0.269 0.6803 0.596 0.6426 -0.3353 -0.3456 
518 -1.7277 0.2684 0.68 0.5963 0.6464 -0.3295 -0.3436 
519 -1.7281 0.2681 0.6791 0.5911 0.6465 -0.3349 -0.347 
520 -1.7265 0.2679 0.6797 0.5928 0.6469 -0.3302 -0.348 
521 -1.7256 0.2669 0.6796 0.5946 0.6489 -0.3279 -0.3433 
522 -1.7246 0.2659 0.6799 0.5927 0.6503 -0.3318 -0.3403 
523 -1.7233 0.2641 0.6805 0.589 0.6523 -0.3322 -0.3423 
524 -1.7222 0.2631 0.6804 0.5861 0.6547 -0.3316 -0.3433 
525 -1.7205 0.2611 0.6804 0.5794 0.6592 -0.3352 -0.3426 
526 -1.7189 0.2596 0.6803 0.5726 0.6616 -0.3403 -0.3444 
527 -1.7173 0.2583 0.6804 0.5701 0.6636 -0.3393 -0.3457 
528 -1.7152 0.2568 0.6809 0.5704 0.6657 -0.3403 -0.34 
529 -1.7139 0.2554 0.6807 0.569 0.6666 -0.3447 -0.3362 
530 -1.7116 0.254 0.6806 0.5655 0.6689 -0.3476 -0.3346 
531 -1.71 0.2526 0.6809 0.5612 0.6732 -0.3459 -0.335 
532 -1.7083 0.251 0.6803 0.5568 0.6764 -0.3474 -0.3345 
533 -1.7056 0.2491 0.68 0.5538 0.6792 -0.3503 -0.3306 
534 -1.7042 0.2481 0.6798 0.5524 0.6807 -0.3522 -0.3277 
535 -1.7024 0.2469 0.6795 0.5513 0.6821 -0.3516 -0.3275 
536 -1.7012 0.2458 0.6794 0.5503 0.6824 -0.3523 -0.3277 
537 -1.6997 0.2447 0.6795 0.5475 0.6844 -0.355 -0.3252 
538 -1.6971 0.2427 0.6795 0.5421 0.6879 -0.3586 -0.3232 
539 -1.6948 0.2411 0.6793 0.5387 0.6904 -0.3586 -0.3234 
540 -1.6925 0.2397 0.6785 0.5346 0.6947 -0.3585 -0.321 
541 -1.69 0.2377 0.6775 0.5314 0.6978 -0.3598 -0.3181 
542 -1.6882 0.2359 0.6774 0.5303 0.6977 -0.3626 -0.3171 
543 -1.6865 0.2348 0.6774 0.5258 0.7005 -0.3664 -0.3141 
544 -1.6843 0.2329 0.6771 0.5205 0.7055 -0.3663 -0.3118 
545 -1.6828 0.231 0.6774 0.5174 0.7066 -0.368 -0.3124 
546 -1.6815 0.2295 0.6776 0.5124 0.7094 -0.3701 -0.3119 
547 -1.6795 0.2273 0.6773 0.5095 0.7124 -0.3701 -0.3097 
548 -1.6791 0.2258 0.6774 0.5083 0.7127 -0.3716 -0.3091 
549 -1.6786 0.2246 0.6776 0.5101 0.7131 -0.3704 -0.3069 
550 -1.6784 0.2227 0.6776 0.512 0.7132 -0.3713 -0.3022 
551 -1.6785 0.2214 0.6778 0.5114 0.7125 -0.3743 -0.3011 
552 -1.6784 0.2203 0.6782 0.5099 0.7132 -0.3754 -0.3008 
553 -1.6783 0.219 0.6783 0.5058 0.7157 -0.3754 -0.3016 
554 -1.6778 0.2181 0.6782 0.5026 0.717 -0.3777 -0.301 
555 -1.6772 0.2173 0.6782 0.5007 0.7186 -0.3797 -0.2979 
556 -1.6746 0.2147 0.6776 0.4988 0.7211 -0.3814 -0.2927 
557 -1.6725 0.2131 0.678 0.4963 0.7238 -0.3814 -0.2903 
558 -1.6704 0.2107 0.6782 0.4918 0.7255 -0.3846 -0.2898 
559 -1.6684 0.208 0.6785 0.4872 0.7285 -0.3858 -0.2883 
560 -1.6666 0.2055 0.6787 0.4837 0.7302 -0.3866 -0.2888 
561 -1.6648 0.2032 0.6792 0.481 0.7306 -0.3884 -0.2899 
562 -1.6633 0.2007 0.6794 0.4772 0.732 -0.3933 -0.2859 
563 -1.6607 0.1985 0.6799 0.4763 0.7367 -0.3897 -0.2802 
564 -1.6586 0.1955 0.6805 0.4682 0.74 -0.3924 -0.2814 
565 -1.656 0.193 0.6814 0.4657 0.7422 -0.3901 -0.2831 
566 -1.6538 0.1907 0.682 0.4631 0.7431 -0.3924 -0.2816 
567 -1.6512 0.1875 0.6837 0.4624 0.7446 -0.3935 -0.2773 
568 -1.6484 0.1829 0.6863 0.4584 0.7436 -0.3993 -0.2784 
569 -1.6477 0.1805 0.6871 0.4521 0.745 -0.406 -0.2752 
570 -1.6457 0.1777 0.6888 0.4465 0.7466 -0.4068 -0.2789 
571 -1.6443 0.1761 0.6896 0.445 0.748 -0.4048 -0.2804 
572 -1.643 0.175 0.6906 0.4448 0.7478 -0.4067 -0.2784 
573 -1.6413 0.1738 0.6923 0.4465 0.7464 -0.4091 -0.2758 
574 -1.6399 0.1727 0.6934 0.4473 0.7471 -0.4081 -0.2744 
575 -1.6348 0.1692 0.6967 0.4386 0.7502 -0.4109 -0.2757 
576 -1.6324 0.1673 0.6981 0.4353 0.7517 -0.411 -0.2767 
577 -1.6294 0.1655 0.6996 0.4334 0.7529 -0.4113 -0.276 
578 -1.6243 0.1622 0.7022 0.4321 0.753 -0.4143 -0.273 
579 -1.6202 0.1597 0.7039 0.4305 0.7523 -0.4178 -0.2724 
580 -1.6132 0.1558 0.7055 0.4307 0.7533 -0.4167 -0.271 
581 -1.6074 0.1522 0.7071 0.4298 0.7543 -0.4176 -0.2681 
582 -1.6011 0.149 0.7074 0.4308 0.7538 -0.421 -0.2625 
583 -1.5936 0.1448 0.7076 0.4287 0.7568 -0.4191 -0.2604 
584 -1.5875 0.1428 0.7074 0.4342 0.7559 -0.416 -0.2589 
585 -1.5822 0.14 0.7077 0.4355 0.7548 -0.418 -0.2568 
586 -1.5751 0.1364 0.708 0.4347 0.756 -0.4189 -0.2529 
587 -1.5698 0.1337 0.708 0.433 0.7581 -0.4179 -0.2514 
588 -1.565 0.1306 0.7082 0.4317 0.7591 -0.4168 -0.2524 
589 -1.5599 0.1266 0.7096 0.4281 0.7596 -0.4196 -0.2525 
590 -1.5562 0.1243 0.7101 0.4283 0.7604 -0.4189 -0.2506 
591 -1.5532 0.1223 0.71 0.4303 0.7584 -0.4203 -0.251 
592 -1.5495 0.1187 0.7117 0.4292 0.7586 -0.4198 -0.2532 
593 -1.5472 0.1163 0.7123 0.4281 0.7586 -0.4208 -0.2536 
594 -1.5448 0.114 0.7129 0.428 0.7575 -0.4225 -0.2539 
595 -1.5418 0.1112 0.7131 0.4275 0.7585 -0.421 -0.2544 
596 -1.5392 0.1089 0.713 0.4275 0.7588 -0.4196 -0.2557 
597 -1.5372 0.1067 0.7134 0.4266 0.7576 -0.4218 -0.2573 
598 -1.5332 0.1042 0.714 0.4319 0.7556 -0.419 -0.2589 
599 -1.5317 0.1029 0.7129 0.434 0.7541 -0.4199 -0.2584 
600 -1.5276 0.1001 0.7123 0.4373 0.7537 -0.4165 -0.2592 
601 -1.5253 0.0981 0.7117 0.4376 0.7534 -0.4164 -0.2598 
602 -1.5228 0.0965 0.7106 0.4372 0.754 -0.4147 -0.2614 
603 -1.5197 0.0943 0.709 0.4395 0.7541 -0.4116 -0.2622 
604 -1.5181 0.0932 0.7079 0.4427 0.752 -0.4107 -0.2644 
605 -1.5171 0.0924 0.7064 0.4446 0.7509 -0.4091 -0.2668 
606 -1.5158 0.0914 0.7043 0.4465 0.7499 -0.4074 -0.2688 
607 -1.5147 0.0907 0.7033 0.4474 0.7494 -0.4071 -0.2692 
608 -1.5141 0.0901 0.7023 0.4475 0.749 -0.4062 -0.2717 
609 -1.5149 0.0887 0.7013 0.4513 0.7484 -0.4008 -0.2751 
610 -1.5153 0.0878 0.7013 0.4551 0.7464 -0.3996 -0.2759 
611 -1.5161 0.0857 0.7019 0.458 0.7446 -0.4006 -0.2745 
612 -1.5172 0.0835 0.7029 0.4602 0.7419 -0.4015 -0.2766 
613 -1.517 0.0824 0.7042 0.4652 0.7419 -0.3942 -0.2788 
614 -1.5194 0.0795 0.7059 0.4666 0.7386 -0.3968 -0.2817 
615 -1.5211 0.0777 0.707 0.4696 0.7357 -0.3966 -0.2844 
616 -1.5242 0.0756 0.7082 0.4746 0.7339 -0.393 -0.2859 
617 -1.527 0.0746 0.709 0.4788 0.7295 -0.3941 -0.2884 
618 -1.5297 0.0738 0.7101 0.4829 0.7252 -0.3949 -0.2915 
619 -1.5319 0.0732 0.711 0.4885 0.7218 -0.3934 -0.2925 
620 -1.534 0.0723 0.7114 0.4945 0.7198 -0.3901 -0.2918 
621 -1.536 0.0701 0.7128 0.4945 0.7198 -0.3893 -0.2931 
622 -1.538 0.0676 0.7158 0.4929 0.7183 -0.3901 -0.2981 
623 -1.5386 0.0669 0.7164 0.4955 0.7175 -0.3884 -0.2978 
624 -1.539 0.0655 0.717 0.4997 0.7173 -0.3855 -0.2952 
625 -1.5398 0.0634 0.7181 0.5019 0.7151 -0.3862 -0.2958 
626 -1.5403 0.0614 0.7194 0.5033 0.7138 -0.3864 -0.2964 
627 -1.5409 0.0594 0.7202 0.5042 0.7125 -0.3868 -0.2973 
628 -1.5414 0.0567 0.7203 0.5056 0.7121 -0.3867 -0.2963 
629 -1.5415 0.0545 0.7203 0.5096 0.7108 -0.3851 -0.2945 
630 -1.5423 0.053 0.7204 0.5164 0.7081 -0.3824 -0.2928 
631 -1.5441 0.0506 0.7211 0.5247 0.7015 -0.3817 -0.2948 
632 -1.544 0.0477 0.7219 0.526 0.6997 -0.3839 -0.2939 
633 -1.5432 0.0444 0.7224 0.5228 0.7017 -0.3848 -0.2939 
634 -1.5416 0.0417 0.7229 0.5233 0.7034 -0.3796 -0.2957 
635 -1.5408 0.0394 0.7232 0.5219 0.7037 -0.3801 -0.2964 
636 -1.5391 0.0357 0.724 0.5257 0.7017 -0.3819 -0.2921 
637 -1.5387 0.0334 0.7243 0.53 0.6988 -0.381 -0.2926 
638 -1.5385 0.0304 0.7245 0.5331 0.6961 -0.3797 -0.295 
639 -1.5381 0.0262 0.7246 0.5363 0.695 -0.3778 -0.2943 
640 -1.5378 0.0224 0.7249 0.5379 0.6935 -0.3786 -0.2938 
641 -1.5376 0.017 0.7249 0.5364 0.6938 -0.3804 -0.2936 
642 -1.5376 0.0095 0.7244 0.5391 0.6924 -0.3774 -0.2958 
643 -1.54 0.0018 0.7252 0.543 0.6872 -0.3778 -0.3002 
644 -1.5416 -0.0008 0.7247 0.5464 0.6848 -0.3744 -0.304 
645 -1.5429 -0.0054 0.7238 0.5573 0.6835 -0.3662 -0.297 
646 -1.5439 -0.0091 0.7234 0.5581 0.6806 -0.3715 -0.2953 
647 -1.5451 -0.0127 0.7224 0.5556 0.6786 -0.3752 -0.3001 
648 -1.5469 -0.0165 0.7212 0.5573 0.6821 -0.3639 -0.3028 
649 -1.5478 -0.0204 0.7197 0.5573 0.6821 -0.3635 -0.3032 
650 -1.5491 -0.0238 0.7185 0.5563 0.6814 -0.3678 -0.3016 
651 -1.5505 -0.0281 0.7169 0.5566 0.6808 -0.3662 -0.3042 
652 -1.5519 -0.0313 0.7149 0.5536 0.6793 -0.3671 -0.3121 
653 -1.5525 -0.0345 0.7135 0.5542 0.679 -0.3659 -0.3129 
654 -1.5533 -0.0391 0.7116 0.557 0.6785 -0.3651 -0.3099 
655 -1.5537 -0.0427 0.7111 0.5599 0.6811 -0.3597 -0.3053 
656 -1.5551 -0.0469 0.7097 0.5572 0.6792 -0.3615 -0.3123 
657 -1.5559 -0.0524 0.7097 0.5564 0.6781 -0.3628 -0.3146 
658 -1.5565 -0.0564 0.709 0.5564 0.6778 -0.3634 -0.3147 
659 -1.5571 -0.0603 0.7081 0.5583 0.6771 -0.3619 -0.3145 
660 -1.5581 -0.0654 0.7076 0.5613 0.6754 -0.3607 -0.3141 
661 -1.5598 -0.074 0.707 0.5657 0.6692 -0.3615 -0.3184 
662 -1.5599 -0.0817 0.7069 0.5646 0.6712 -0.3599 -0.3182 
663 -1.5605 -0.0865 0.707 0.5651 0.6711 -0.3569 -0.3207 
664 -1.5605 -0.0901 0.707 0.5666 0.6708 -0.3553 -0.3207 
665 -1.561 -0.0941 0.7079 0.5663 0.6697 -0.357 -0.3216 
666 -1.5611 -0.0997 0.7079 0.5664 0.6683 -0.3568 -0.3244 
667 -1.5613 -0.1038 0.7077 0.5662 0.6678 -0.3556 -0.3271 
668 -1.5616 -0.1083 0.7079 0.568 0.667 -0.3538 -0.3275 
669 -1.5616 -0.114 0.7077 0.5679 0.6653 -0.359 -0.3256 
670 -1.5616 -0.1187 0.7077 0.5689 0.6649 -0.3583 -0.3254 
671 -1.5621 -0.1247 0.7076 0.5703 0.6644 -0.3539 -0.3287 
672 -1.5623 -0.1288 0.7081 0.5727 0.6615 -0.3536 -0.3307 
673 -1.5635 -0.1338 0.71 0.5759 0.6605 -0.3524 -0.3284 
674 -1.5641 -0.1394 0.7111 0.578 0.6553 -0.3559 -0.3314 
675 -1.5644 -0.144 0.7125 0.5797 0.6574 -0.3498 -0.3308 
676 -1.5645 -0.1549 0.715 0.5789 0.6568 -0.3498 -0.3333 
677 -1.5643 -0.1629 0.717 0.585 0.6534 -0.3464 -0.3329 
678 -1.564 -0.168 0.7187 0.5879 0.6507 -0.346 -0.3337 
679 -1.5637 -0.1716 0.7203 0.5911 0.6483 -0.3443 -0.3343 
680 -1.5632 -0.1758 0.7216 0.5946 0.6455 -0.3452 -0.3327 
681 -1.5627 -0.1814 0.7239 0.5961 0.6445 -0.3465 -0.3304 
682 -1.5623 -0.1856 0.726 0.5957 0.644 -0.3476 -0.331 
683 -1.5618 -0.196 0.7301 0.5945 0.6428 -0.3482 -0.335 
684 -1.562 -0.2004 0.7309 0.5964 0.641 -0.3511 -0.3318 
685 -1.5601 -0.2071 0.734 0.603 0.6372 -0.3472 -0.3313 
686 -1.5612 -0.2121 0.7367 0.6035 0.6353 -0.3487 -0.3326 
687 -1.5614 -0.2168 0.7401 0.6067 0.632 -0.3487 -0.3331 
688 -1.5615 -0.223 0.7441 0.6096 0.6283 -0.3504 -0.3329 
689 -1.5611 -0.2276 0.7472 0.6108 0.6287 -0.3476 -0.3329 
690 -1.5609 -0.2321 0.75 0.6123 0.6266 -0.3485 -0.3332 
691 -1.5605 -0.2378 0.754 0.614 0.6234 -0.3509 -0.3336 
692 -1.5597 -0.2416 0.7566 0.6197 0.6223 -0.3459 -0.3303 
693 -1.5593 -0.2453 0.7585 0.6221 0.6196 -0.3446 -0.3321 
694 -1.5595 -0.2504 0.7596 0.6201 0.613 -0.353 -0.3392 
695 -1.5587 -0.2544 0.7609 0.6255 0.6118 -0.3478 -0.337 
696 -1.5581 -0.2587 0.7612 0.6283 0.6085 -0.3483 -0.3371 
697 -1.557 -0.2649 0.7606 0.6296 0.6075 -0.3474 -0.3374 
698 -1.5561 -0.2698 0.7603 0.6306 0.6089 -0.3441 -0.3365 
699 -1.5547 -0.2747 0.7602 0.6308 0.6075 -0.3445 -0.3382 
700 -1.554 -0.2807 0.76 0.6309 0.6029 -0.3464 -0.3442 
701 -1.5538 -0.2855 0.7599 0.634 0.6019 -0.3425 -0.3442 
702 -1.5537 -0.2903 0.7588 0.637 0.6012 -0.3395 -0.3429 
703 -1.5548 -0.2972 0.7586 0.6395 0.5974 -0.3394 -0.3448 
704 -1.5558 -0.3015 0.7592 0.6415 0.5943 -0.3382 -0.3478 
705 -1.5562 -0.3073 0.7604 0.643 0.5936 -0.3325 -0.3516 
706 -1.5561 -0.3115 0.7615 0.6435 0.5913 -0.3326 -0.3544 
707 -1.5561 -0.3158 0.7626 0.6417 0.5887 -0.3364 -0.3585 
708 -1.5542 -0.3222 0.7616 0.6442 0.5897 -0.3296 -0.3585 
709 -1.5522 -0.3314 0.7604 0.6491 0.5868 -0.3246 -0.3592 
710 -1.5511 -0.337 0.7602 0.6526 0.5836 -0.3231 -0.3594 
711 -1.5504 -0.3409 0.7594 0.6544 0.5818 -0.3202 -0.3616 
712 -1.5494 -0.3452 0.7587 0.6555 0.582 -0.3176 -0.3616 
713 -1.5481 -0.3513 0.7587 0.6553 0.5815 -0.3183 -0.3622 
714 -1.5476 -0.3554 0.7588 0.6547 0.5802 -0.319 -0.3648 
715 -1.5468 -0.3594 0.7588 0.6555 0.5797 -0.3146 -0.3679 
716 -1.5464 -0.3638 0.759 0.6564 0.5764 -0.3127 -0.373 
717 -1.5459 -0.3678 0.7596 0.6574 0.5736 -0.3153 -0.3734 
718 -1.5447 -0.3769 0.7599 0.6602 0.5696 -0.3098 -0.3793 
719 -1.5441 -0.3813 0.7598 0.661 0.5686 -0.3088 -0.38 
720 -1.5438 -0.3858 0.7601 0.6597 0.5679 -0.3132 -0.3799 
721 -1.5433 -0.39 0.76 0.6602 0.5684 -0.3124 -0.3787 
722 -1.5424 -0.3956 0.7603 0.6605 0.568 -0.308 -0.3825 
723 -1.5417 -0.4001 0.7606 0.6616 0.5655 -0.3081 -0.3842 
724 -1.5409 -0.4067 0.7618 0.6637 0.5622 -0.3108 -0.3832 
725 -1.5404 -0.4116 0.7623 0.6636 0.5609 -0.3112 -0.385 
726 -1.5407 -0.4161 0.7623 0.6637 0.5596 -0.3083 -0.3889 
727 -1.5404 -0.4228 0.7629 0.6644 0.5578 -0.3073 -0.3911 
728 -1.5402 -0.4276 0.7636 0.6658 0.5549 -0.3093 -0.3913 
729 -1.5397 -0.4326 0.7637 0.6675 0.5531 -0.309 -0.3912 
730 -1.5393 -0.439 0.7632 0.6698 0.5518 -0.3038 -0.3933 
731 -1.5392 -0.4433 0.7631 0.6715 0.5485 -0.3029 -0.3955 
732 -1.539 -0.4497 0.763 0.6757 0.543 -0.3034 -0.3956 
733 -1.5386 -0.4547 0.7621 0.6788 0.5416 -0.3013 -0.394 
734 -1.5382 -0.4594 0.7614 0.683 0.5384 -0.298 -0.3934 
735 -1.538 -0.4654 0.7619 0.6855 0.5338 -0.2994 -0.3944 
736 -1.5388 -0.4695 0.7622 0.6847 0.534 -0.3013 -0.3939 
737 -1.5387 -0.4736 0.7624 0.6848 0.533 -0.2983 -0.3974 
738 -1.5387 -0.4783 0.7633 0.6885 0.5302 -0.2931 -0.3987 
739 -1.5385 -0.4813 0.7647 0.6922 0.5266 -0.2931 -0.397 
740 -1.5385 -0.4844 0.7651 0.6924 0.5229 -0.2965 -0.3991 
741 -1.5389 -0.4875 0.7646 0.6945 0.5192 -0.2924 -0.4032 
742 -1.5383 -0.4905 0.764 0.6955 0.5187 -0.2903 -0.4037 
743 -1.5377 -0.494 0.7632 0.6948 0.519 -0.292 -0.4033 
744 -1.5372 -0.4973 0.7628 0.6944 0.5194 -0.2912 -0.4039 
745 -1.5369 -0.4997 0.7625 0.6934 0.5198 -0.2884 -0.4072 
746 -1.5369 -0.5031 0.763 0.6927 0.5184 -0.2885 -0.4101 
747 -1.5371 -0.5061 0.7635 0.6945 0.5158 -0.2889 -0.4101 
748 -1.5383 -0.5086 0.7634 0.6961 0.5118 -0.2893 -0.412 
749 -1.5394 -0.5133 0.7636 0.6986 0.5088 -0.2872 -0.4131 
750 -1.541 -0.5173 0.763 0.6993 0.5065 -0.2854 -0.416 
751 -1.542 -0.5216 0.7624 0.7012 0.5053 -0.285 -0.4145 
752 -1.5431 -0.5274 0.7608 0.7023 0.5039 -0.2869 -0.413 
753 -1.5439 -0.5319 0.7589 0.7032 0.5035 -0.2856 -0.4129 
754 -1.5446 -0.536 0.7572 0.7043 0.5031 -0.2828 -0.4134 
755 -1.5459 -0.5413 0.755 0.7051 0.5019 -0.2768 -0.4175 
756 -1.5468 -0.546 0.7531 0.7045 0.503 -0.2747 -0.4186 
757 -1.5481 -0.5504 0.7512 0.7029 0.5038 -0.2768 -0.4189 
758 -1.5503 -0.5564 0.7488 0.7049 0.5004 -0.2753 -0.4206 
759 -1.5521 -0.5617 0.7469 0.7062 0.4978 -0.2737 -0.4226 
760 -1.5537 -0.5674 0.7449 0.7074 0.4968 -0.2726 -0.4223 
761 -1.5553 -0.576 0.7421 0.7092 0.4969 -0.2707 -0.4206 
762 -1.5561 -0.5826 0.741 0.7121 0.4952 -0.2678 -0.4195 
763 -1.5564 -0.589 0.7406 0.7131 0.4924 -0.2684 -0.4208 
764 -1.5567 -0.598 0.74 0.7122 0.493 -0.269 -0.4212 
765 -1.557 -0.6043 0.7387 0.7096 0.4931 -0.2673 -0.4264 
766 -1.5568 -0.6119 0.7377 0.7111 0.4944 -0.2646 -0.4241 
767 -1.5567 -0.6211 0.7379 0.7088 0.495 -0.2698 -0.424 
768 -1.5568 -0.6275 0.7376 0.7042 0.4968 -0.2726 -0.4277 
769 -1.5562 -0.6354 0.7367 0.7023 0.4991 -0.267 -0.4317 
770 -1.5556 -0.6413 0.7364 0.7013 0.4993 -0.268 -0.4325 
771 -1.5547 -0.6482 0.7366 0.703 0.4987 -0.268 -0.4304 
772 -1.5541 -0.6526 0.7371 0.705 0.4983 -0.2642 -0.4299 
773 -1.554 -0.6567 0.7389 0.7089 0.4976 -0.2581 -0.428 
774 -1.5571 -0.6605 0.7428 0.7174 0.4888 -0.2513 -0.4281 
775 -1.5596 -0.6638 0.7458 0.7287 0.4736 -0.2511 -0.4261 
776 -1.5618 -0.6675 0.749 0.7381 0.4615 -0.2521 -0.4226 
777 -1.5637 -0.6729 0.7526 0.7456 0.4498 -0.2513 -0.4225 
778 -1.5639 -0.6781 0.7548 0.7445 0.4494 -0.2534 -0.4238 
779 -1.5633 -0.6838 0.7564 0.7385 0.4534 -0.2563 -0.4282 
780 -1.561 -0.6921 0.7568 0.7323 0.4602 -0.2539 -0.433 
781 -1.5584 -0.6977 0.7556 0.7306 0.4634 -0.2528 -0.433 
782 -1.5551 -0.7032 0.7537 0.7329 0.4638 -0.2525 -0.429 
783 -1.5513 -0.71 0.7515 0.7345 0.463 -0.2538 -0.4264 
784 -1.548 -0.7157 0.7497 0.733 0.4657 -0.2535 -0.4262 
785 -1.545 -0.7207 0.7475 0.7286 0.4704 -0.2532 -0.4287 
786 -1.5404 -0.7277 0.7442 0.7194 0.4789 -0.2566 -0.4328 
787 -1.5364 -0.7319 0.7406 0.7129 0.4852 -0.2571 -0.4363 
788 -1.5309 -0.7358 0.7356 0.7102 0.4884 -0.2506 -0.4408 
789 -1.5266 -0.7388 0.7302 0.7103 0.4905 -0.2492 -0.4391 
790 -1.5219 -0.7418 0.7249 0.7097 0.495 -0.2481 -0.4356 
791 -1.5158 -0.7461 0.7175 0.7103 0.4984 -0.2424 -0.434 
792 -1.5116 -0.7495 0.7123 0.7091 0.5032 -0.2376 -0.4331 
793 -1.5078 -0.753 0.7081 0.7069 0.5078 -0.2371 -0.4316 
794 -1.5044 -0.7562 0.7032 0.7043 0.5091 -0.2341 -0.4359 
795 -1.5023 -0.759 0.7007 0.7042 0.5098 -0.2299 -0.4375 
796 -1.5009 -0.7623 0.6991 0.7047 0.5091 -0.2286 -0.4381 
797 -1.5001 -0.7672 0.6986 0.705 0.5071 -0.2316 -0.4384 
798 -1.4994 -0.7712 0.6986 0.7031 0.5069 -0.2331 -0.4408 
799 -1.4986 -0.7751 0.6978 0.6992 0.5101 -0.2317 -0.4442 
800 -1.4973 -0.7795 0.6958 0.6982 0.5139 -0.2268 -0.4437 
801 -1.4963 -0.7824 0.6953 0.6992 0.5124 -0.2285 -0.4431 
802 -1.4962 -0.7853 0.6932 0.6991 0.5076 -0.2304 -0.4478 
803 -1.4945 -0.7878 0.6909 0.7011 0.5068 -0.2255 -0.448 
804 -1.4928 -0.7908 0.6881 0.7019 0.5081 -0.2243 -0.446 
805 -1.4902 -0.7963 0.6845 0.7019 0.5095 -0.2269 -0.443 
806 -1.4885 -0.8008 0.6822 0.703 0.5096 -0.2258 -0.4418 
807 -1.4876 -0.8057 0.6803 0.7018 0.5109 -0.2244 -0.4428 
808 -1.4874 -0.8131 0.6778 0.7005 0.5112 -0.2225 -0.4455 
809 -1.4878 -0.8192 0.6766 0.7048 0.5079 -0.2213 -0.4431 
810 -1.4887 -0.8255 0.6757 0.7078 0.503 -0.2239 -0.4425 
811 -1.4902 -0.8338 0.674 0.7158 0.4954 -0.2181 -0.4412 
812 -1.4925 -0.8401 0.6728 0.7203 0.4905 -0.2152 -0.4407 
813 -1.4954 -0.848 0.6722 0.7267 0.4846 -0.2143 -0.4373 
814 -1.4971 -0.8539 0.6724 0.7301 0.4783 -0.2134 -0.4388 
815 -1.4984 -0.8592 0.6732 0.7298 0.4765 -0.2128 -0.4416 
816 -1.5001 -0.8678 0.6731 0.7291 0.4736 -0.2108 -0.4469 
817 -1.5011 -0.874 0.6724 0.7317 0.4718 -0.2085 -0.4455 
818 -1.5019 -0.8799 0.6718 0.7352 0.4716 -0.2075 -0.4404 
819 -1.5033 -0.8848 0.6719 0.7383 0.4674 -0.2059 -0.4406 
820 -1.5061 -0.8912 0.6735 0.7396 0.4628 -0.2056 -0.4433 
821 -1.5083 -0.8958 0.6745 0.7396 0.4622 -0.2055 -0.444 
822 -1.5111 -0.9013 0.6759 0.7389 0.461 -0.2064 -0.446 
823 -1.5133 -0.9056 0.6773 0.7365 0.4613 -0.2072 -0.4494 
824 -1.5159 -0.9092 0.6776 0.7355 0.4618 -0.2052 -0.4513 
825 -1.5191 -0.915 0.6798 0.7362 0.461 -0.209 -0.4493 
826 -1.5213 -0.9187 0.6807 0.74 0.4584 -0.2076 -0.4462 
827 -1.5247 -0.9231 0.6825 0.7387 0.4555 -0.209 -0.4507 
828 -1.5288 -0.9297 0.6845 0.7381 0.4558 -0.2111 -0.4504 
829 -1.5322 -0.9346 0.6857 0.7379 0.4562 -0.2104 -0.4508 
830 -1.5354 -0.9402 0.6877 0.737 0.4549 -0.2134 -0.4521 
831 -1.5398 -0.9471 0.69 0.7356 0.4547 -0.2173 -0.4526 
832 -1.5426 -0.9515 0.6914 0.7362 0.4562 -0.2149 -0.4513 
833 -1.5457 -0.9554 0.6931 0.7373 0.4525 -0.2125 -0.4543 
834 -1.549 -0.9607 0.6952 0.7426 0.4475 -0.2152 -0.4495 
835 -1.5543 -0.968 0.6986 0.7467 0.4429 -0.2151 -0.4471 
836 -1.5567 -0.9717 0.7009 0.7466 0.4405 -0.2142 -0.4501 
837 -1.56 -0.9774 0.7032 0.748 0.4395 -0.2162 -0.4479 
838 -1.5621 -0.9821 0.7046 0.7494 0.4387 -0.219 -0.4449 
839 -1.564 -0.9863 0.7058 0.7505 0.4375 -0.218 -0.4447 
840 -1.5668 -0.9917 0.7072 0.7512 0.4356 -0.2163 -0.4464 
841 -1.5689 -0.9953 0.7078 0.7529 0.4342 -0.2172 -0.4443 
842 -1.5716 -0.9998 0.7086 0.7571 0.4294 -0.2195 -0.4407 
843 -1.5732 -1.0031 0.7092 0.7593 0.4272 -0.2172 -0.4402 
844 -1.5749 -1.0058 0.71 0.7593 0.426 -0.2159 -0.4421 
845 -1.5763 -1.01 0.7108 0.7575 0.4274 -0.218 -0.4428 
846 -1.5773 -1.0128 0.7106 0.7577 0.4281 -0.2168 -0.4423 
847 -1.579 -1.0155 0.7102 0.7593 0.4253 -0.2157 -0.4427 
848 -1.5806 -1.0188 0.7103 0.7599 0.4241 -0.2166 -0.4424 
849 -1.5822 -1.0216 0.7105 0.7617 0.4233 -0.2146 -0.4411 
850 -1.5844 -1.0253 0.7109 0.762 0.422 -0.2152 -0.4415 
851 -1.5867 -1.0285 0.7113 0.7618 0.4218 -0.216 -0.4416 
852 -1.589 -1.0318 0.7119 0.7613 0.4223 -0.2161 -0.442 
853 -1.5926 -1.0367 0.7124 0.7601 0.4215 -0.219 -0.4434 
854 -1.5948 -1.0405 0.7123 0.7615 0.4204 -0.2184 -0.4424 
855 -1.597 -1.0448 0.7119 0.7636 0.4197 -0.2184 -0.4394 
856 -1.6005 -1.0505 0.711 0.7644 0.4199 -0.2196 -0.4372 
857 -1.6029 -1.0544 0.7105 0.7649 0.4195 -0.2175 -0.4378 
858 -1.6058 -1.0582 0.71 0.7644 0.4193 -0.2157 -0.4397 
859 -1.6092 -1.0638 0.7084 0.7662 0.418 -0.214 -0.4386 
860 -1.6124 -1.0686 0.7073 0.7685 0.4162 -0.2133 -0.4366 
861 -1.6165 -1.0747 0.7056 0.7695 0.4153 -0.2141 -0.4355 
862 -1.6196 -1.0792 0.7039 0.7707 0.4152 -0.2113 -0.4347 
863 -1.6231 -1.0843 0.7023 0.7737 0.4136 -0.2077 -0.4326 
864 -1.6273 -1.0914 0.7017 0.7732 0.4136 -0.2106 -0.4322 
865 -1.6298 -1.0968 0.7011 0.7727 0.4162 -0.2092 -0.4312 
866 -1.6325 -1.1014 0.6997 0.7739 0.4171 -0.2046 -0.4304 
867 -1.6366 -1.1077 0.6989 0.7749 0.4163 -0.2031 -0.43 
868 -1.6398 -1.1126 0.6988 0.7762 0.4152 -0.2035 -0.4286 
869 -1.6434 -1.1175 0.6986 0.777 0.4138 -0.2022 -0.4291 
870 -1.6482 -1.1238 0.6975 0.7757 0.4157 -0.2003 -0.4305 
871 -1.6512 -1.1286 0.6963 0.7741 0.4174 -0.199 -0.4324 
872 -1.655 -1.133 0.694 0.7733 0.4184 -0.1989 -0.4328 
873 -1.6596 -1.1388 0.6919 0.7762 0.417 -0.1976 -0.4296 
874 -1.6621 -1.1431 0.6919 0.7769 0.4139 -0.1975 -0.4314 
875 -1.6647 -1.1472 0.6912 0.776 0.4142 -0.1979 -0.4326 
876 -1.6678 -1.1532 0.6898 0.7749 0.4177 -0.1949 -0.4325 
877 -1.67 -1.1577 0.6889 0.7727 0.42 -0.1973 -0.4332 
878 -1.6717 -1.1617 0.6885 0.7715 0.4203 -0.1969 -0.4352 
879 -1.6742 -1.1673 0.6877 0.7747 0.419 -0.1941 -0.432 
880 -1.6764 -1.1711 0.6874 0.7748 0.4166 -0.1963 -0.4332 
881 -1.6785 -1.1765 0.6882 0.7762 0.4157 -0.1948 -0.432 
882 -1.6805 -1.1809 0.6889 0.7751 0.4165 -0.1938 -0.4338 
883 -1.6831 -1.1845 0.6894 0.773 0.4185 -0.1933 -0.4359 
884 -1.6873 -1.1901 0.6898 0.772 0.4175 -0.1975 -0.4366 
885 -1.6899 -1.1934 0.6909 0.7731 0.4164 -0.199 -0.4352 
886 -1.6934 -1.1981 0.6929 0.7729 0.4149 -0.1991 -0.4368 
887 -1.6959 -1.2013 0.6942 0.7727 0.4147 -0.1985 -0.4376 
888 -1.6988 -1.2049 0.6954 0.7719 0.415 -0.1999 -0.4381 
889 -1.7023 -1.2084 0.6968 0.7717 0.4158 -0.2004 -0.4375 
890 -1.7055 -1.2113 0.6978 0.7718 0.4144 -0.2013 -0.4383 
891 -1.7076 -1.2145 0.6994 0.7747 0.4125 -0.1991 -0.436 
892 -1.711 -1.2187 0.7008 0.7769 0.4105 -0.2014 -0.4329 
893 -1.7167 -1.2252 0.7035 0.7779 0.4094 -0.2019 -0.4319 
894 -1.7192 -1.2285 0.7059 0.7803 0.4083 -0.199 -0.4298 
895 -1.7238 -1.2335 0.7084 0.78 0.4056 -0.2067 -0.4294 
896 -1.726 -1.2376 0.7105 0.7823 0.4048 -0.2059 -0.4264 
897 -1.7288 -1.2412 0.7114 0.7835 0.4049 -0.206 -0.424 
898 -1.7323 -1.2458 0.7132 0.7837 0.4038 -0.2101 -0.4227 
899 -1.7336 -1.249 0.7151 0.7864 0.4018 -0.2098 -0.4196 
900 -1.7349 -1.2518 0.7157 0.7887 0.4004 -0.2092 -0.4171 
901 -1.7375 -1.2562 0.7158 0.7921 0.3977 -0.2108 -0.4123 
902 -1.7382 -1.2596 0.7173 0.793 0.3967 -0.2106 -0.4116 
903 -1.74 -1.2623 0.7168 0.7934 0.3979 -0.2102 -0.4098 
904 -1.7413 -1.2657 0.7168 0.7994 0.3937 -0.206 -0.4044 
905 -1.7428 -1.268 0.7174 0.803 0.3885 -0.2069 -0.4018 
906 -1.745 -1.2705 0.7176 0.8043 0.386 -0.2083 -0.401 
907 -1.7476 -1.2746 0.7172 0.8032 0.389 -0.2088 -0.4 
908 -1.7501 -1.2776 0.7171 0.8004 0.3934 -0.2085 -0.4015 
909 -1.7536 -1.2803 0.7163 0.7991 0.3953 -0.2046 -0.4041 
910 -1.7564 -1.2824 0.7158 0.8009 0.3945 -0.2037 -0.4018 
911 -1.7593 -1.2844 0.7155 0.8022 0.3921 -0.2071 -0.3999 
912 -1.7634 -1.2877 0.7157 0.8024 0.3907 -0.2091 -0.3997 
913 -1.7669 -1.29 0.7157 0.801 0.3937 -0.2082 -0.4001 
914 -1.7704 -1.2921 0.7165 0.8006 0.395 -0.2063 -0.4005 
915 -1.7757 -1.2949 0.7178 0.7989 0.3935 -0.2105 -0.4032 
916 -1.7795 -1.2973 0.7177 0.8005 0.3952 -0.2091 -0.3991 
917 -1.7829 -1.2993 0.7182 0.8036 0.3927 -0.2066 -0.3966 
918 -1.7876 -1.3022 0.7202 0.8053 0.3888 -0.2089 -0.396 
919 -1.7909 -1.3049 0.7216 0.8067 0.3884 -0.2095 -0.3931 
920 -1.794 -1.3074 0.7237 0.8061 0.3895 -0.2095 -0.3932 
921 -1.7994 -1.3103 0.7264 0.8046 0.3895 -0.2102 -0.3959 
922 -1.8049 -1.3136 0.7304 0.8055 0.3842 -0.2133 -0.3976 
923 -1.8093 -1.3166 0.7328 0.8052 0.382 -0.2176 -0.3979 
924 -1.8138 -1.3202 0.735 0.8045 0.3839 -0.2197 -0.3964 
925 -1.8185 -1.3238 0.7376 0.803 0.3848 -0.2197 -0.3986 
926 -1.8247 -1.3278 0.7414 0.8007 0.3849 -0.222 -0.4018 
927 -1.828 -1.331 0.7439 0.8011 0.385 -0.2204 -0.4018 
928 -1.8318 -1.3337 0.745 0.8016 0.3827 -0.2216 -0.4023 
929 -1.835 -1.3374 0.7459 0.8042 0.3823 -0.2208 -0.3979 
930 -1.8375 -1.34 0.7465 0.8062 0.3802 -0.2213 -0.3956 
931 -1.8413 -1.3436 0.7473 0.8056 0.3766 -0.2221 -0.3997 
932 -1.8431 -1.347 0.7475 0.8062 0.3782 -0.2193 -0.3987 
933 -1.8447 -1.3503 0.7472 0.8067 0.3814 -0.2179 -0.3954 
934 -1.8478 -1.3551 0.7466 0.8067 0.3825 -0.217 -0.3949 
935 -1.8503 -1.3587 0.7467 0.8079 0.3819 -0.2161 -0.3934 
936 -1.853 -1.3621 0.7463 0.8082 0.3807 -0.2159 -0.3941 
937 -1.8567 -1.3663 0.7462 0.8103 0.3783 -0.2129 -0.3936 
938 -1.8605 -1.3699 0.7467 0.8092 0.376 -0.215 -0.3969 
939 -1.8652 -1.3761 0.7472 0.8048 0.3817 -0.2168 -0.3994 
940 -1.8687 -1.3811 0.7465 0.8028 0.3859 -0.2138 -0.4012 
941 -1.8708 -1.385 0.7463 0.8033 0.3881 -0.2105 -0.3997 
942 -1.8725 -1.388 0.7468 0.8016 0.387 -0.2132 -0.4027 
943 -1.8743 -1.3923 0.7479 0.8021 0.3827 -0.2114 -0.4068 
944 -1.875 -1.3966 0.7475 0.8029 0.3839 -0.2082 -0.4056 
945 -1.8758 -1.4029 0.7459 0.8034 0.3873 -0.2067 -0.4022 
946 -1.8763 -1.4076 0.7456 0.8041 0.387 -0.2084 -0.4003 
947 -1.8771 -1.4122 0.7462 0.8042 0.3856 -0.2102 -0.4004 
948 -1.8779 -1.4166 0.7463 0.8035 0.3859 -0.2095 -0.402 
949 -1.8785 -1.4238 0.7477 0.8029 0.3889 -0.2066 -0.4018 
950 -1.8807 -1.4283 0.7471 0.7951 0.3943 -0.2167 -0.4068 
951 -1.8823 -1.4352 0.7487 0.7917 0.4008 -0.2157 -0.4075 
952 -1.8845 -1.4401 0.7491 0.7906 0.4028 -0.2148 -0.4081 
953 -1.8869 -1.4451 0.75 0.7901 0.403 -0.2169 -0.4078 
954 -1.8901 -1.4516 0.751 0.7877 0.4048 -0.221 -0.4084 
955 -1.8921 -1.4561 0.751 0.7872 0.4074 -0.22 -0.4074 
956 -1.8936 -1.4599 0.7513 0.7862 0.4085 -0.2192 -0.4086 
957 -1.8952 -1.4643 0.7516 0.787 0.4055 -0.2209 -0.4092 
958 -1.8963 -1.468 0.7511 0.786 0.4071 -0.2228 -0.4084 
959 -1.8967 -1.4732 0.7495 0.7859 0.4115 -0.2197 -0.4059 
960 -1.8969 -1.477 0.7492 0.7854 0.413 -0.2191 -0.4057 
961 -1.8972 -1.4805 0.7494 0.7809 0.415 -0.2248 -0.4092 
962 -1.8966 -1.4836 0.7476 0.7762 0.4234 -0.2256 -0.4091 
963 -1.8944 -1.486 0.7462 0.7765 0.4278 -0.22 -0.407 
964 -1.8923 -1.4881 0.7448 0.7773 0.4301 -0.217 -0.4047 
965 -1.89 -1.4907 0.7438 0.7759 0.4311 -0.2206 -0.4044 
966 -1.8885 -1.4919 0.743 0.7713 0.4363 -0.2235 -0.406 
967 -1.8872 -1.4929 0.7418 0.7671 0.4426 -0.2202 -0.4088 
968 -1.8864 -1.4939 0.7401 0.7647 0.4473 -0.2183 -0.4093 
969 -1.8863 -1.4946 0.7398 0.7653 0.4483 -0.2224 -0.4049 
970 -1.8864 -1.4945 0.7396 0.7665 0.4466 -0.2257 -0.4025 
971 -1.8868 -1.4927 0.7387 0.7679 0.4451 -0.2223 -0.4035 
972 -1.8866 -1.4926 0.7375 0.7682 0.4464 -0.2216 -0.4018 
973 -1.8863 -1.4927 0.7363 0.7684 0.4492 -0.2233 -0.3974 
974 -1.8859 -1.4917 0.7349 0.7692 0.4498 -0.2221 -0.3958 
975 -1.8855 -1.49 0.7331 0.7726 0.4481 -0.2166 -0.3942 
976 -1.8857 -1.4884 0.7307 0.7773 0.4442 -0.2147 -0.3905 
977 -1.8863 -1.486 0.7279 0.7779 0.4451 -0.2186 -0.3861 
978 -1.8875 -1.483 0.7251 0.7753 0.4473 -0.2162 -0.3899 
979 -1.8878 -1.4776 0.7223 0.7759 0.4473 -0.2052 -0.3946 
980 -1.889 -1.4747 0.7198 0.7772 0.4457 -0.2092 -0.3919 
981 -1.8896 -1.4705 0.7176 0.7784 0.442 -0.2102 -0.3932 
982 -1.8903 -1.4671 0.7155 0.7817 0.4385 -0.2056 -0.3929 
983 -1.8908 -1.4626 0.7125 0.783 0.4379 -0.2014 -0.3931 
984 -1.8916 -1.4609 0.7109 0.7825 0.439 -0.2024 -0.3923 
985 -1.8923 -1.4594 0.7102 0.7809 0.4403 -0.2041 -0.3932 
986 -1.8928 -1.4571 0.709 0.7809 0.4407 -0.1989 -0.3956 
987 -1.8933 -1.4559 0.7083 0.7847 0.4377 -0.1948 -0.3933 
988 -1.8941 -1.4559 0.7083 0.7861 0.4356 -0.2007 -0.3899 
989 -1.8946 -1.456 0.7089 0.784 0.438 -0.2054 -0.3891 
990 -1.8952 -1.4555 0.7091 0.7834 0.4382 -0.1995 -0.3929 
991 -1.8958 -1.4556 0.7091 0.7838 0.4395 -0.1952 -0.3929 
992 -1.8959 -1.4558 0.7104 0.7833 0.4381 -0.2046 -0.3907 
993 -1.8964 -1.456 0.7107 0.7835 0.4377 -0.2068 -0.3897 
994 -1.8965 -1.4557 0.7104 0.784 0.4398 -0.2 -0.3897 
995 -1.8963 -1.4552 0.7101 0.7843 0.4393 -0.1972 -0.3911 
996 -1.896 -1.4549 0.7098 0.785 0.4392 -0.2013 -0.3878 
997 -1.8957 -1.4545 0.7097 0.7839 0.4392 -0.2083 -0.3864 
998 -1.895 -1.4538 0.7095 0.7831 0.4395 -0.2055 -0.3892 
999 -1.8944 -1.453 0.7087 0.7827 0.4408 -0.2007 -0.3908 
1000 -1.8934 -1.4531 0.7085 0.7824 0.4433 -0.2027 -0.3876 
1001 -1.8928 -1.4531 0.7084 0.7818 0.4428 -0.2078 -0.3867 
1002 -1.8919 -1.4526 0.7082 0.7822 0.4424 -0.2066 -0.3871 
1003 -1.8911 -1.4523 0.7077 0.7832 0.4426 -0.2006 -0.388 
1004 -1.8903 -1.4525 0.7077 0.7831 0.4425 -0.2027 -0.3872 
1005 -1.8895 -1.4533 0.7082 0.7825 0.4422 -0.2076 -0.3861 
1006 -1.8883 -1.4545 0.7081 0.7804 0.4449 -0.2064 -0.3878 
1007 -1.8874 -1.4553 0.7074 0.7799 0.4485 -0.2036 -0.3861 
1008 -1.8865 -1.4558 0.7073 0.7799 0.4466 -0.2066 -0.3868 
1009 -1.8857 -1.456 0.7072 0.7814 0.4438 -0.2076 -0.3865 
1010 -1.8846 -1.4562 0.7066 0.7824 0.4444 -0.2061 -0.3844 
1011 -1.8832 -1.4564 0.7057 0.783 0.4451 -0.2033 -0.3841 
1012 -1.8826 -1.4565 0.7054 0.7827 0.445 -0.2038 -0.3845 
1013 -1.8817 -1.4566 0.7051 0.7809 0.4465 -0.2064 -0.3851 
1014 -1.8804 -1.4561 0.7035 0.7819 0.4483 -0.2013 -0.3836 
1015 -1.8793 -1.4553 0.7029 0.7838 0.4456 -0.1994 -0.3838 
1016 -1.8787 -1.4548 0.7025 0.7835 0.4445 -0.2036 -0.3835 
1017 -1.8776 -1.4541 0.7015 0.7825 0.4465 -0.202 -0.3841 
1018 -1.8768 -1.4534 0.7011 0.7825 0.4476 -0.1972 -0.3852 
1019 -1.8763 -1.4529 0.7013 0.7823 0.4468 -0.1974 -0.3866 
1020 -1.8759 -1.4529 0.7014 0.7837 0.4455 -0.2005 -0.3836 
1021 -1.8755 -1.4525 0.7014 0.7847 0.4445 -0.2006 -0.3826 
1022 -1.8751 -1.4519 0.7017 0.7854 0.4438 -0.1981 -0.3833 
1023 -1.8748 -1.4517 0.7024 0.7859 0.4433 -0.1967 -0.3836 
1024 -1.8748 -1.4523 0.7031 0.786 0.4444 -0.1988 -0.3811 
1025 -1.8751 -1.453 0.7046 0.7852 0.4452 -0.2022 -0.3799 
1026 -1.8754 -1.4529 0.706 0.786 0.4434 -0.2001 -0.3816 
1027 -1.8762 -1.4531 0.7071 0.7877 0.4422 -0.1973 -0.3808 
1028 -1.878 -1.4536 0.7084 0.7878 0.4413 -0.2024 -0.379 
1029 -1.8791 -1.4537 0.7092 0.7876 0.4407 -0.2046 -0.379 
1030 -1.8806 -1.4529 0.7097 0.7878 0.4403 -0.2021 -0.3802 
1031 -1.8812 -1.452 0.71 0.7877 0.4399 -0.2017 -0.3812 
1032 -1.8814 -1.4514 0.71 0.788 0.4394 -0.2024 -0.3809 
1033 -1.8812 -1.4507 0.7095 0.7877 0.4394 -0.2043 -0.3803 
1034 -1.8808 -1.4503 0.7087 0.788 0.4401 -0.2025 -0.3799 
1035 -1.8801 -1.4496 0.7077 0.7891 0.4402 -0.2005 -0.3785 
1036 -1.8792 -1.4485 0.7068 0.7903 0.4387 -0.2014 -0.3774 
1037 -1.8781 -1.4465 0.705 0.7903 0.4406 -0.1973 -0.3773 
1038 -1.8782 -1.4458 0.7043 0.7914 0.4404 -0.1954 -0.3762 
1039 -1.879 -1.4444 0.7044 0.7917 0.4388 -0.1991 -0.3754 
1040 -1.8792 -1.4434 0.7045 0.7915 0.44 -0.1966 -0.3759 
1041 -1.8801 -1.4425 0.7048 0.7919 0.4389 -0.1941 -0.3776 
1042 -1.8817 -1.4423 0.7062 0.7915 0.4394 -0.2 -0.3748 
1043 -1.8827 -1.4413 0.7071 0.7919 0.4379 -0.1965 -0.3774 
1044 -1.8836 -1.4406 0.7077 0.7927 0.436 -0.1951 -0.3787 
1045 -1.8846 -1.4411 0.7093 0.7926 0.4354 -0.2007 -0.3768 
1046 -1.8848 -1.4413 0.7101 0.7917 0.4365 -0.199 -0.3782 
