0 -2.485148 1.123785 0.008788
1 -3.029224 1.603697 0.009318
2 -2.828664 1.439646 0.030524
3 -3.027353 1.599643 0.030949
4 -2.81472 1.391206 0.008286
5 -2.291249 0.958519 0.032857
6 -2.301095 0.940335 0.008505
7 -2.57638 -0.074825 0.006772
8 -2.516248 1.153647 0.008449
9 -2.58019 -0.050204 0.005621
10 -2.634474 1.245774 0.007467
11 -2.57877 1.210977 0.007289
12 -2.54758 1.181975 0.007624
13 -2.695189 1.304681 0.008308
14 -2.454913 1.094708 0.008116
15 -2.664605 1.27517 0.007619
16 -2.792409 0.126387 0.004125
17 -2.424189 1.06529 0.007911
18 -2.39394 1.035513 0.007284
19 -2.363229 1.00584 0.007708
20 -2.787888 1.391989 0.008801
21 -2.761545 0.097467 0.004764
22 -2.817036 1.42118 0.009524
23 -2.632561 0.507722 0.008194
24 -2.873469 0.210102 0.006849
25 -2.873182 0.189365 0.007439
26 -2.641968 0.006971 0.004214
27 -2.611187 -0.022022 0.004966
28 -2.339085 1.000223 0.007536
29 -2.639352 0.483719 0.00568
30 -2.75608 0.074749 0.006986
31 -2.699944 0.039903 0.005999
32 -2.66954 0.010787 0.006219
33 -2.852006 0.215957 0.00439
34 -2.308135 0.971187 0.007992
35 -2.787223 0.102511 0.006656
36 -2.672642 0.036048 0.003377
37 -2.603521 0.538785 0.007808
38 -2.730665 0.068804 0.005483
39 -2.817716 0.131819 0.006312
40 -2.845046 0.240429 0.006308
41 -2.280301 0.936393 0.007397
42 -2.848413 0.16108 0.00622
43 -2.823151 0.155593 0.003417
44 -2.661769 0.476687 0.008474
45 -2.782213 0.327471 0.006814
46 -2.483076 0.688414 0.008246
47 -2.759668 0.334367 0.004955
48 -2.489781 0.664619 0.006403
49 -2.518093 0.6334 0.006906
50 -2.425798 0.751445 0.007822
51 -2.512712 0.657876 0.008215
52 -2.753001 0.358326 0.007104
53 -2.667746 0.452921 0.00595
54 -2.7241 0.389806 0.006801
55 -2.788043 0.303297 0.005266
56 -2.57472 0.570247 0.00762
57 -2.546287 0.602019 0.007315
58 -2.853885 0.186211 0.003749
59 -2.397318 0.783168 0.007568
60 -2.454216 0.719673 0.008216
61 -2.369466 0.814326 0.007059
62 -2.731266 0.36549 0.004273
63 -2.610124 0.514996 0.005536
64 -2.702443 0.396424 0.003563
65 -2.581849 0.545879 0.004704
66 -2.461368 0.695603 0.00576
67 -2.340754 0.845281 0.006902
68 -2.69602 0.421326 0.006162
69 -2.816424 0.272049 0.005888
70 -2.672914 0.426667 0.002695
71 -2.822911 0.247083 0.003487
72 -2.793393 0.277673 0.002734
73 -2.703045 0.065556 0.00276
74 -2.491688 -0.112908 0.004256
75 -2.642865 0.456899 0.002362
76 -2.52274 -0.083961 0.003846
77 -2.460536 -0.140939 0.005134
78 -2.557066 -0.060578 0.032881
79 -2.429128 -0.169167 0.005863
80 -2.547937 -0.078652 0.006369
81 -2.517476 -0.106969 0.006803
82 -2.397803 -0.197036 0.006609
83 -2.486792 -0.1355 0.006812
84 -2.34176 -0.233279 0.003847
85 -2.581734 -0.051856 0.032958
86 -2.365241 -0.224933 0.007485
87 -2.310734 -0.261273 0.004833
88 -2.33379 -0.253429 0.008132
89 -2.27947 -0.289157 0.00601
90 -2.247767 -0.316424 0.00732
91 -2.302992 -0.283065 0.007893
92 -2.213758 -0.345219 0.008976
93 -2.183942 -0.373872 0.008898
94 -2.160371 -0.381251 0.006258
95 -2.153212 -0.402709 0.008704
96 -2.129141 -0.409062 0.006888
97 -2.120336 -0.447123 0.009466
98 -2.271894 -0.660965 0.009049
99 -2.301998 -0.693273 0.007859
100 -2.281431 -0.684418 0.004846
101 -2.246576 -0.628086 0.006791
102 -2.331791 -0.72293 0.005819
103 -2.422299 -0.842668 0.006615
104 -2.365946 -0.778218 0.005974
105 -2.549583 -1.015213 0.006472
106 -2.552365 -1.013204 0.033305
107 -2.723809 -1.231932 0.033388
108 -2.724152 -1.232216 0.009462
