0 0.0 0.0 -2.5 0.0 0.0 0.0 1.0 
1 -0.005178 -0.001159 -2.50001 0.000448 -3.4e-05 0.000117 1.0 
2 -0.003193 -0.000418 -2.50123 0.001084 -0.001396 4.7e-05 0.999998 
3 -0.006537 -0.001198 -2.49951 0.001005 -0.001109 -0.000146 0.999999 
4 -0.005563 -0.000668 -2.50051 0.001332 -0.001472 -0.0002 0.999998 
5 -0.005697 -0.000468 -2.50016 0.001119 -0.001564 -9.1e-05 0.999998 
6 -0.00727 -0.000648 -2.50033 0.001128 -0.001485 -3e-05 0.999998 
7 -0.00944 -7e-06 -2.50035 0.001055 -0.001354 -0.000319 0.999998 
8 -0.009545 -0.001248 -2.49963 0.000766 -0.001517 -0.000618 0.999998 
9 -0.010645 -0.000278 -2.49894 0.000945 -0.001618 -0.001108 0.999998 
10 -0.01066 -0.000168 -2.49985 0.000593 -0.001636 -0.00178 0.999997 
11 -0.013346 1.3e-05 -2.49929 0.000258 -0.000809 -0.002421 0.999997 
12 -0.013287 -0.001226 -2.49988 -0.000358 -0.000883 -0.002661 0.999996 
13 -0.016667 -0.002406 -2.49902 -0.000188 -0.00019 -0.002832 0.999996 
14 -0.015762 -0.000545 -2.50034 0.000437 -0.000366 -0.003048 0.999995 
15 -0.01804 0.000766 -2.5021 -0.000113 0.000535 -0.003384 0.999994 
16 -0.019721 0.000677 -2.50104 -0.001158 0.001004 -0.003465 0.999993 
17 -0.02135 0.000317 -2.50154 -0.001738 0.001476 -0.003855 0.99999 
18 -0.02469 0.001589 -2.50212 -0.0021 0.002479 -0.004482 0.999985 
19 -0.027919 0.000589 -2.50179 -0.00299 0.003578 -0.004748 0.999978 
20 -0.034135 0.001451 -2.5025 -0.003069 0.005141 -0.004703 0.999971 
21 -0.033482 0.002282 -2.50445 -0.00371 0.005667 -0.00474 0.999966 
22 -0.042642 0.000606 -2.50524 -0.004766 0.008032 -0.004883 0.999944 
23 -0.04389 -0.000824 -2.5061 -0.004663 0.008985 -0.00526 0.999935 
24 -0.050745 0.000908 -2.50551 -0.003786 0.01138 -0.005351 0.999914 
25 -0.056924 0.001551 -2.50818 -0.004299 0.0137 -0.004966 0.999885 
26 -0.062189 -0.000357 -2.50853 -0.005012 0.015451 -0.004412 0.999858 
27 -0.06882 -0.000754 -2.51175 -0.004595 0.017655 -0.003842 0.999826 
28 -0.079319 0.000299 -2.50991 -0.004353 0.020406 -0.003597 0.999776 
29 -0.086369 -0.000628 -2.51202 -0.004935 0.022264 -0.003399 0.999734 
30 -0.093802 -0.001175 -2.51472 -0.004815 0.024571 -0.003121 0.999682 
31 -0.099856 -0.000733 -2.5152 -0.004543 0.026241 -0.002604 0.999642 
32 -0.130777 -9.3e-05 -2.51606 -0.004517 0.0307 -0.003167 0.999513 
33 -0.134533 -0.001 -2.51902 -0.004916 0.031659 -0.002003 0.999485 
34 -0.140769 -0.001908 -2.52099 -0.004549 0.032666 -0.000271 0.999456 
35 -0.152636 0.000495 -2.51997 -0.003844 0.034556 0.000365 0.999395 
36 -0.165582 0.001139 -2.51947 -0.004527 0.037234 0.00038 0.999296 
37 -0.16907 0.001552 -2.52333 -0.005096 0.038491 9.6e-05 0.999246 
38 -0.179968 0.003325 -2.52296 -0.005785 0.04127 -0.000566 0.999131 
39 -0.19135 0.004599 -2.52147 -0.007193 0.044159 -0.00145 0.998998 
40 -0.205956 0.003133 -2.51921 -0.009001 0.047034 -0.001846 0.998851 
41 -0.213385 0.002845 -2.51559 -0.009539 0.047774 -0.002293 0.99881 
42 -0.220254 0.003368 -2.51807 -0.009861 0.048933 -0.003103 0.998749 
43 -0.229484 0.00135 -2.51396 -0.010574 0.04987 -0.00385 0.998692 
44 -0.236012 0.000722 -2.51385 -0.009978 0.050432 -0.004473 0.998668 
45 -0.239271 0.002623 -2.51436 -0.00908 0.050552 -0.005544 0.998665 
46 -0.244213 0.002903 -2.51325 -0.009427 0.051142 -0.006408 0.998626 
47 -0.252192 0.001756 -2.51243 -0.009576 0.052495 -0.006515 0.998554 
48 -0.267858 0.00251 -2.50734 -0.008735 0.054976 -0.006232 0.99843 
49 -0.266013 0.00249 -2.51056 -0.008254 0.054356 -0.00587 0.99847 
50 -0.270367 0.002011 -2.51137 -0.007347 0.055016 -0.005946 0.998441 
51 -0.272511 0.004283 -2.5151 -0.005906 0.055302 -0.006767 0.998429 
52 -0.286827 0.006325 -2.5091 -0.005885 0.056946 -0.007886 0.998329 
53 -0.289299 0.005377 -2.50935 -0.006589 0.056726 -0.008978 0.998328 
54 -0.311174 0.00554 -2.49972 -0.006276 0.060524 -0.009893 0.998098 
55 -0.316518 0.008472 -2.49933 -0.005491 0.061082 -0.010286 0.998065 
56 -0.326733 0.009465 -2.49651 -0.006508 0.062706 -0.009764 0.997963 
57 -0.342247 0.007468 -2.49043 -0.00727 0.065668 -0.00866 0.997778 
58 -0.345667 0.009319 -2.49273 -0.006432 0.066182 -0.007422 0.997759 
59 -0.353086 0.011022 -2.49324 -0.006981 0.067781 -0.00624 0.997656 
60 -0.37916 0.011287 -2.48254 -0.007984 0.073818 -0.005173 0.997226 
61 -0.388655 0.01273 -2.48171 -0.008747 0.0772 -0.00394 0.996969 
62 -0.402459 0.011962 -2.47706 -0.010123 0.081247 -0.001981 0.996641 
63 -0.417611 0.012616 -2.4734 -0.010911 0.085342 -7.7e-05 0.996292 
64 -0.429354 0.011439 -2.47152 -0.0123 0.088926 0.001006 0.995962 
65 -0.440646 0.008992 -2.4692 -0.013154 0.092548 0.001903 0.99562 
66 -0.452896 0.009207 -2.4703 -0.012984 0.09577 0.002226 0.995316 
67 -0.463392 0.009219 -2.46565 -0.013711 0.098451 0.001845 0.995046 
68 -0.473216 0.007153 -2.46614 -0.014975 0.101013 0.001237 0.994772 
69 -0.481081 0.006146 -2.46959 -0.015672 0.102342 -4.6e-05 0.994626 
70 -0.49878 0.000351 -2.46644 -0.017134 0.107008 -0.003955 0.994103 
71 -0.509761 -0.001186 -2.46479 -0.016748 0.109822 -0.005607 0.993794 
72 -0.51212 -0.003414 -2.46818 -0.016555 0.110863 -0.007274 0.993671 
73 -0.513652 -0.007783 -2.47098 -0.016542 0.111473 -0.008708 0.993592 
74 -0.511544 -0.01195 -2.47967 -0.015073 0.112381 -0.009976 0.993501 
75 -0.512087 -0.012918 -2.48722 -0.012731 0.114025 -0.011151 0.993334 
76 -0.51025 -0.014897 -2.49511 -0.011478 0.115609 -0.011615 0.993161 
77 -0.517864 -0.018413 -2.49754 -0.010686 0.119079 -0.011654 0.992759 
78 -0.521706 -0.02178 -2.50164 -0.009013 0.12187 -0.01151 0.992438 
79 -0.534868 -0.020446 -2.49889 -0.006836 0.126331 -0.011339 0.9919 
80 -0.544214 -0.020513 -2.49983 -0.006826 0.130758 -0.010688 0.991333 
81 -0.552806 -0.022929 -2.50348 -0.007242 0.134936 -0.009685 0.99078 
82 -0.566626 -0.021624 -2.50375 -0.006999 0.139839 -0.009213 0.990107 
83 -0.581641 -0.022629 -2.50382 -0.008076 0.145666 -0.008918 0.989261 
84 -0.597998 -0.023005 -2.49998 -0.008346 0.152239 -0.008063 0.988276 
85 -0.608747 -0.021652 -2.50078 -0.008611 0.15603 -0.006361 0.987694 
86 -0.623082 -0.021827 -2.50077 -0.009429 0.159941 -0.004493 0.987071 
87 -0.633385 -0.021884 -2.50092 -0.009731 0.163295 -0.00265 0.986526 
88 -0.641665 -0.01985 -2.50266 -0.009594 0.165977 -0.000993 0.986082 
89 -0.657657 -0.018156 -2.49986 -0.010614 0.170105 0.000132 0.985369 
90 -0.674404 -0.020032 -2.49448 -0.012145 0.174739 0.000878 0.984539 
91 -0.67968 -0.019229 -2.49843 -0.011883 0.176484 0.001412 0.984231 
92 -0.687665 -0.016656 -2.49931 -0.012059 0.178964 0.001671 0.98378 
93 -0.702046 -0.017564 -2.49241 -0.013195 0.182448 0.002117 0.983125 
94 -0.71326 -0.01698 -2.49321 -0.013044 0.185563 0.002312 0.982543 
95 -0.719391 -0.013858 -2.49153 -0.013016 0.187357 0.002276 0.982203 
96 -0.735461 -0.012874 -2.48751 -0.014388 0.191367 0.002423 0.98141 
97 -0.741572 -0.014162 -2.48418 -0.015606 0.193197 0.002665 0.981032 
98 -0.750697 -0.013351 -2.48003 -0.015468 0.195693 0.002511 0.98054 
99 -0.760226 -0.01107 -2.47389 -0.015294 0.198555 0.002056 0.979968 
100 -0.764189 -0.009419 -2.47233 -0.01575 0.199704 0.001409 0.979729 
101 -0.776021 -0.008468 -2.46546 -0.016255 0.203156 0.000995 0.979011 
102 -0.790066 -0.005547 -2.45206 -0.016255 0.207552 0.001001 0.978088 
103 -0.793209 -0.005097 -2.45034 -0.01714 0.209692 0.001716 0.977616 
104 -0.800307 -0.005326 -2.44506 -0.01708 0.212582 0.002491 0.976991 
105 -0.800711 -0.001964 -2.44939 -0.01623 0.213468 0.003025 0.976811 
106 -0.811399 -0.000273 -2.44058 -0.017146 0.216714 0.002666 0.976081 
107 -0.813449 -0.000233 -2.4396 -0.018275 0.218896 0.003006 0.975572 
108 -0.822225 0.001087 -2.4309 -0.018899 0.223183 0.003633 0.974587 
109 -0.82933 0.003077 -2.42405 -0.019779 0.226875 0.00423 0.973714 
110 -0.838137 0.003107 -2.41585 -0.021361 0.231271 0.00477 0.972643 
111 -0.842918 0.003617 -2.41159 -0.022368 0.234799 0.00545 0.971771 
112 -0.854894 0.004837 -2.39871 -0.023335 0.240201 0.006447 0.970421 
113 -0.855888 0.005036 -2.39692 -0.024861 0.242757 0.007429 0.96974 
114 -0.867426 0.003226 -2.38408 -0.026463 0.247909 0.008394 0.968385 
115 -0.876014 0.000895 -2.3728 -0.026478 0.251601 0.009074 0.967426 
116 -0.882273 0.002966 -2.36868 -0.025291 0.255091 0.008849 0.966546 
117 -0.889371 0.003906 -2.36137 -0.025737 0.258867 0.008166 0.965535 
118 -0.896979 0.003116 -2.35263 -0.026467 0.262781 0.007624 0.964462 
119 -0.907442 0.004823 -2.33366 -0.02679 0.267146 0.00673 0.96326 
120 -0.909269 0.003233 -2.3329 -0.028338 0.269233 0.006209 0.962638 
121 -0.915591 -0.000787 -2.32591 -0.028716 0.272289 0.006277 0.961766 
122 -0.925969 -0.000339 -2.30887 -0.026987 0.276976 0.006249 0.960477 
123 -0.930951 0.000311 -2.30373 -0.025947 0.28054 0.006601 0.959469 
124 -0.936399 -0.0004 -2.29594 -0.025574 0.283922 0.006735 0.958483 
125 -0.947062 -0.000132 -2.27784 -0.02519 0.28907 0.006205 0.956957 
126 -0.953253 0.000448 -2.27183 -0.025354 0.292802 0.005655 0.95582 
127 -0.957801 0.000557 -2.2648 -0.025792 0.296211 0.005533 0.954758 
128 -0.967608 0.002084 -2.24553 -0.025974 0.30127 0.005854 0.953167 
129 -0.971791 0.001844 -2.24135 -0.026502 0.304886 0.00682 0.951995 
130 -0.972405 0.002095 -2.24412 -0.02659 0.308017 0.007619 0.950979 
131 -0.984007 0.003342 -2.22382 -0.02699 0.314351 0.007899 0.94889 
132 -0.994051 0.001989 -2.20634 -0.027529 0.321446 0.008526 0.946489 
133 -0.997914 0.001969 -2.2024 -0.026865 0.326329 0.009255 0.944829 
134 -1.00586 0.002947 -2.18963 -0.026059 0.33168 0.010143 0.942977 
135 -1.01186 0.003396 -2.17988 -0.025598 0.335562 0.011382 0.941601 
136 -1.01831 0.004796 -2.17516 -0.024858 0.340094 0.012441 0.939981 
137 -1.02526 0.007516 -2.17 -0.024881 0.345292 0.013453 0.938069 
138 -1.03587 0.007875 -2.15491 -0.026479 0.351877 0.01464 0.935557 
139 -1.04218 0.006986 -2.14918 -0.027937 0.357033 0.015561 0.933544 
140 -1.05267 0.008114 -2.13368 -0.028662 0.363373 0.016364 0.931059 
141 -1.0588 0.006522 -2.12296 -0.029783 0.368189 0.017792 0.929103 
142 -1.06602 0.005391 -2.11459 -0.029357 0.372833 0.018887 0.927242 
143 -1.07239 0.00697 -2.10762 -0.028173 0.376924 0.019373 0.925613 
144 -1.07909 0.007639 -2.09767 -0.027569 0.38151 0.019606 0.923745 
145 -1.09077 0.010085 -2.07547 -0.027199 0.38874 0.019206 0.920746 
146 -1.09259 0.010445 -2.0721 -0.027872 0.392503 0.019024 0.919132 
147 -1.09774 0.010442 -2.06037 -0.028412 0.397385 0.018923 0.917017 
148 -1.102 0.011371 -2.05114 -0.028722 0.401303 0.018853 0.915301 
149 -1.10589 0.011608 -2.04073 -0.02958 0.404986 0.018783 0.913651 
150 -1.10961 0.010955 -2.02918 -0.030141 0.40913 0.018891 0.911782 
151 -1.11392 0.012784 -2.02024 -0.030022 0.413161 0.019095 0.909963 
152 -1.11916 0.014461 -2.00716 -0.030569 0.417278 0.019914 0.908046 
153 -1.12127 0.016109 -1.9992 -0.031297 0.420793 0.021388 0.906365 
154 -1.12678 0.016126 -1.98323 -0.032201 0.425559 0.023202 0.90406 
155 -1.12963 0.016393 -1.97174 -0.032435 0.430248 0.024839 0.901786 
156 -1.13329 0.017409 -1.95419 -0.032217 0.435283 0.026301 0.899332 
157 -1.13424 0.018786 -1.94619 -0.031956 0.439421 0.02732 0.897297 
158 -1.13596 0.018481 -1.92961 -0.032127 0.444573 0.028325 0.894718 
159 -1.13621 0.018787 -1.9183 -0.031524 0.449326 0.028259 0.892364 
160 -1.13678 0.021554 -1.90664 -0.030938 0.454388 0.027707 0.889835 
161 -1.13831 0.02109 -1.89265 -0.031461 0.459687 0.027383 0.887101 
162 -1.13885 0.020456 -1.87988 -0.031419 0.464248 0.026528 0.88475 
163 -1.14041 0.02043 -1.86052 -0.031088 0.469153 0.025319 0.882206 
164 -1.13987 0.020436 -1.84839 -0.030778 0.472892 0.023611 0.880266 
165 -1.13899 0.019022 -1.83711 -0.030609 0.475825 0.022159 0.878728 
166 -1.13866 0.019738 -1.82374 -0.029306 0.478739 0.020789 0.877222 
167 -1.13891 0.023183 -1.80836 -0.028931 0.481801 0.019892 0.875577 
168 -1.14147 0.022228 -1.78968 -0.030367 0.485977 0.020172 0.873211 
169 -1.1406 0.019883 -1.77963 -0.03096 0.488941 0.02064 0.871523 
170 -1.1403 0.019509 -1.76562 -0.030386 0.49176 0.020594 0.869957 
171 -1.14098 0.018894 -1.75039 -0.029905 0.494474 0.020448 0.868437 
172 -1.14236 0.01797 -1.73663 -0.029242 0.496627 0.020328 0.867233 
173 -1.14195 0.017975 -1.72369 -0.028346 0.498026 0.020192 0.866463 
174 -1.14354 0.018691 -1.70771 -0.0278 0.498794 0.019654 0.866052 
175 -1.14235 0.021738 -1.70027 -0.027986 0.498637 0.018472 0.866162 
176 -1.14102 0.022684 -1.69243 -0.03037 0.499327 0.017971 0.865695 
177 -1.141 0.02082 -1.67754 -0.032806 0.501401 0.018241 0.864401 
178 -1.14032 0.019124 -1.66329 -0.033826 0.503565 0.018124 0.863104 
179 -1.13821 0.01914 -1.65161 -0.034049 0.505746 0.017469 0.861833 
180 -1.13885 0.019875 -1.63659 -0.034228 0.508891 0.016904 0.859984 
181 -1.14104 0.020469 -1.61894 -0.034822 0.51178 0.016247 0.858257 
182 -1.13886 0.021645 -1.60758 -0.035525 0.513829 0.015968 0.857008 
183 -1.13752 0.022378 -1.59101 -0.036546 0.517174 0.015906 0.854952 
184 -1.13813 0.024062 -1.57143 -0.037369 0.521361 0.015932 0.852369 
185 -1.13513 0.024578 -1.56251 -0.038846 0.525297 0.016241 0.849877 
186 -1.13307 0.021842 -1.54567 -0.040046 0.530101 0.016846 0.846821 
187 -1.13125 0.020224 -1.52646 -0.03935 0.535171 0.016408 0.843667 
188 -1.12922 0.022528 -1.51072 -0.038052 0.539465 0.015352 0.841007 
189 -1.12833 0.021292 -1.49298 -0.03839 0.544233 0.015313 0.837915 
190 -1.12484 0.015825 -1.47638 -0.037804 0.548781 0.015502 0.834967 
191 -1.12536 0.016839 -1.45666 -0.03441 0.553809 0.013946 0.831816 
192 -1.12622 0.022503 -1.43954 -0.032669 0.558646 0.012571 0.828667 
193 -1.12544 0.023729 -1.42568 -0.034409 0.563341 0.013068 0.825404 
194 -1.12392 0.021032 -1.40722 -0.036844 0.568084 0.014248 0.822022 
195 -1.12248 0.018147 -1.39414 -0.037837 0.572615 0.015249 0.818809 
196 -1.12184 0.015501 -1.37578 -0.03733 0.577918 0.016009 0.815084 
197 -1.12012 0.015745 -1.35875 -0.035306 0.582484 0.016199 0.811913 
198 -1.12051 0.01858 -1.34389 -0.03366 0.586868 0.016298 0.808819 
199 -1.12038 0.019563 -1.32365 -0.033647 0.591899 0.017035 0.805129 
200 -1.11776 0.019498 -1.3124 -0.033802 0.595755 0.017962 0.802254 
201 -1.11583 0.018901 -1.29357 -0.033678 0.600217 0.018638 0.798911 
202 -1.11418 0.020536 -1.28012 -0.032708 0.603848 0.018898 0.796204 
203 -1.11135 0.02259 -1.26756 -0.032434 0.60655 0.019268 0.79415 
204 -1.10802 0.023435 -1.25291 -0.033497 0.60916 0.019592 0.792098 
205 -1.10342 0.021218 -1.23795 -0.034824 0.61163 0.020016 0.790124 
206 -1.09904 0.019841 -1.224 -0.034857 0.613571 0.019366 0.788632 
207 -1.09439 0.018745 -1.20985 -0.034425 0.616167 0.018214 0.786652 
208 -1.08856 0.01873 -1.19779 -0.033336 0.618961 0.016386 0.784543 
209 -1.08353 0.021713 -1.18305 -0.032287 0.622587 0.014551 0.781749 
210 -1.07595 0.019316 -1.17025 -0.032823 0.625371 0.01397 0.779512 
211 -1.06932 0.016279 -1.15425 -0.031795 0.628818 0.012591 0.7768 
212 -1.06192 0.017092 -1.14088 -0.029248 0.631261 0.010126 0.774952 
213 -1.0536 0.018535 -1.1297 -0.027112 0.633414 0.008629 0.77329 
214 -1.04375 0.014697 -1.11668 -0.025881 0.635392 0.008137 0.771713 
215 -1.0343 0.012787 -1.09828 -0.022891 0.637869 0.006266 0.769779 
216 -1.02518 0.013801 -1.08824 -0.020069 0.639449 0.004029 0.768561 
217 -1.01444 0.011674 -1.07686 -0.018521 0.641699 0.002778 0.766728 
218 -1.00327 0.007345 -1.06374 -0.016735 0.644543 0.00137 0.764383 
219 -0.993081 0.007088 -1.05067 -0.013793 0.647784 -0.00085 0.761698 
220 -0.983345 0.006439 -1.03486 -0.011887 0.650825 -0.002424 0.759131 
221 -0.971996 0.003871 -1.02428 -0.010359 0.653192 -0.003719 0.757112 
222 -0.960612 0.001513 -1.0123 -0.008678 0.656208 -0.00523 0.754512 
223 -0.949509 -0.000684 -1.0034 -0.006598 0.658886 -0.006446 0.752187 
224 -0.938609 -0.003982 -0.990672 -0.004175 0.661755 -0.007087 0.749675 
225 -0.925628 -0.00957 -0.980969 -0.001231 0.663355 -0.007597 0.748266 
226 -0.913247 -0.014679 -0.965664 0.002497 0.664808 -0.009147 0.746954 
227 -0.901711 -0.018406 -0.957149 0.006528 0.665376 -0.011569 0.74639 
228 -0.889944 -0.022342 -0.949397 0.010154 0.665854 -0.014607 0.74587 
229 -0.879912 -0.023008 -0.941265 0.013099 0.666505 -0.018911 0.745146 
230 -0.86969 -0.025775 -0.93197 0.014423 0.66733 -0.022816 0.744273 
231 -0.859307 -0.028511 -0.923841 0.01563 0.668009 -0.02654 0.743516 
232 -0.848625 -0.032217 -0.916078 0.016698 0.669107 -0.029851 0.742378 
233 -0.837809 -0.035424 -0.907995 0.018158 0.670281 -0.032823 0.741159 
234 -0.827653 -0.03783 -0.898556 0.019566 0.671306 -0.035539 0.740069 
235 -0.816909 -0.042006 -0.891337 0.020499 0.672044 -0.037634 0.73927 
236 -0.8052 -0.047984 -0.882386 0.021839 0.67288 -0.039581 0.738369 
237 -0.793616 -0.05316 -0.873882 0.023944 0.673652 -0.042023 0.737465 
238 -0.78267 -0.057727 -0.864089 0.026348 0.67452 -0.044693 0.736431 
239 -0.772686 -0.057953 -0.854634 0.029681 0.675553 -0.047392 0.735188 
240 -0.762196 -0.06015 -0.845221 0.03163 0.676722 -0.0494 0.733898 
241 -0.750459 -0.066157 -0.836285 0.032455 0.678269 -0.05128 0.732303 
242 -0.738474 -0.072614 -0.826976 0.034066 0.680755 -0.053987 0.729724 
243 -0.727675 -0.074701 -0.818104 0.037186 0.68365 -0.057043 0.726627 
244 -0.71681 -0.077068 -0.808123 0.04022 0.686626 -0.059182 0.72348 
245 -0.706873 -0.076435 -0.797259 0.043315 0.689482 -0.060855 0.720441 
246 -0.697115 -0.077572 -0.787837 0.045372 0.692595 -0.061481 0.717268 
247 -0.686657 -0.079298 -0.779346 0.047715 0.696096 -0.06131 0.713733 
248 -0.676636 -0.080785 -0.769361 0.04956 0.700103 -0.061343 0.709674 
249 -0.666221 -0.083302 -0.759531 0.051176 0.704216 -0.061414 0.705471 
250 -0.657457 -0.081378 -0.748124 0.052951 0.708122 -0.062241 0.701346 
251 -0.649637 -0.077144 -0.737593 0.05351 0.71145 -0.062116 0.697937 
252 -0.639445 -0.0805 -0.727588 0.052671 0.714787 -0.060293 0.694745 
253 -0.627972 -0.087158 -0.717306 0.052499 0.717695 -0.058566 0.691902 
254 -0.616065 -0.091635 -0.707623 0.054036 0.719917 -0.058039 0.689515 
255 -0.60612 -0.090532 -0.698005 0.055843 0.722018 -0.058617 0.687121 
256 -0.595253 -0.095399 -0.687944 0.055873 0.724756 -0.058873 0.684208 
257 -0.584246 -0.099105 -0.680582 0.056745 0.727663 -0.060163 0.680931 
258 -0.573872 -0.100202 -0.671401 0.057696 0.731052 -0.062011 0.677044 
259 -0.563814 -0.099178 -0.663899 0.058366 0.733692 -0.063566 0.67398 
260 -0.553819 -0.098944 -0.655922 0.058114 0.736353 -0.064382 0.671016 
261 -0.54237 -0.100149 -0.649542 0.05758 0.738584 -0.065057 0.66854 
262 -0.531404 -0.099355 -0.643023 0.057269 0.74054 -0.065995 0.666307 
263 -0.519362 -0.100911 -0.63604 0.05686 0.742056 -0.066279 0.664625 
264 -0.50638 -0.103217 -0.631073 0.056553 0.742883 -0.067104 0.663644 
265 -0.494218 -0.101942 -0.626688 0.056851 0.74363 -0.068383 0.662651 
266 -0.482083 -0.100949 -0.619969 0.056386 0.745 -0.069544 0.661029 
267 -0.469263 -0.100714 -0.617402 0.055725 0.746197 -0.070371 0.659646 
268 -0.441956 -0.105167 -0.60547 0.055202 0.748867 -0.071443 0.656542 
269 -0.426367 -0.109003 -0.601506 0.05678 0.749134 -0.073525 0.655872 
270 -0.413409 -0.106709 -0.597692 0.059278 0.749399 -0.076789 0.654974 
271 -0.399818 -0.107175 -0.592663 0.06038 0.750434 -0.078661 0.653464 
272 -0.385511 -0.108252 -0.588537 0.061138 0.751451 -0.08055 0.651993 
273 -0.37158 -0.108108 -0.585479 0.061373 0.752227 -0.082314 0.650854 
274 -0.35703 -0.109984 -0.581155 0.060532 0.753151 -0.083724 0.649684 
275 -0.342374 -0.11146 -0.577276 0.060125 0.754007 -0.085518 0.648495 
276 -0.327686 -0.113186 -0.573378 0.060356 0.754686 -0.08732 0.647442 
277 -0.312551 -0.114883 -0.568876 0.061097 0.755204 -0.089249 0.646505 
278 -0.297351 -0.117429 -0.56512 0.061704 0.755611 -0.091145 0.645707 
279 -0.283101 -0.118195 -0.562147 0.062431 0.756096 -0.09297 0.644808 
280 -0.270322 -0.116811 -0.557112 0.062889 0.757087 -0.094265 0.643411 
281 -0.257051 -0.118097 -0.554269 0.062531 0.758128 -0.094507 0.642184 
282 -0.243516 -0.120003 -0.54811 0.062775 0.759271 -0.095331 0.640687 
283 -0.23094 -0.120839 -0.543468 0.064144 0.759569 -0.096703 0.639991 
284 -0.219396 -0.120513 -0.539108 0.065222 0.759205 -0.09765 0.64017 
285 -0.208915 -0.119798 -0.53468 0.065039 0.758567 -0.097747 0.64093 
286 -0.199086 -0.119463 -0.530349 0.063946 0.757756 -0.097342 0.64206 
287 -0.189673 -0.118879 -0.523321 0.062818 0.757133 -0.096861 0.642979 
288 -0.180468 -0.118953 -0.516909 0.061506 0.756424 -0.095872 0.644087 
289 -0.172143 -0.117419 -0.509312 0.060705 0.755996 -0.095106 0.644779 
290 -0.163235 -0.118064 -0.502974 0.060652 0.755187 -0.094509 0.645818 
291 -0.155523 -0.117779 -0.495483 0.061114 0.754644 -0.094349 0.646434 
292 -0.148845 -0.116364 -0.487631 0.06119 0.754704 -0.093859 0.646428 
293 -0.14272 -0.115779 -0.480001 0.060777 0.75536 -0.092926 0.645834 
294 -0.136476 -0.115483 -0.47286 0.059857 0.756507 -0.092145 0.644688 
295 -0.131331 -0.114397 -0.464629 0.058882 0.757881 -0.091334 0.643278 
296 -0.126227 -0.113042 -0.455937 0.057854 0.75962 -0.090251 0.641471 
297 -0.12096 -0.112427 -0.446967 0.057333 0.761378 -0.089515 0.639534 
298 -0.115692 -0.112691 -0.437809 0.056966 0.76274 -0.08923 0.637982 
299 -0.110818 -0.112297 -0.427736 0.056593 0.764021 -0.089105 0.636498 
300 -0.106661 -0.111322 -0.416917 0.055952 0.765246 -0.088539 0.635161 
301 -0.102254 -0.110878 -0.406022 0.055224 0.766567 -0.087531 0.63377 
302 -0.098172 -0.110282 -0.394808 0.054748 0.767853 -0.086225 0.632432 
303 -0.094318 -0.109218 -0.382381 0.054877 0.769007 -0.085001 0.631183 
304 -0.09049 -0.108153 -0.369809 0.055484 0.769839 -0.084021 0.630246 
305 -0.087032 -0.107969 -0.357174 0.054994 0.770708 -0.082528 0.629423 
306 -0.084315 -0.107154 -0.344387 0.054262 0.771874 -0.080967 0.62826 
307 -0.082414 -0.105839 -0.33249 0.053319 0.773359 -0.079078 0.626753 
308 -0.080846 -0.104224 -0.31948 0.052625 0.775154 -0.076938 0.624857 
309 -0.078606 -0.104179 -0.307639 0.052193 0.77648 -0.07495 0.623488 
310 -0.076263 -0.101759 -0.281519 0.05351 0.778159 -0.072212 0.621603 
311 -0.075587 -0.100593 -0.269858 0.054005 0.778059 -0.07115 0.621808 
312 -0.075488 -0.098327 -0.256237 0.054004 0.777824 -0.070233 0.622206 
313 -0.074861 -0.097672 -0.243881 0.05345 0.777009 -0.068758 0.623436 
314 -0.074447 -0.097026 -0.23057 0.053257 0.775712 -0.068051 0.625143 
315 -0.074467 -0.09543 -0.218113 0.05339 0.773752 -0.067759 0.627588 
316 -0.074804 -0.094054 -0.205693 0.053463 0.771405 -0.067613 0.63048 
317 -0.075157 -0.093518 -0.194799 0.053332 0.768573 -0.067421 0.63396 
318 -0.075995 -0.093012 -0.183637 0.052669 0.765611 -0.067238 0.637609 
319 -0.077764 -0.091114 -0.172281 0.052437 0.761932 -0.067592 0.641983 
320 -0.078863 -0.090898 -0.162208 0.052252 0.75753 -0.067857 0.647158 
321 -0.080243 -0.089171 -0.153039 0.052264 0.752555 -0.068239 0.652896 
322 -0.081582 -0.087954 -0.143271 0.051809 0.747139 -0.068247 0.659121 
323 -0.082193 -0.088378 -0.133523 0.051115 0.741299 -0.067982 0.665764 
324 -0.083377 -0.0876 -0.125846 0.051153 0.73488 -0.067837 0.672854 
325 -0.084516 -0.087492 -0.115433 0.050775 0.727958 -0.067807 0.680369 
326 -0.084053 -0.090105 -0.108439 0.050304 0.720864 -0.066904 0.688003 
327 -0.084818 -0.090489 -0.09865 0.049915 0.714081 -0.066727 0.695086 
328 -0.085922 -0.090351 -0.090078 0.04989 0.707447 -0.06665 0.701845 
329 -0.086893 -0.090434 -0.079452 0.049625 0.701068 -0.066359 0.708264 
330 -0.088012 -0.090447 -0.070287 0.048764 0.694868 -0.065384 0.714497 
331 -0.089413 -0.09012 -0.060006 0.048215 0.688645 -0.064603 0.720604 
332 -0.090947 -0.089463 -0.051296 0.048692 0.682083 -0.064408 0.726803 
333 -0.092349 -0.089876 -0.04166 0.049219 0.675986 -0.063857 0.732491 
334 -0.093031 -0.091368 -0.032879 0.04986 0.669263 -0.063354 0.738639 
335 -0.093865 -0.09349 -0.024424 0.050635 0.661717 -0.064003 0.745299 
336 -0.094856 -0.094843 -0.017373 0.052357 0.654296 -0.065029 0.751616 
337 -0.096555 -0.094484 -0.011225 0.053905 0.646996 -0.066451 0.757677 
338 -0.098284 -0.094585 -0.005586 0.054698 0.640243 -0.066996 0.763288 
339 -0.099739 -0.094766 -0.000216 0.055099 0.633129 -0.067277 0.769146 
340 -0.10119 -0.094768 0.006147 0.055625 0.626366 -0.067455 0.774611 
341 -0.102518 -0.094679 0.011552 0.055981 0.620029 -0.066821 0.779721 
342 -0.102833 -0.096081 0.01785 0.056213 0.613228 -0.06628 0.785111 
343 -0.104025 -0.095442 0.024013 0.058639 0.606039 -0.066405 0.790486 
344 -0.104941 -0.094944 0.029717 0.06026 0.598815 -0.066746 0.795823 
345 -0.106749 -0.093115 0.034738 0.060856 0.592807 -0.066518 0.800282 
346 -0.106697 -0.095127 0.041383 0.061155 0.587511 -0.066417 0.804164 
347 -0.107902 -0.094349 0.047829 0.062849 0.582485 -0.067103 0.807625 
348 -0.109135 -0.092072 0.057605 0.063294 0.57462 -0.065898 0.813304 
349 -0.108769 -0.092534 0.0624 0.063401 0.571113 -0.065926 0.815759 
350 -0.109122 -0.091775 0.067532 0.06373 0.568908 -0.066358 0.817238 
351 -0.109304 -0.090427 0.072194 0.063632 0.56731 -0.066192 0.81837 
352 -0.108699 -0.09066 0.077537 0.062912 0.565192 -0.065966 0.819908 
353 -0.108997 -0.088741 0.082699 0.062785 0.562858 -0.065583 0.821552 
354 -0.108364 -0.088283 0.087871 0.061874 0.560388 -0.064876 0.823364 
355 -0.107698 -0.088456 0.094111 0.061031 0.558062 -0.064928 0.825001 
356 -0.107834 -0.086568 0.099982 0.061137 0.556302 -0.06514 0.826164 
357 -0.108382 -0.08419 0.105865 0.060791 0.555199 -0.064611 0.826973 
358 -0.108417 -0.082343 0.112493 0.059877 0.554306 -0.064004 0.827686 
359 -0.108441 -0.081665 0.119542 0.058968 0.553683 -0.063016 0.828243 
360 -0.108345 -0.081358 0.126736 0.058474 0.552863 -0.062192 0.828888 
361 -0.108101 -0.0818 0.134661 0.058431 0.552167 -0.062369 0.829342 
362 -0.108462 -0.080502 0.142489 0.05911 0.551973 -0.062691 0.829399 
363 -0.10905 -0.078975 0.150132 0.059013 0.551563 -0.062479 0.829694 
364 -0.109127 -0.079348 0.158765 0.058227 0.551378 -0.062406 0.829878 
365 -0.109169 -0.07975 0.166758 0.058453 0.551852 -0.062307 0.829554 
366 -0.109516 -0.079603 0.175084 0.058902 0.5532 -0.061833 0.82866 
367 -0.110534 -0.078626 0.183077 0.059021 0.554911 -0.060818 0.827582 
368 -0.11095 -0.078359 0.191628 0.058741 0.556841 -0.059932 0.826369 
369 -0.111256 -0.077442 0.199405 0.058202 0.559074 -0.059378 0.824938 
370 -0.111822 -0.076344 0.206901 0.056837 0.562171 -0.058714 0.822974 
371 -0.112406 -0.075527 0.2147 0.055242 0.566235 -0.057875 0.820351 
372 -0.113127 -0.074188 0.222449 0.053528 0.570927 -0.057339 0.817245 
373 -0.113471 -0.073181 0.229791 0.05131 0.576433 -0.056466 0.813575 
374 -0.11305 -0.074084 0.237735 0.048484 0.582337 -0.055815 0.809579 
375 -0.111961 -0.074379 0.251695 0.044039 0.594486 -0.056188 0.800931 
376 -0.11067 -0.075252 0.258661 0.041739 0.601113 -0.056791 0.79605 
377 -0.109361 -0.075364 0.264699 0.040167 0.607135 -0.057183 0.79152 
378 -0.107091 -0.076136 0.270447 0.038986 0.613197 -0.05728 0.786885 
379 -0.10526 -0.076839 0.27587 0.03814 0.619272 -0.057594 0.782132 
380 -0.103621 -0.076871 0.280951 0.03758 0.625639 -0.057659 0.777071 
381 -0.10154 -0.077554 0.285803 0.037132 0.63217 -0.057874 0.771772 
382 -0.09932 -0.077936 0.289861 0.0374 0.638826 -0.058447 0.766216 
383 -0.097469 -0.077187 0.292488 0.038327 0.645534 -0.059275 0.760463 
384 -0.095064 -0.077669 0.294747 0.039285 0.65242 -0.060716 0.7544 
385 -0.092125 -0.079761 0.297128 0.040453 0.660548 -0.062476 0.747085 
386 -0.090022 -0.080972 0.298137 0.041116 0.669513 -0.063382 0.738949 
387 -0.088368 -0.081054 0.299151 0.040267 0.67835 -0.064323 0.730809 
388 -0.085289 -0.084346 0.300676 0.039088 0.686795 -0.064991 0.722884 
389 -0.082895 -0.084657 0.302148 0.039203 0.694413 -0.066983 0.715378 
390 -0.080905 -0.084398 0.302636 0.038512 0.702157 -0.067879 0.707732 
391 -0.079818 -0.082659 0.303293 0.037863 0.710812 -0.068354 0.699028 
392 -0.078928 -0.080509 0.304247 0.037341 0.719993 -0.068623 0.689569 
393 -0.076542 -0.0808 0.30496 0.036801 0.728527 -0.068018 0.680637 
394 -0.073603 -0.080922 0.305266 0.036885 0.736563 -0.067875 0.671942 
395 -0.071674 -0.079822 0.305424 0.037492 0.744837 -0.067236 0.662791 
396 -0.069658 -0.077703 0.304858 0.037235 0.752741 -0.067083 0.653831 
397 -0.065829 -0.079604 0.303583 0.03612 0.760312 -0.067195 0.645063 
398 -0.062289 -0.080665 0.304428 0.035198 0.767984 -0.068298 0.635844 
399 -0.058756 -0.081006 0.305416 0.03506 0.77589 -0.069572 0.626039 
400 -0.053956 -0.081499 0.306062 0.035169 0.783859 -0.070468 0.615924 
401 -0.050017 -0.08081 0.308082 0.034791 0.790819 -0.071668 0.606843 
402 -0.045643 -0.081411 0.307462 0.033456 0.797208 -0.072419 0.598411 
403 -0.040874 -0.081934 0.30954 0.031075 0.804213 -0.073167 0.589001 
404 -0.035707 -0.083647 0.312966 0.028737 0.811922 -0.073563 0.578398 
405 -0.031341 -0.084519 0.315694 0.026681 0.819802 -0.073745 0.567251 
406 -0.02689 -0.084892 0.31939 0.02518 0.827976 -0.073104 0.555407 
407 -0.020914 -0.088495 0.323077 0.023875 0.835801 -0.072385 0.543715 
408 -0.015468 -0.091469 0.32871 0.023313 0.843462 -0.07278 0.531726 
409 -0.013015 -0.08983 0.331096 0.02321 0.851462 -0.072696 0.518835 
410 -0.008777 -0.089065 0.338665 0.022308 0.85995 -0.071454 0.504859 
411 -0.003325 -0.08992 0.346947 0.021488 0.867929 -0.070222 0.491229 
412 0.000664 -0.087253 0.351442 0.021222 0.875249 -0.069887 0.478126 
413 0.002888 -0.080316 0.357855 0.020959 0.882261 -0.068583 0.465266 
414 0.008693 -0.0798 0.364801 0.018595 0.888545 -0.065521 0.453706 
415 0.014633 -0.081463 0.367364 0.015737 0.893959 -0.063518 0.443345 
416 0.016168 -0.077993 0.367162 0.013614 0.898981 -0.062514 0.43329 
417 0.023632 -0.080949 0.374374 0.010202 0.904616 -0.060554 0.421781 
418 0.030851 -0.083971 0.375301 0.007505 0.909392 -0.060675 0.411422 
419 0.034333 -0.079053 0.376699 0.006253 0.913499 -0.062637 0.401943 
420 0.0426 -0.071737 0.379676 0.002875 0.921071 -0.062233 0.384378 
421 0.049694 -0.070609 0.380216 0.001225 0.924699 -0.061635 0.375674 
422 0.055331 -0.067351 0.378746 -0.000236 0.927788 -0.061619 0.367985 
423 0.063345 -0.068323 0.376744 -0.002326 0.931018 -0.060779 0.35987 
424 0.072481 -0.068476 0.376562 -0.00384 0.934051 -0.061389 0.351804 
425 0.078358 -0.064817 0.371952 -0.004461 0.936696 -0.062562 0.344479 
426 0.088479 -0.063209 0.368847 -0.005872 0.939492 -0.063055 0.336665 
427 0.099533 -0.062111 0.36766 -0.006613 0.942052 -0.063759 0.329287 
428 0.108083 -0.058442 0.360611 -0.006561 0.944172 -0.064866 0.322937 
429 0.117935 -0.053925 0.357152 -0.006658 0.946523 -0.06515 0.31592 
430 0.130624 -0.052686 0.352487 -0.00687 0.948841 -0.064254 0.309071 
431 0.142727 -0.051529 0.346723 -0.006808 0.95075 -0.063914 0.303222 
432 0.153168 -0.04691 0.33764 -0.005506 0.952668 -0.063915 0.297167 
433 0.167079 -0.046033 0.332404 -0.004105 0.954834 -0.062306 0.290503 
434 0.184033 -0.050626 0.325477 -0.00275 0.956691 -0.060961 0.284637 
435 0.202615 -0.057189 0.31689 -0.000969 0.958067 -0.062013 0.279754 
436 0.217144 -0.05895 0.308635 0.001479 0.958786 -0.066294 0.276283 
437 0.225251 -0.05367 0.296596 0.004806 0.959306 -0.071266 0.273185 
438 0.231668 -0.044709 0.287108 0.007643 0.960221 -0.073838 0.269192 
439 0.239978 -0.037619 0.278698 0.008457 0.96154 -0.072965 0.264661 
440 0.254548 -0.039331 0.269429 0.007085 0.963268 -0.06967 0.259251 
441 0.282052 -0.045134 0.251761 0.006369 0.966206 -0.067521 0.24869 
442 0.292927 -0.045054 0.240431 0.006886 0.967477 -0.068501 0.243412 
443 0.303506 -0.042755 0.231722 0.00735 0.968785 -0.069534 0.237838 
444 0.314383 -0.043616 0.222405 0.006795 0.969987 -0.069677 0.232862 
445 0.322842 -0.040976 0.214211 0.006461 0.97109 -0.070657 0.227927 
446 0.330973 -0.039446 0.206532 0.006079 0.972323 -0.070641 0.222621 
447 0.339382 -0.037996 0.198106 0.005809 0.973787 -0.070521 0.216176 
448 0.346655 -0.033606 0.19225 0.006311 0.975269 -0.070133 0.209506 
449 0.356997 -0.033658 0.186585 0.005525 0.976707 -0.068728 0.203199 
450 0.367538 -0.03437 0.180025 0.004372 0.97797 -0.06812 0.197268 
451 0.37604 -0.03111 0.17337 0.003763 0.979047 -0.068227 0.191826 
452 0.386562 -0.030931 0.167594 0.003041 0.980135 -0.06706 0.186626 
453 0.397835 -0.030193 0.162293 0.002558 0.981026 -0.066627 0.182048 
454 0.407037 -0.027264 0.155251 0.002469 0.981739 -0.066108 0.17836 
455 0.417111 -0.024555 0.150142 0.002218 0.982551 -0.06478 0.174334 
456 0.429967 -0.026138 0.147593 0.001988 0.983518 -0.06269 0.169583 
457 0.443787 -0.02924 0.141282 0.002364 0.984384 -0.062105 0.164699 
458 0.452903 -0.024902 0.13721 0.00502 0.984991 -0.063425 0.160453 
459 0.46498 -0.022824 0.134289 0.007636 0.985853 -0.062995 0.155139 
460 0.477172 -0.024067 0.128653 0.00956 0.986612 -0.062562 0.150302 
461 0.487024 -0.022178 0.122131 0.011117 0.987269 -0.063342 0.145481 
462 0.495501 -0.018479 0.119204 0.011415 0.988013 -0.064064 0.139985 
463 0.503848 -0.014471 0.11619 0.010758 0.988988 -0.063194 0.133396 
464 0.517515 -0.015775 0.114073 0.00918 0.990216 -0.061002 0.125167 
465 0.529522 -0.014279 0.1117 0.008343 0.991198 -0.060195 0.117614 
466 0.540583 -0.010452 0.111558 0.008342 0.9922 -0.058816 0.109592 
467 0.550693 -0.008815 0.110758 0.008143 0.993173 -0.056315 0.101831 
468 0.560995 -0.005099 0.111266 0.007692 0.994211 -0.053982 0.092577 
469 0.572533 -0.003602 0.109685 0.006513 0.995215 -0.050445 0.083427 
470 0.583879 -0.004205 0.107146 0.005243 0.996042 -0.047114 0.075183 
471 0.594675 -0.004447 0.10356 0.004623 0.996683 -0.045207 0.067518 
472 0.600714 -0.003507 0.095866 0.004644 0.997134 -0.04408 0.061318 
473 0.609993 -0.001459 0.094135 0.004791 0.997651 -0.042865 0.053223 
474 0.62073 -0.001353 0.092056 0.004842 0.998132 -0.041108 0.044932 
475 0.629579 -0.002013 0.083946 0.004282 0.998447 -0.039923 0.038609 
476 0.643395 -0.001039 0.088197 0.003811 0.998778 -0.039292 0.02974 
477 0.651294 0.001729 0.087303 0.002879 0.998966 -0.038834 0.023482 
478 0.662479 0.003984 0.090012 0.001412 0.99919 -0.037127 0.015448 
479 0.670831 0.001513 0.084408 4.3e-05 0.999349 -0.034816 0.009493 
480 0.681533 0.001919 0.086378 -0.000576 0.9994 -0.034532 0.00257 
481 0.691063 0.004236 0.085502 -0.000554 0.999399 -0.0344 -0.004181 
482 0.696617 0.004426 0.080951 -0.000412 0.999408 -0.033338 -0.008488 
483 0.70673 0.000794 0.076957 -0.000233 0.999387 -0.032253 -0.013598 
484 0.716646 -0.002618 0.074901 0.000535 0.999264 -0.033825 -0.018105 
485 0.723173 0.000881 0.071962 0.001762 0.99905 -0.037262 -0.022524 
486 0.722793 0.003214 0.063714 0.002846 0.998936 -0.038573 -0.025135 
487 0.728297 0.003523 0.059626 0.003229 0.998748 -0.038624 -0.031641 
488 0.732996 0.003805 0.051161 0.003273 0.998501 -0.03881 -0.038463 
489 0.739241 0.004455 0.046908 0.003028 0.998192 -0.038855 -0.045756 
490 0.739894 0.002968 0.034885 0.002249 0.997998 -0.038945 -0.049783 
491 0.742208 0.002911 0.023218 0.000592 0.997693 -0.040056 -0.054813 
492 0.743819 0.007353 0.01553 -0.001775 0.997309 -0.041579 -0.060353 
493 0.743914 0.009577 0.004289 -0.004216 0.997003 -0.041006 -0.065471 
494 0.742814 0.00862 -0.003203 -0.006493 0.996835 -0.040008 -0.068386 
495 0.746356 0.01137 -0.009935 -0.007848 0.996499 -0.040272 -0.072851 
496 0.74468 0.011775 -0.021681 -0.008379 0.996285 -0.039695 -0.075956 
497 0.746131 0.012587 -0.02828 -0.008261 0.995892 -0.039748 -0.080939 
498 0.746167 0.01343 -0.039162 -0.007754 0.995459 -0.039929 -0.086059 
499 0.747362 0.014564 -0.050374 -0.007311 0.995031 -0.04032 -0.090744 
500 0.751214 0.016645 -0.056622 -0.007192 0.994536 -0.040369 -0.096009 
501 0.753415 0.015589 -0.070245 -0.007257 0.994113 -0.039789 -0.100517 
502 0.75236 0.018293 -0.081596 -0.007235 0.99376 -0.040271 -0.103761 
503 0.748302 0.019189 -0.095482 -0.007104 0.993477 -0.039294 -0.106817 
504 0.748358 0.015583 -0.104488 -0.006708 0.993027 -0.038189 -0.111328 
505 0.748532 0.013837 -0.116411 -0.006061 0.992497 -0.039442 -0.11557 
506 0.740598 0.015853 -0.126764 -0.005004 0.992115 -0.041302 -0.118227 
507 0.744555 0.016645 -0.137033 -0.003947 0.991658 -0.041915 -0.121825 
508 0.749623 0.014378 -0.152683 -0.002527 0.991094 -0.041591 -0.126478 
509 0.752743 0.009481 -0.165465 -0.000797 0.990522 -0.042077 -0.130751 
510 0.749314 0.007967 -0.179124 0.000303 0.989911 -0.04437 -0.134567 
511 0.755019 0.008809 -0.19082 0.000799 0.988947 -0.046357 -0.140833 
512 0.756672 0.006432 -0.202906 0.000858 0.988178 -0.046993 -0.145931 
513 0.762653 0.003204 -0.215704 0.000896 0.987251 -0.048407 -0.151626 
514 0.766183 0.002988 -0.229987 0.000353 0.986279 -0.050652 -0.157121 
515 0.761636 0.005719 -0.228589 -0.000152 0.985594 -0.05242 -0.160801 
516 0.777496 0.003711 -0.250619 -0.000654 0.984416 -0.052595 -0.167805 
517 0.767771 0.001133 -0.245602 -0.001102 0.983824 -0.053169 -0.171065 
518 0.760102 -0.000745 -0.24499 -0.002343 0.983175 -0.055048 -0.174158 
519 0.757561 0.000898 -0.253088 -0.003789 0.982321 -0.05758 -0.178089 
520 0.759903 0.00417 -0.260092 -0.005496 0.981473 -0.058741 -0.182289 
521 0.748592 0.005761 -0.253745 -0.007083 0.98112 -0.058283 -0.184275 
522 0.76725 0.003642 -0.276546 -0.008567 0.979798 -0.057166 -0.191456 
523 0.767004 0.003943 -0.281672 -0.00971 0.978946 -0.057095 -0.195731 
524 0.775745 0.006696 -0.295632 -0.010601 0.97785 -0.056655 -0.201214 
525 0.777172 0.005378 -0.305045 -0.010916 0.976925 -0.055 -0.206089 
526 0.780376 0.005669 -0.309891 -0.011249 0.975916 -0.054679 -0.210885 
527 0.795056 0.006141 -0.331778 -0.012026 0.974286 -0.054027 -0.218413 
528 0.791494 0.005643 -0.333288 -0.012698 0.973459 -0.053038 -0.222268 
529 0.800653 0.005755 -0.349375 -0.013411 0.972023 -0.052467 -0.228557 
530 0.801351 0.006558 -0.357843 -0.013892 0.970946 -0.051747 -0.233223 
531 0.799834 0.0073 -0.363251 -0.014179 0.970249 -0.051037 -0.236242 
532 0.808272 0.007813 -0.379479 -0.014086 0.968855 -0.050044 -0.24211 
533 0.81441 0.004416 -0.395112 -0.013873 0.967648 -0.048914 -0.247129 
534 0.811874 0.005099 -0.399121 -0.013903 0.966673 -0.049382 -0.250823 
535 0.82083 0.005423 -0.417243 -0.013948 0.96511 -0.049169 -0.256809 
536 0.821088 0.005006 -0.425963 -0.013767 0.964031 -0.048809 -0.260908 
537 0.819257 0.004899 -0.434186 -0.013829 0.963004 -0.04857 -0.264712 
538 0.822685 0.002473 -0.449382 -0.014333 0.961748 -0.047924 -0.269331 
539 0.823861 -0.000335 -0.459126 -0.014692 0.960608 -0.048205 -0.273298 
540 0.826692 0.000939 -0.473238 -0.01528 0.959464 -0.049385 -0.277049 
541 0.828005 0.00331 -0.47889 -0.01606 0.958361 -0.049127 -0.280844 
542 0.82876 0.001444 -0.489566 -0.017566 0.957532 -0.047541 -0.283838 
543 0.831793 0.001838 -0.502312 -0.0193 0.956642 -0.046397 -0.286897 
544 0.833383 0.00034 -0.509118 -0.020719 0.955945 -0.044349 -0.289435 
545 0.835815 -0.002457 -0.521702 -0.021817 0.95513 -0.042937 -0.292246 
546 0.83252 -0.002945 -0.525331 -0.022739 0.954446 -0.042638 -0.294445 
547 0.83391 -0.002803 -0.532221 -0.023335 0.953455 -0.042122 -0.297666 
548 0.8335 -0.00586 -0.539038 -0.023216 0.952534 -0.041603 -0.300682 
549 0.834129 -0.006438 -0.547375 -0.023102 0.95144 -0.042222 -0.30405 
550 0.837737 -0.008536 -0.555702 -0.023151 0.950087 -0.042378 -0.308225 
551 0.836443 -0.008445 -0.558178 -0.02293 0.948888 -0.043398 -0.311771 
552 0.837363 -0.007143 -0.565639 -0.022626 0.947445 -0.043862 -0.31609 
553 0.838091 -0.01072 -0.573657 -0.021555 0.946145 -0.043332 -0.320106 
554 0.838178 -0.013956 -0.582549 -0.020695 0.944925 -0.044376 -0.323605 
555 0.837583 -0.011214 -0.586936 -0.020382 0.943824 -0.046649 -0.326505 
556 0.835725 -0.008751 -0.593452 -0.019662 0.942723 -0.046801 -0.329692 
557 0.835267 -0.011849 -0.598637 -0.01865 0.941399 -0.045773 -0.333655 
558 0.834132 -0.011968 -0.601834 -0.017681 0.939989 -0.046366 -0.337578 
559 0.837871 -0.011526 -0.610384 -0.016825 0.938125 -0.046829 -0.342702 
560 0.836556 -0.013025 -0.61332 -0.01638 0.93667 -0.047011 -0.346658 
561 0.838912 -0.013722 -0.622953 -0.016455 0.93481 -0.047829 -0.351529 
562 0.839605 -0.01189 -0.629094 -0.016572 0.933049 -0.04884 -0.356034 
563 0.843619 -0.009987 -0.641299 -0.016505 0.930722 -0.048786 -0.362082 
564 0.84481 -0.009555 -0.648149 -0.016322 0.928545 -0.047886 -0.367757 
565 0.846731 -0.009534 -0.654697 -0.01638 0.926403 -0.047177 -0.373207 
566 0.849639 -0.007881 -0.664051 -0.016608 0.924221 -0.046744 -0.378623 
567 0.852184 -0.006908 -0.67518 -0.016323 0.922186 -0.045688 -0.383692 
568 0.851249 -0.010404 -0.685333 -0.015824 0.920401 -0.044493 -0.388114 
569 0.850176 -0.012481 -0.694179 -0.016631 0.918681 -0.045124 -0.392061 
570 0.850454 -0.008648 -0.703547 -0.018344 0.916777 -0.046365 -0.396274 
571 0.850151 -0.008765 -0.713521 -0.019574 0.914977 -0.045209 -0.400487 
572 0.84744 -0.010872 -0.720701 -0.020691 0.913616 -0.044851 -0.403566 
573 0.846317 -0.008297 -0.731202 -0.021866 0.912245 -0.045515 -0.406522 
574 0.845667 -0.005164 -0.73916 -0.022758 0.910961 -0.044597 -0.409443 
575 0.844273 -0.00776 -0.749107 -0.022963 0.909538 -0.042751 -0.412778 
576 0.843579 -0.007807 -0.759295 -0.023452 0.907967 -0.042628 -0.416208 
577 0.843256 -0.005562 -0.769245 -0.024039 0.906377 -0.042331 -0.419655 
578 0.842871 -0.005218 -0.780364 -0.02394 0.905107 -0.041458 -0.422481 
579 0.841397 -0.006135 -0.790413 -0.023587 0.904174 -0.041014 -0.424536 
580 0.840061 -0.00458 -0.802515 -0.023188 0.903165 -0.041353 -0.426667 
581 0.840038 -0.001717 -0.812776 -0.022631 0.901935 -0.040868 -0.429337 
582 0.838151 -0.002991 -0.824866 -0.021727 0.900465 -0.039132 -0.43262 
583 0.836995 -0.003027 -0.837053 -0.021118 0.898836 -0.038284 -0.436098 
584 0.836869 -0.000293 -0.849113 -0.020347 0.897084 -0.037232 -0.439817 
585 0.835725 -0.000279 -0.859412 -0.018704 0.895198 -0.035028 -0.443897 
586 0.833524 -0.004468 -0.888478 -0.014368 0.890814 -0.032361 -0.452987 
587 0.831779 -0.006584 -0.898872 -0.012137 0.888929 -0.032678 -0.456716 
588 0.829462 -0.009069 -0.911128 -0.01018 0.887453 -0.033808 -0.459544 
589 0.828436 -0.007164 -0.923477 -0.009164 0.885778 -0.035706 -0.462644 
590 0.827486 -0.005539 -0.938537 -0.008459 0.883846 -0.035873 -0.466324 
591 0.825868 -0.006434 -0.951859 -0.007914 0.881659 -0.034836 -0.470533 
592 0.824601 -0.00723 -0.964563 -0.007826 0.879481 -0.033785 -0.474669 
593 0.822067 -0.006945 -0.974384 -0.008218 0.877715 -0.032505 -0.478009 
594 0.820458 -0.00952 -0.988136 -0.008181 0.875643 -0.030871 -0.481902 
595 0.817752 -0.012235 -0.999221 -0.008114 0.873718 -0.030448 -0.48541 
596 0.816272 -0.013079 -1.01385 -0.007899 0.87149 -0.030868 -0.489376 
597 0.813216 -0.016095 -1.02457 -0.007464 0.869693 -0.031105 -0.492555 
598 0.811239 -0.01705 -1.03669 -0.008056 0.867899 -0.032153 -0.495633 
599 0.808204 -0.018085 -1.04777 -0.009321 0.866339 -0.032558 -0.498307 
600 0.806285 -0.019159 -1.06131 0.010892 -0.864646 0.03263 0.501202 
601 0.802782 -0.020355 -1.0709 0.012258 -0.863154 0.032409 0.503751 
602 0.799389 -0.021782 -1.07968 0.013511 -0.86176 0.032297 0.506106 
603 0.796536 -0.021517 -1.08908 0.01453 -0.860109 0.032527 0.508865 
604 0.794095 -0.019414 -1.0975 0.015087 -0.858626 0.03269 0.511336 
605 0.791976 -0.019718 -1.11129 0.014626 -0.856992 0.032151 0.514117 
606 0.788803 -0.022064 -1.12054 0.014361 -0.85574 0.03169 0.516236 
607 0.787251 -0.01974 -1.13052 0.015101 -0.854228 0.032433 0.518666 
608 0.785339 -0.016126 -1.13963 0.015465 -0.852383 0.032047 0.521706 
609 0.784169 -0.01631 -1.15433 0.014562 -0.850243 0.030548 0.525301 
610 0.781276 -0.017436 -1.16411 0.013194 -0.84841 0.029735 0.52834 
611 0.779175 -0.015652 -1.17226 0.011909 -0.846912 0.030128 0.530746 
612 0.777396 -0.013997 -1.1865 0.010032 -0.845293 0.030156 0.533357 
613 0.776144 -0.013013 -1.19565 0.008306 -0.843773 0.02965 0.535816 
614 0.774798 -0.010778 -1.20773 0.007233 -0.841983 0.028957 0.538678 
615 0.773043 -0.009924 -1.21949 0.006129 -0.839832 0.027426 0.542119 
616 0.772224 -0.008878 -1.23346 0.00502 -0.83732 0.025735 0.546085 
617 0.771411 -0.009202 -1.24995 0.003791 -0.834397 0.023821 0.550636 
618 0.768738 -0.010758 -1.25941 0.002346 -0.83139 0.022536 0.555228 
619 0.767333 -0.010853 -1.27053 0.001134 -0.828613 0.022224 0.559379 
620 0.765628 -0.009509 -1.28227 6.3e-05 -0.826037 0.021788 0.563195 
621 0.763552 -0.010934 -1.29369 -0.000949 -0.823109 0.020574 0.56751 
622 0.760755 -0.012709 -1.30557 -0.00119 -0.820254 0.01998 0.571649 
623 0.758171 -0.011715 -1.31635 -0.000791 -0.817382 0.019744 0.575756 
624 0.756517 -0.010191 -1.32659 -0.000612 -0.814343 0.019037 0.580072 
625 0.754033 -0.010757 -1.33741 -0.001541 -0.810577 0.017817 0.585359 
626 0.750498 -0.013372 -1.34759 -0.003118 -0.806716 0.0173 0.590678 
627 0.748209 -0.012918 -1.35434 -0.00396 -0.803088 0.017952 0.595578 
628 0.744585 -0.013394 -1.36452 -0.005074 -0.798983 0.018079 0.601061 
629 0.740892 -0.015 -1.37354 -0.006402 -0.794731 0.018579 0.606644 
630 0.737354 -0.014056 -1.37978 -0.007365 -0.790986 0.019599 0.611476 
631 0.733598 -0.015802 -1.39099 -0.008654 -0.786702 0.019923 0.61695 
632 0.728487 -0.017978 -1.39927 -0.009389 -0.78302 0.020722 0.62158 
633 0.724548 -0.018214 -1.40518 -0.009324 -0.779759 0.022195 0.625616 
634 0.721375 -0.01711 -1.41511 -0.008932 -0.7758 0.023329 0.630485 
635 0.717035 -0.018036 -1.42266 -0.008759 -0.772073 0.023511 0.635039 
636 0.713953 -0.016922 -1.4313 -0.0075 -0.768268 0.023941 0.639637 
637 0.708896 -0.015197 -1.43759 -0.006602 -0.764656 0.023571 0.643974 
638 0.704857 -0.014394 -1.444 -0.006022 -0.76146 0.022873 0.64778 
639 0.699768 -0.01374 -1.45109 -0.005665 -0.758533 0.022178 0.651233 
640 0.694241 -0.012846 -1.45645 -0.005539 -0.756103 0.021483 0.654077 
641 0.689531 -0.011541 -1.46371 -0.005801 -0.753392 0.020972 0.657212 
642 0.683654 -0.010817 -1.46908 -0.006155 -0.751093 0.02071 0.659843 
643 0.678566 -0.009073 -1.47598 -0.006433 -0.748561 0.020782 0.662709 
644 0.67185 -0.007649 -1.48021 -0.006945 -0.746578 0.020636 0.664941 
645 0.664152 -0.008455 -1.48634 -0.007885 -0.744407 0.020545 0.667363 
646 0.657105 -0.007901 -1.49109 -0.008399 -0.742289 0.0215 0.669682 
647 0.649559 -0.005236 -1.49643 -0.008583 -0.740259 0.022516 0.67189 
648 0.634898 0.001822 -1.50649 -0.010718 -0.73571 0.021523 0.67687 
649 0.616543 0.001191 -1.51741 -0.014892 -0.730873 0.019701 0.682066 
650 0.606684 2.6e-05 -1.52348 -0.016714 -0.728028 0.019521 0.685066 
651 0.595817 -0.003549 -1.52793 -0.01803 -0.725466 0.020222 0.687725 
652 0.584912 -0.003394 -1.53171 -0.017613 -0.72294 0.022127 0.690331 
653 0.574965 -0.001459 -1.53809 -0.016393 -0.719921 0.022544 0.693497 
654 0.563608 -0.002473 -1.54253 -0.01555 -0.716893 0.021128 0.696689 
655 0.552463 -0.003248 -1.5464 -0.014331 -0.713908 0.019628 0.699818 
656 0.540606 -0.005233 -1.55124 -0.013497 -0.710938 0.017913 0.702897 
657 0.52814 -0.008577 -1.55448 -0.012544 -0.708072 0.016827 0.705828 
658 0.516754 -0.010162 -1.5583 -0.011025 -0.704907 0.016957 0.709011 
659 0.503957 -0.013196 -1.56237 -0.009814 -0.702092 0.017129 0.711812 
660 0.491324 -0.016952 -1.56377 -0.008232 -0.699671 0.01819 0.714186 
661 0.480009 -0.016676 -1.56757 -0.00591 -0.697002 0.020718 0.716745 
662 0.469331 -0.01388 -1.57396 -0.004176 -0.693623 0.022488 0.719974 
663 0.458196 -0.014666 -1.57709 -0.004083 -0.690616 0.022682 0.722855 
664 0.44641 -0.017221 -1.58083 -0.004265 -0.687929 0.023237 0.725393 
665 0.435027 -0.020347 -1.58222 -0.004433 -0.685978 0.024806 0.727186 
666 0.423222 -0.024872 -1.58539 -0.004362 -0.683858 0.02754 0.729082 
667 0.411507 -0.026367 -1.58843 -0.003112 -0.681669 0.031324 0.730983 
668 0.401263 -0.026023 -1.59172 -0.00192 -0.679313 0.034654 0.733027 
669 0.391117 -0.026498 -1.59585 -0.001222 -0.677152 0.036529 0.734935 
670 0.38093 -0.029673 -1.6001 -0.00035 -0.674814 0.037064 0.737056 
671 0.371515 -0.030579 -1.60408 0.001362 -0.672123 0.03743 0.739492 
672 0.362309 -0.032094 -1.60815 0.002351 -0.66892 0.03735 0.742392 
673 0.353264 -0.034441 -1.61105 0.002862 -0.665516 0.037156 0.745453 
674 0.343748 -0.039326 -1.61458 0.003084 -0.662007 0.037515 0.748552 
675 0.334584 -0.042752 -1.61632 0.004168 -0.659154 0.039399 0.750964 
676 0.325959 -0.044998 -1.61973 0.005536 -0.656338 0.041519 0.753303 
677 0.316592 -0.047434 -1.62382 0.007022 -0.653541 0.043511 0.755607 
678 0.308425 -0.04768 -1.62914 0.00895 -0.650563 0.044733 0.758081 
679 0.300049 -0.049396 -1.63287 0.009928 -0.647377 0.044767 0.760789 
680 0.291512 -0.053632 -1.63714 0.010528 -0.643956 0.044787 0.763678 
681 0.283235 -0.056948 -1.64174 0.011743 -0.640741 0.045792 0.7663 
682 0.274528 -0.058443 -1.64634 0.013159 -0.637695 0.047351 0.76872 
683 0.266469 -0.059708 -1.6523 0.014436 -0.634638 0.048373 0.771159 
684 0.25753 -0.063943 -1.65802 0.014821 -0.631384 0.0489 0.773785 
685 0.249059 -0.068109 -1.66394 0.016008 -0.627812 0.050527 0.776558 
686 0.240417 -0.070303 -1.66981 0.018159 -0.623947 0.052798 0.77947 
687 0.231848 -0.072509 -1.67591 0.020257 -0.6195 0.054563 0.782836 
688 0.223832 -0.074604 -1.68322 0.022472 -0.61483 0.055527 0.786382 
689 0.214732 -0.079789 -1.68975 0.024156 -0.61012 0.05646 0.789926 
690 0.205818 -0.084214 -1.69658 0.026186 -0.605231 0.058458 0.793469 
691 0.197813 -0.085149 -1.70458 0.028069 -0.600378 0.061317 0.796868 
692 0.190261 -0.084853 -1.71367 0.029001 -0.595384 0.063335 0.800416 
693 0.183179 -0.084448 -1.72188 0.028886 -0.590291 0.064152 0.804119 
694 0.175446 -0.087402 -1.73002 0.027314 -0.584605 0.064299 0.808305 
695 0.167387 -0.091378 -1.73768 0.02565 -0.578489 0.064684 0.812717 
696 0.158316 -0.096462 -1.74465 0.024222 -0.572622 0.06567 0.816826 
697 0.149827 -0.101087 -1.75125 0.023869 -0.567433 0.06742 0.820308 
698 0.140929 -0.104831 -1.75861 0.024422 -0.562446 0.069506 0.823545 
699 0.132585 -0.107636 -1.76535 0.025198 -0.557243 0.071729 0.826862 
700 0.124476 -0.109281 -1.77229 0.026032 -0.55175 0.073657 0.830342 
701 0.117243 -0.110637 -1.77766 0.025983 -0.546436 0.07511 0.833721 
702 0.108131 -0.117542 -1.78221 0.025537 -0.541574 0.076463 0.836779 
703 0.0994 -0.122328 -1.7868 0.027177 -0.537272 0.078951 0.839266 
704 0.09192 -0.122473 -1.79145 0.029229 -0.533046 0.081277 0.841666 
705 0.0839 -0.126529 -1.79571 0.030107 -0.528456 0.082328 0.844423 
706 0.075393 -0.131495 -1.79893 0.031696 -0.523722 0.082707 0.847272 
707 0.069088 -0.128902 -1.80281 0.033968 -0.518679 0.082634 0.850288 
708 0.062219 -0.130429 -1.8068 0.032592 -0.513618 0.081528 0.853515 
709 0.053275 -0.139135 -1.80843 0.031484 -0.510251 0.08101 0.855622 
710 0.044944 -0.142041 -1.81107 0.033626 -0.507353 0.081586 0.857208 
711 0.039782 -0.138528 -1.81241 0.034736 -0.504839 0.080549 0.858745 
712 0.031024 -0.146835 -1.81266 0.033062 -0.501947 0.077679 0.860768 
713 0.02173 -0.154412 -1.81272 0.034598 -0.499256 0.077054 0.862327 
714 0.01454 -0.156221 -1.81041 0.037769 -0.497441 0.07822 0.863138 
715 0.00764 -0.15779 -1.80738 0.039802 -0.496023 0.078977 0.863794 
716 -0.000207 -0.162698 -1.80402 0.041416 -0.494076 0.079235 0.864809 
717 -0.008413 -0.166096 -1.80171 0.044248 -0.491519 0.080113 0.866044 
718 -0.016342 -0.168435 -1.79757 0.047215 -0.489322 0.080895 0.867059 
719 -0.023637 -0.169094 -1.79256 0.049438 -0.487105 0.081092 0.868164 
720 -0.031947 -0.171483 -1.78783 0.0512 -0.484772 0.080838 0.86939 
721 -0.040085 -0.172482 -1.78193 0.052639 -0.482651 0.080768 0.870491 
722 -0.048871 -0.174672 -1.77615 0.053224 -0.480375 0.080514 0.871737 
723 -0.058057 -0.177101 -1.76986 0.054321 -0.478129 0.081179 0.872841 
724 -0.06676 -0.17809 -1.76328 0.057197 -0.476526 0.08279 0.873383 
725 -0.076656 -0.179929 -1.75672 0.060161 -0.475073 0.084319 0.873829 
726 -0.086127 -0.181989 -1.74942 0.062698 -0.47362 0.085832 0.874291 
727 -0.09552 -0.184278 -1.74166 0.064196 -0.471801 0.086849 0.875066 
728 -0.104705 -0.185008 -1.73434 0.064637 -0.469011 0.087317 0.876485 
729 -0.114508 -0.187288 -1.72742 0.064588 -0.4655 0.08744 0.878346 
730 -0.125076 -0.191356 -1.72021 0.065323 -0.461208 0.087635 0.880534 
731 -0.135184 -0.194346 -1.71141 0.067462 -0.456897 0.087632 0.882618 
732 -0.1448 -0.197756 -1.70152 0.069436 -0.453013 0.086833 0.884544 
733 -0.154115 -0.201056 -1.6922 0.07199 -0.449105 0.085717 0.886439 
734 -0.163133 -0.205206 -1.68244 0.074439 -0.44488 0.084612 0.888472 
735 -0.171752 -0.208266 -1.67318 0.077051 -0.440293 0.083869 0.890602 
736 -0.180649 -0.211547 -1.66379 0.081071 -0.435896 0.084563 0.89234 
737 -0.188854 -0.214087 -1.65422 0.085858 -0.432122 0.086696 0.893522 
738 -0.196345 -0.216248 -1.64487 0.090078 -0.429144 0.089168 0.894299 
739 -0.204029 -0.220269 -1.63531 0.095518 -0.426979 0.091945 0.894489 
740 -0.21068 -0.22354 -1.62531 0.101652 -0.425073 0.094452 0.89446 
741 -0.215824 -0.224141 -1.61636 0.106306 -0.423208 0.095482 0.894694 
742 -0.221073 -0.225902 -1.60868 0.109373 -0.421469 0.094944 0.895202 
743 -0.226588 -0.228542 -1.60156 0.112505 -0.420007 0.09389 0.895612 
744 -0.231698 -0.230273 -1.59461 0.11597 -0.418666 0.093214 0.895869 
745 -0.237309 -0.233363 -1.58815 0.120548 -0.417372 0.09329 0.895861 
746 -0.242688 -0.236914 -1.5815 0.126271 -0.416039 0.093995 0.895618 
747 -0.247217 -0.239794 -1.57513 0.131689 -0.414545 0.09456 0.895471 
748 -0.251545 -0.242585 -1.5693 0.137174 -0.412945 0.095195 0.89532 
749 -0.25557 -0.244695 -1.5641 0.14254 -0.411516 0.095849 0.89507 
750 -0.259362 -0.247376 -1.55923 0.147128 -0.410196 0.096542 0.894859 
751 -0.263337 -0.249296 -1.55511 0.151867 -0.408972 0.097579 0.894515 
752 -0.267205 -0.251296 -1.55111 0.156258 -0.407809 0.099305 0.894099 
753 -0.27159 -0.252576 -1.54742 0.160672 -0.406913 0.101486 0.89348 
754 -0.276252 -0.255255 -1.54325 0.164729 -0.40649 0.103681 0.892682 
755 -0.281521 -0.258385 -1.53972 0.168468 -0.406067 0.105069 0.892014 
756 -0.286846 -0.260054 -1.53572 0.1724 -0.405698 0.106616 0.891247 
757 -0.292889 -0.263034 -1.5316 0.177226 -0.405295 0.109197 0.89017 
758 -0.299883 -0.268103 -1.52786 0.183027 -0.405079 0.11151 0.888807 
759 -0.306857 -0.271711 -1.52455 0.188569 -0.404902 0.113569 0.887467 
760 -0.314289 -0.27558 -1.52178 0.193392 -0.404895 0.11492 0.886258 
761 -0.322282 -0.279858 -1.51902 0.197741 -0.40483 0.116012 0.885185 
762 -0.330739 -0.283916 -1.51634 0.201767 -0.4045 0.117172 0.884274 
763 -0.33915 -0.288185 -1.51364 0.205599 -0.404078 0.118024 0.883471 
764 -0.347594 -0.291903 -1.51086 0.209095 -0.40334 0.119082 0.882845 
765 -0.356789 -0.29617 -1.50855 0.212485 -0.402257 0.120042 0.8824 
766 -0.365772 -0.299948 -1.50609 0.215678 -0.400904 0.121314 0.882067 
767 -0.374827 -0.304406 -1.5035 0.218933 -0.399538 0.122499 0.881721 
768 -0.383914 -0.308954 -1.50091 0.222462 -0.39811 0.123187 0.881388 
769 -0.393025 -0.312992 -1.49885 0.22559 -0.396382 0.123642 0.881307 
770 -0.401979 -0.315599 -1.49689 0.228166 -0.394483 0.124377 0.881393 
771 -0.411114 -0.318787 -1.49481 0.230769 -0.392534 0.125241 0.881463 
772 -0.419784 -0.321175 -1.49248 0.23311 -0.390644 0.126677 0.881482 
773 -0.42884 -0.322613 -1.49081 0.23501 -0.389046 0.128324 0.881446 
774 -0.438161 -0.324511 -1.48905 0.237594 -0.387894 0.130176 0.880989 
775 -0.44736 -0.327828 -1.48738 0.240922 -0.386757 0.132224 0.88028 
776 -0.456357 -0.331375 -1.48593 0.244273 -0.385527 0.133434 0.879713 
777 -0.464892 -0.333673 -1.48415 0.247022 -0.384079 0.134321 0.879444 
778 -0.473142 -0.336371 -1.48247 0.24947 -0.382207 0.135222 0.87943 
779 -0.481467 -0.338848 -1.48143 0.251593 -0.379921 0.135949 0.879704 
780 -0.48918 -0.340166 -1.4802 0.25305 -0.377532 0.136225 0.880271 
781 -0.496834 -0.341844 -1.47875 0.254347 -0.374936 0.136322 0.880992 
782 -0.503904 -0.343092 -1.47741 0.256536 -0.372103 0.136321 0.881558 
783 -0.510617 -0.34369 -1.47634 0.258319 -0.369029 0.135822 0.882406 
784 -0.517275 -0.344638 -1.47516 0.259901 -0.365756 0.134836 0.883455 
785 -0.523336 -0.346717 -1.47404 0.261457 -0.362352 0.13388 0.884544 
786 -0.528662 -0.347606 -1.47247 0.262985 -0.35871 0.132628 0.885763 
787 -0.534131 -0.347584 -1.47161 0.263588 -0.354616 0.131309 0.887427 
788 -0.539363 -0.347633 -1.47035 0.264279 -0.350389 0.130409 0.889032 
789 -0.544309 -0.347752 -1.46939 0.265235 -0.346156 0.130187 0.890437 
790 -0.548603 -0.347191 -1.46818 0.266503 -0.342269 0.129893 0.891603 
791 -0.5525 -0.34624 -1.46723 0.267296 -0.338507 0.128884 0.892947 
792 -0.555831 -0.344978 -1.46614 0.267287 -0.335033 0.127148 0.894508 
793 -0.559072 -0.343838 -1.46513 0.266668 -0.331856 0.124883 0.896194 
794 -0.562198 -0.342657 -1.46371 0.266103 -0.329087 0.122115 0.897763 
795 -0.564528 -0.341417 -1.46232 0.26426 -0.326443 0.119256 0.899655 
796 -0.567351 -0.339766 -1.46141 0.261795 -0.323455 0.116452 0.90182 
797 -0.56995 -0.337725 -1.46039 0.258966 -0.320529 0.114153 0.903973 
798 -0.57226 -0.335465 -1.45917 0.256151 -0.318069 0.112062 0.905903 
799 -0.574233 -0.333545 -1.45735 0.253627 -0.31627 0.109656 0.907537 
800 -0.576303 -0.331195 -1.45574 0.252169 -0.314521 0.107765 0.908776 
801 -0.577063 -0.330796 -1.45314 0.25173 -0.313091 0.10549 0.909658 
802 -0.57805 -0.329976 -1.4512 0.251518 -0.311085 0.102844 0.910708 
803 -0.578912 -0.328116 -1.44921 0.250889 -0.308651 0.100189 0.912004 
804 -0.58003 -0.326396 -1.44776 0.249436 -0.305926 0.097479 0.913613 
805 -0.580449 -0.323027 -1.4461 0.247712 -0.303394 0.094736 0.915214 
806 -0.581474 -0.320298 -1.4441 0.245858 -0.300848 0.092509 0.91678 
807 -0.581553 -0.316148 -1.44199 0.243864 -0.298813 0.090581 0.91817 
808 -0.582192 -0.313448 -1.44005 0.241261 -0.296879 0.088585 0.919679 
809 -0.583202 -0.309129 -1.43828 0.238805 -0.295267 0.087466 0.920945 
810 -0.583923 -0.305139 -1.43625 0.236709 -0.294465 0.086349 0.921848 
811 -0.584078 -0.30218 -1.43321 0.234766 -0.294118 0.085115 0.92257 
812 -0.584624 -0.298911 -1.43042 0.232734 -0.293493 0.083834 0.923401 
813 -0.585373 -0.295422 -1.42779 0.230107 -0.292495 0.082911 0.924458 
814 -0.585512 -0.290473 -1.42461 0.227015 -0.291698 0.081944 0.92556 
815 -0.586253 -0.286474 -1.42183 0.223464 -0.290854 0.08135 0.926742 
816 -0.586848 -0.282164 -1.41816 0.220463 -0.290526 0.08109 0.927586 
817 -0.58702 -0.279706 -1.41367 0.217885 -0.290613 0.080472 0.928221 
818 -0.587616 -0.276737 -1.40923 0.215595 -0.290479 0.079717 0.928863 
819 -0.586963 -0.27426 -1.40336 0.213653 -0.290665 0.078129 0.929388 
820 -0.587122 -0.271281 -1.39832 0.212014 -0.290091 0.075228 0.930182 
821 -0.587593 -0.268783 -1.3932 0.208979 -0.288435 0.073035 0.931557 
822 -0.587854 -0.267405 -1.3871 0.206103 -0.286736 0.071289 0.932857 
823 -0.588077 -0.264488 -1.38098 0.204659 -0.28511 0.068905 0.933852 
824 -0.588462 -0.262729 -1.37463 0.203351 -0.28333 0.066829 0.93483 
825 -0.58897 -0.259021 -1.36871 0.202244 -0.28178 0.064192 0.935722 
826 -0.589119 -0.254653 -1.36314 0.199275 -0.280064 0.060986 0.937088 
827 -0.589738 -0.250825 -1.35693 0.195053 -0.277829 0.058035 0.938828 
828 -0.590201 -0.246747 -1.35109 0.190232 -0.275496 0.055373 0.940663 
829 -0.589892 -0.240929 -1.34435 0.185334 -0.273522 0.052615 0.942374 
830 -0.590482 -0.236041 -1.33791 0.180302 -0.271685 0.050356 0.944003 
831 -0.591416 -0.231903 -1.33092 0.176311 -0.270442 0.048719 0.945199 
832 -0.592187 -0.225925 -1.32434 0.173273 -0.269806 0.047046 0.946027 
833 -0.593561 -0.222656 -1.31797 0.16921 -0.269021 0.04511 0.94708 
834 -0.594321 -0.218329 -1.31117 0.165026 -0.267895 0.042966 0.948237 
835 -0.59548 -0.21518 -1.30462 0.161091 -0.266594 0.040403 0.949392 
836 -0.595759 -0.209642 -1.29869 0.156943 -0.264876 0.037092 0.950702 
837 -0.5961 -0.206644 -1.2922 0.15226 -0.262118 0.033604 0.952356 
838 -0.598322 -0.203735 -1.28781 0.148441 -0.258646 0.030543 0.95401 
839 -0.59971 -0.201176 -1.28242 0.145269 -0.255724 0.028819 0.955339 
840 -0.60115 -0.198497 -1.27733 0.14286 -0.253516 0.027646 0.956324 
841 -0.602193 -0.194449 -1.27208 0.140005 -0.251984 0.026314 0.957189 
842 -0.602915 -0.18883 -1.26739 0.136853 -0.250406 0.024437 0.958108 
843 -0.602929 -0.185082 -1.26225 0.132978 -0.248394 0.022094 0.959234 
844 -0.604098 -0.182383 -1.25782 0.129145 -0.245705 0.019964 0.960496 
845 -0.604966 -0.176973 -1.25459 0.126263 -0.243095 0.018692 0.961568 
846 -0.605822 -0.172915 -1.25071 0.123094 -0.240717 0.018171 0.962587 
847 -0.606636 -0.166725 -1.24753 0.120576 -0.23854 0.017856 0.963453 
848 -0.607458 -0.162386 -1.24408 0.117809 -0.236739 0.018006 0.964236 
849 -0.608493 -0.158907 -1.2402 0.115581 -0.235537 0.017989 0.9648 
850 -0.608139 -0.152938 -1.2365 0.113413 -0.234627 0.01783 0.965282 
851 -0.60909 -0.148578 -1.23378 0.110276 -0.232922 0.01686 0.966076 
852 -0.609411 -0.145589 -1.23042 0.107276 -0.230984 0.015707 0.966898 
853 -0.609046 -0.14183 -1.22716 0.105365 -0.22864 0.014226 0.967688 
854 -0.609481 -0.13864 -1.22463 0.103651 -0.225768 0.012823 0.968566 
855 -0.61058 -0.137371 -1.22185 0.102831 -0.22367 0.012218 0.969148 
856 -0.611799 -0.134821 -1.21958 0.10288 -0.22262 0.011914 0.969388 
857 -0.611449 -0.128162 -1.21799 0.102358 -0.222027 0.011569 0.969584 
858 -0.612129 -0.122812 -1.21691 0.100436 -0.220818 0.011177 0.970065 
859 -0.612449 -0.119052 -1.21457 0.09825 -0.220174 0.010756 0.97044 
860 -0.612588 -0.114573 -1.21284 0.096297 -0.219652 0.010731 0.970755 
861 -0.612655 -0.107783 -1.21216 0.094167 -0.218842 0.010337 0.971151 
862 -0.612462 -0.104093 -1.21062 0.091286 -0.217792 0.009889 0.971666 
863 -0.613442 -0.102793 -1.20904 0.088893 -0.216188 0.009748 0.972248 
864 -0.614748 -0.101063 -1.20808 0.087317 -0.214898 0.010434 0.972669 
865 -0.614547 -0.097974 -1.20652 0.086208 -0.214893 0.011031 0.972763 
866 -0.615213 -0.093824 -1.20603 0.084896 -0.214808 0.0106 0.972902 
867 -0.614553 -0.090184 -1.20519 0.083037 -0.214371 0.010194 0.973163 
868 -0.61558 -0.087364 -1.20501 0.080914 -0.213109 0.00979 0.973623 
869 -0.616598 -0.085294 -1.20447 0.079092 -0.21216 0.009687 0.973981 
870 -0.617817 -0.081844 -1.2041 0.07748 -0.211666 0.009295 0.974222 
871 -0.618275 -0.079604 -1.20278 0.07556 -0.211384 0.009029 0.974436 
872 -0.619035 -0.078114 -1.20164 0.073654 -0.211175 0.008555 0.974632 
873 -0.620656 -0.078254 -1.20003 0.072135 -0.211056 0.007968 0.974776 
874 -0.621495 -0.077224 -1.19862 0.071416 -0.211376 0.00751 0.974763 
875 -0.622442 -0.076844 -1.19709 0.070769 -0.211547 0.007442 0.974774 
876 -0.623589 -0.076924 -1.19584 0.070663 -0.211519 0.007654 0.974786 
877 -0.624487 -0.075714 -1.19474 0.070701 -0.211343 0.007726 0.974821 
878 -0.625197 -0.076595 -1.19321 0.070508 -0.211229 0.008039 0.974857 
879 -0.626299 -0.076275 -1.19181 0.071246 -0.21122 0.008487 0.974801 
