0 1.084565 0.869162 3.361184 -2.494764 0.874031 3.365357
1 -0.272132 -1.485312 3.32 -0.266628 -0.18973 3.362521
2 -1.211952 -0.19044 2.724961 -1.215711 -1.500417 2.7
3 -0.730306 -0.192099 2.712679 -0.752653 -1.50058 2.702494
4 -1.350306 -1.436972 3.362949 -1.314377 -0.185405 3.363008
5 -0.274563 -0.195964 2.712697 -0.272573 -1.500735 2.720918
6 0.205209 -1.500442 2.175874 1.727005 -1.501187 2.145068
7 -1.266596 0.899676 2.140045 -1.263485 0.899182 0.167549
8 1.754835 -1.500955 1.521564 1.72816 -1.499835 -0.392366
9 -0.69063 -1.462806 2.712481 -0.689798 -0.215848 2.712661
10 -1.618563 -1.499862 1.464852 -1.594351 -0.708271 1.467166
11 -0.796569 -0.217574 2.712754 -0.79088 -1.46573 2.71266
12 0.750132 0.894039 -1.82895 0.769732 0.899507 0.122885
13 1.534669 0.086991 -0.432071 1.535634 -1.43788 -0.429266
14 -0.20527 -1.435936 3.361929 -0.215053 -0.208641 3.361854
15 0.252144 0.895094 -1.382561 0.254248 0.893688 0.340487
16 -0.24846 0.898976 0.153705 -0.729203 0.899027 0.152785
17 1.752723 -0.217694 -0.765875 1.751535 -0.216227 -1.519515
18 1.752153 0.204778 -0.760249 1.751384 0.205854 -1.540234
19 0.321789 -0.745235 1.466147 1.201832 -0.749162 1.470126
20 0.765815 0.898616 0.172997 0.253676 0.898074 0.17081
21 1.51502 -0.603596 1.464066 1.501013 -1.232114 1.464677
22 1.386403 -0.596126 -1.695518 1.433536 -1.207245 -1.699356
23 0.107532 -0.699279 -1.739773 1.374291 -0.743525 -1.744581
24 1.693673 -1.479613 -1.74485 1.687403 -0.699787 -1.740487
25 1.749749 -1.500246 -0.435108 1.7463 -1.499455 -1.807228
26 1.495022 -1.218556 -1.695678 1.535706 -0.602908 -1.733178
27 1.751 -0.737094 -1.772132 1.743208 -1.499891 -1.767107
28 1.752606 -0.220278 -0.772886 1.752542 0.203135 -0.787745
29 1.548819 -1.238026 -1.744712 1.534096 -0.613986 -1.734103
30 1.751257 -0.208294 -1.530342 1.751527 0.202122 -1.541988
31 1.752725 -1.500711 1.490185 1.755261 -0.740845 1.491892
32 1.670318 -0.746969 1.464369 1.674291 -1.220866 1.464486
33 1.363871 -0.613593 1.40023 1.417436 -1.229292 1.39686
34 1.233425 -0.730716 1.464837 1.15697 -1.149316 1.431769
35 1.227673 -0.719562 1.460007 1.204708 -1.188522 1.470224
36 1.756619 -0.325739 2.294416 1.730342 0.205695 2.298183
37 1.464794 -1.306355 -1.740932 1.42158 -0.699634 -1.752316
38 1.371877 -1.499444 -2.21369 0.183205 -1.498639 -2.182597
39 0.426285 -0.562404 -1.77754 0.855109 -0.560306 -1.771598
40 0.857662 -0.699436 -1.786979 0.3969 -0.69174 -1.768025
41 0.481911 -1.196465 -1.747694 0.424248 -0.701251 -1.737699
42 1.215647 -1.237491 -1.74431 0.26277 -1.238706 -1.742471
43 0.957057 0.874292 -4.038204 -0.744525 0.869974 -4.035907
44 0.221697 -1.499073 -2.162072 1.369625 -1.499636 -2.159354
45 -3.252071 -1.436835 -4.029092 -0.383782 -1.43805 -4.036674
46 1.748567 0.891878 -4.016893 1.748408 0.898978 -2.06417
47 0.741119 0.899368 -2.326742 0.255487 0.899515 -2.329124
48 -2.572203 0.870119 -4.033248 -0.783585 0.871142 -4.036094
49 -0.826115 0.871789 -4.035806 -2.449682 0.871591 -4.033365
50 1.749055 -0.428033 -3.256181 1.749448 0.248078 -3.276398
51 -1.613666 -0.702325 -1.235547 -1.606937 -0.698434 -2.885439
52 0.499487 -0.673026 -1.821616 0.752691 -0.673132 -1.842177
53 0.768805 -0.631897 -1.763392 0.501432 -0.632419 -1.762655
54 -2.106643 -1.498305 -1.30646 -2.112848 -1.498256 -2.222194
55 -1.602286 -1.203513 -1.268119 -1.608626 -1.205559 -2.000213
56 -2.115269 -1.498241 -1.391429 -2.109031 -1.498061 -2.282332
57 -1.609801 -1.206757 -2.849829 -1.609167 -1.20736 -2.203367
58 -1.767818 0.894864 -1.802155 -1.764581 0.894795 -0.837966
59 -3.237842 -1.438191 -1.230992 -3.245808 -1.437401 0.325608
60 -1.603602 -1.199804 -2.029494 -1.59909 -0.716188 -2.029634
61 -3.186032 -0.72064 0.621141 -1.595086 -0.70123 0.625673
62 -1.603039 -1.210118 -1.272145 -1.597881 -0.70446 -1.273922
63 -1.599082 -1.475557 1.40501 -1.594101 -0.715194 1.413263
64 -3.247934 0.288845 -1.651729 -3.24829 -0.301056 -1.65084
65 -3.24428 0.232119 1.148184 -3.21811 0.224804 0.449397
66 -3.245351 -0.242546 0.436345 -3.244448 -0.238946 1.137179
