0 0.735753 0.895243 0.819418
1 -1.800594 -0.608851 1.409399
2 0.288784 0.897437 1.089531
3 -1.786131 0.899491 1.089885
4 -1.265771 0.893678 2.197089
5 -1.786329 0.899506 1.059863
6 -1.113042 -0.122678 3.160437
7 -2.202087 0.899883 2.259505
8 -1.089959 -0.070401 3.058584
9 -2.172233 0.89988 2.259958
10 -1.691778 0.899728 2.260397
11 0.707668 0.898948 2.260028
12 0.289256 0.897935 0.339397
13 -1.78618 0.899665 2.55837
14 -2.142586 -0.302172 1.144286
15 0.735865 0.8952 0.759322
16 -1.877036 -0.540405 1.054371
17 -1.27256 0.89711 2.560212
18 -1.879578 -0.303259 1.050329
19 -0.191929 0.899127 2.559211
20 0.289287 0.897984 0.249291
21 -2.112813 -0.5387 1.141768
22 0.28911 0.897709 0.729526
23 0.228373 0.896838 2.559327
24 0.288461 0.896614 2.559628
25 0.289132 0.897818 0.609933
26 0.708553 0.898852 2.559494
27 0.708018 0.89955 0.24957
28 0.289486 0.898012 0.309419
29 -1.113433 -0.061808 3.039024
30 0.289234 0.897887 0.519377
31 -1.113264 -0.060663 3.100774
32 0.289165 0.897878 0.459639
33 0.68038 -0.515644 1.736631
34 0.501413 -0.491882 1.689466
35 0.706742 -0.491919 1.719387
36 1.73907 -0.241148 2.46957
37 0.504915 -0.492418 1.453316
38 1.739424 -0.241162 2.709463
39 0.708043 0.899328 1.029728
40 -1.802133 -0.59471 1.393818
41 0.70254 -0.492026 1.451563
42 -2.225767 0.894864 2.259402
43 0.735897 0.895224 0.909881
44 1.73855 -0.211344 2.379616
45 1.733838 0.148825 2.379509
46 -1.806408 -0.591036 1.367227
47 1.738991 -0.241219 2.409767
48 -0.907157 -0.060898 3.279101
49 -1.062083 -0.14612 3.060892
50 1.735589 0.028487 2.49937
51 0.434776 -0.585558 1.719087
52 -1.785803 0.899379 0.609701
53 -1.785691 0.899295 0.579659
54 0.289939 -0.585506 1.719731
55 1.335075 -0.601731 1.473546
56 1.737407 -0.091298 2.679436
57 0.735531 0.895265 0.399793
58 1.397391 -0.698092 1.484632
59 1.73198 0.203137 2.298069
60 0.647943 0.899347 1.029775
61 0.587819 0.899589 0.249843
62 -1.784386 0.896562 0.640563
63 0.467843 0.899624 0.249717
64 0.647715 0.899518 0.42919
65 1.735983 0.028545 2.769121
66 0.348016 0.899661 0.249587
67 1.737514 -0.091294 2.740015
68 0.40789 0.899424 1.029983
69 -1.960691 -0.671748 0.846749
70 -1.783872 0.895555 1.146371
71 1.736111 -0.001359 2.589398
72 1.756736 0.178669 2.316017
73 -1.594647 -0.723135 2.229769
74 0.647914 0.899487 0.549385
75 1.731018 -0.655036 0.392107
76 0.407974 0.899564 0.549435
77 1.734507 -0.48133 0.37894
78 1.73396 0.148951 2.469584
79 1.735237 0.058794 2.529542
80 1.345797 -0.582437 1.453088
81 0.52796 0.899526 0.54941
82 1.738066 -0.241518 2.297573
83 0.647868 0.899555 0.309375
84 1.735104 0.08873 2.70915
85 0.735947 0.895159 0.97044
86 0.251308 -0.571367 1.749962
87 0.677789 -0.808985 3.360672
88 -0.222292 0.894944 2.559284
89 0.707885 0.899363 0.910568
90 0.28939 0.898028 0.219493
91 0.707803 0.899563 0.219349
92 -1.302376 0.899504 2.559652
93 -1.812035 0.899671 2.558148
94 0.647882 0.899571 0.249854
95 -1.875994 -0.331403 1.055776
96 0.289401 0.897974 0.399647
97 0.288948 0.897621 0.879605
98 0.288179 0.896719 2.260107
99 0.19811 0.899111 2.260962
100 -0.191622 0.89924 2.260941
101 -1.786427 0.899596 2.257733
102 -2.142842 -0.540905 1.147778
103 -1.114065 -0.043275 3.043848
104 0.408012 0.899568 0.519298
105 0.52785 0.89953 0.519624
106 0.617846 0.899484 0.609542
107 1.308903 -0.601308 1.478733
108 1.739165 -0.241046 2.529851
109 0.707902 0.899407 0.759737
110 -1.801206 -0.63194 1.41694
111 -1.112775 -0.152115 3.041312
112 0.708065 0.899302 1.119934
113 -1.786208 0.899482 1.119256
114 1.368185 -0.698371 1.485198
115 0.500781 -0.511212 1.688984
116 1.73785 -0.121306 2.709605
117 0.289206 0.897546 1.059636
118 -1.09162 -0.096246 3.023352
119 0.647969 0.899494 0.519416
120 -0.941973 -0.070255 3.062048
121 0.250861 -0.601339 1.749403
122 1.334402 -0.553937 1.474816
123 -1.803381 -0.690643 1.419824
124 1.756904 0.178689 2.341993
125 1.736019 -0.001394 2.529575
126 0.497972 0.899557 0.459535
127 0.706647 -0.508042 1.718888
128 -1.113194 -0.121919 3.0414
129 0.288253 0.896692 2.499207
130 0.197483 0.89904 2.498903
131 -0.192118 0.899152 2.499481
132 0.279252 0.893101 2.198812
133 0.288901 0.897569 1.029788
134 0.289035 0.897799 0.549422
135 1.737462 -0.091418 2.70975
136 0.67786 0.899483 0.519523
137 -1.721184 0.895814 2.528228
138 0.677748 -0.780817 3.360685
139 0.677882 0.899512 0.399613
140 1.738593 -0.211319 2.40983
141 1.739119 -0.241355 2.499511
142 -1.724595 0.894137 2.200458
143 0.317859 0.899457 1.029358
144 1.282242 -0.601191 1.569555
145 0.528138 0.899387 1.029982
146 1.395958 -0.671846 1.993501
147 -1.806102 -0.584586 1.384082
148 1.344241 -0.592398 1.450403
149 -0.907209 -0.151079 3.189646
150 0.318019 0.899635 0.399505
151 -0.752437 -0.240779 2.770479
152 1.738427 -0.271338 2.297501
153 0.701991 -0.511526 1.450794
154 -1.902107 -0.541865 1.062361
155 0.70634 -0.507755 1.689504
156 -1.90187 -0.331323 1.065245
157 0.197289 0.89902 2.558856
158 0.288328 0.896622 2.439338
159 0.317835 0.89908 2.259716
160 -1.302319 0.899597 2.260496
161 -1.751794 0.893662 2.528816
162 0.708021 0.899467 0.549428
163 0.707817 0.899311 1.090166
164 0.61784 -0.492293 1.451122
165 -0.909776 -0.061725 3.129206
166 1.739077 -0.211357 2.739368
167 1.739861 -0.271362 2.739385
168 1.738906 -0.241199 2.349553
169 1.396601 -0.700997 2.021197
170 -1.595816 -0.721421 2.199714
171 0.317894 0.899535 0.760025
172 0.647985 0.899428 0.759413
173 1.337263 -0.571794 1.474245
174 1.73549 0.058654 2.7093
175 0.317821 0.899526 0.789579
176 -1.272175 0.895697 2.167378
177 -1.722003 0.895789 2.167436
178 0.707671 0.899314 1.05984
179 0.289441 0.897894 0.489452
180 0.317707 0.899032 2.380282
181 0.288934 0.897533 0.999675
182 -1.902105 -0.511403 1.065252
183 0.289082 0.897713 0.789551
184 -1.661764 0.899714 2.260397
185 0.677693 -0.492188 1.451058
186 0.377854 0.89622 0.638454
187 0.617541 -0.808962 3.360749
188 1.73816 -0.181363 2.379533
189 1.738727 -0.211175 2.499652
190 1.739382 -0.241397 2.679701
191 -1.113149 -0.123363 3.100202
192 -0.907058 -0.042631 3.192904
193 0.497874 0.896186 0.638309
194 1.30884 -0.571237 1.478794
195 1.735453 0.058638 2.679954
196 0.378087 0.899426 1.059618
197 0.438019 0.899562 0.519843
198 -1.931252 -1.411366 3.364021
199 0.617838 0.896047 0.638575
200 1.42731 -0.698094 2.079783
201 0.318237 0.899021 2.439212
202 0.677903 0.899561 0.249769
203 0.678252 0.898956 2.259481
204 0.167875 0.899118 2.260517
205 0.257464 0.895659 0.609324
206 0.707735 0.896087 0.638076
207 0.707788 0.899391 0.819561
208 0.500692 -0.51118 1.62955
209 -1.59592 -0.721594 2.139552
210 -0.907156 -0.042563 3.069316
211 -1.302204 0.899544 2.439495
212 1.298227 -0.571373 1.509584
213 0.407959 0.899597 0.429737
214 1.734451 0.118409 2.529838
215 1.735898 0.028622 2.709581
216 -1.96027 -1.434264 3.363494
217 -1.601847 -0.751668 2.079421
218 0.407926 -0.572336 1.48123
219 0.677782 0.899347 0.99993
220 0.648202 -0.492233 1.451145
221 0.138211 0.899133 2.260612
222 0.647801 0.898969 2.260425
223 1.738996 -0.211625 2.679371
224 1.253281 -0.584789 1.616316
225 0.677763 -0.637282 1.510875
226 1.277938 -0.685004 1.599377
227 1.735458 0.028394 2.409501
228 0.318051 0.899471 0.969621
229 0.678071 0.899395 0.849245
230 0.137973 0.899111 2.319853
231 0.677908 0.898931 2.32023
232 0.677812 -0.511177 1.45081
233 1.298193 -0.67805 1.596587
234 -0.762038 -0.151244 3.36282
235 0.504198 -0.633724 1.512433
236 -1.751319 -0.688453 1.827552
237 1.739121 -0.211392 2.769636
238 1.735321 0.0587 2.589391
239 -1.987522 -0.699813 1.750015
240 1.73903 -0.241139 2.439589
241 -2.110303 -0.692409 1.055813
242 1.735847 0.028558 2.679791
243 -0.724971 -1.471285 2.712357
244 -1.721072 0.896062 2.259984
245 -1.272689 0.897094 2.260122
246 -1.601282 -0.701258 2.230127
247 -1.062142 -0.155558 3.04587
248 -1.113196 -0.15055 3.06946
249 0.435559 -0.585551 1.690795
250 0.707869 0.899543 0.279677
251 0.289624 0.898064 0.279475
252 0.288751 0.897487 1.119482
253 -1.113041 -0.122626 3.189518
254 0.735845 0.895214 0.369369
255 0.290155 -0.585501 1.690428
256 -0.942534 -0.08539 3.065101
257 0.289212 0.89789 0.429926
258 -1.112519 -0.042911 3.068338
259 0.251216 -0.571467 1.688891
260 1.733885 0.148699 2.409378
261 1.732453 0.178644 2.297783
262 0.707595 0.898956 2.230844
263 -1.783376 0.89533 2.644661
264 0.457204 -0.571841 1.749274
265 0.707568 0.898841 2.589444
266 0.736004 0.895208 0.879543
267 0.677915 -0.515635 1.689778
268 -1.795054 -0.630815 1.418983
269 0.288383 0.896552 2.529589
270 0.500743 -0.511472 1.660307
271 0.228795 0.896754 2.5296
272 0.736026 0.895152 0.849348
273 -1.786629 0.899606 2.528272
274 0.407945 0.899505 0.759864
275 0.289001 0.897687 0.759866
276 -2.14334 -0.331457 1.149503
277 1.73505 0.088865 2.67948
278 1.73519 0.058787 2.499434
279 -1.811983 0.899665 2.58766
280 -0.911171 -0.061441 3.099844
281 -2.141986 -0.571477 1.141663
282 0.347961 0.89965 0.279458
283 -1.113011 -0.090847 3.033878
284 0.587726 0.899579 0.279474
285 0.288813 0.896678 2.469184
286 0.707838 0.898933 2.288723
287 0.288292 0.896719 2.289419
288 0.22884 0.896646 2.289133
289 -0.222737 0.895115 2.290359
290 -1.692332 0.899716 2.288942
291 0.289151 0.897822 0.579614
292 0.707948 0.899456 0.579405
293 0.647856 0.89936 0.99997
294 0.52805 0.8994 0.999727
295 0.377926 0.899445 0.999611
296 1.739464 -0.241218 2.739275
297 -1.786392 0.899628 1.02976
298 1.734926 0.088857 2.589652
299 0.467957 0.899619 0.279684
300 1.282572 -0.617512 1.57005
301 0.286105 0.894288 0.185955
302 -1.720872 0.896065 2.230778
303 -0.222865 0.894694 2.529665
304 -1.302089 0.899515 2.531031
305 0.289364 0.89798 0.369442
306 0.198419 0.899092 2.349555
307 0.500862 -0.512418 1.746248
308 0.706577 -0.506807 1.659744
309 0.708003 0.899498 0.429354
310 -1.114019 -0.123462 3.010265
311 1.737799 -0.121292 2.6793
312 1.739269 -0.271141 2.319846
313 0.37792 0.899592 0.489596
314 -1.751879 0.893653 2.559083
315 0.647963 0.899566 0.279373
316 -1.600037 -0.7013 2.199013
317 1.367615 -0.687315 1.509446
318 -1.302161 0.899529 2.470319
319 -1.302322 0.899584 2.289361
320 -1.662079 0.899705 2.290037
321 1.298233 -0.601457 1.509529
322 -1.113179 -0.059636 3.130066
323 0.250786 -0.601272 1.688889
324 0.677906 -0.688552 1.510505
325 0.408153 0.899432 1.000244
326 1.397972 -0.70103 2.047925
327 0.497933 0.899553 0.489543
328 0.497845 0.899575 0.399623
329 0.317899 0.899662 0.279605
330 0.497903 0.899519 0.609354
331 0.408053 0.899578 0.489304
332 0.527862 0.899546 0.489686
333 0.647952 0.899502 0.489596
334 0.500658 -0.511096 1.599177
335 0.707963 0.8994 0.789588
336 1.738883 -0.241229 2.319987
337 -1.113224 -0.122677 3.069644
338 -0.906934 -0.042875 3.158169
339 0.707243 0.898866 2.529809
340 -1.721255 0.89592 2.499041
341 -0.193038 0.899223 2.288467
342 0.198263 0.89911 2.288235
343 0.677743 0.898949 2.288095
344 0.317747 0.899064 2.289864
345 0.167893 0.89912 2.288989
346 0.407384 -0.585544 1.689746
347 -0.909759 -0.061641 3.038376
348 0.67806 0.899338 1.029978
349 0.347814 0.899566 0.609658
350 0.260212 -0.5722 1.482419
351 1.273941 -0.577384 1.598666
352 0.67782 -0.661376 1.510757
353 -1.595876 -0.721574 2.16974
354 1.09801 -0.811245 3.360127
355 0.137839 0.89913 2.288388
356 0.647849 0.898956 2.290237
357 1.246897 -0.594764 1.627979
358 -0.852181 -0.151544 3.362942
359 -1.242158 -0.179937 3.363498
360 1.293568 -0.571273 1.527248
361 0.677668 0.898929 2.349152
362 0.137983 0.89911 2.349642
363 -1.090442 -0.090289 3.042651
364 -1.242107 -0.151479 3.363491
365 0.407675 -0.585555 1.750105
366 -0.31218 -0.21071 2.712312
367 0.677589 -0.515648 1.719463
368 0.501357 -0.491911 1.660048
369 -1.11262 -0.061694 3.069303
370 -2.116536 -0.307393 1.140214
371 -1.11278 -0.086915 3.069926
372 0.73555 0.895294 0.219767
373 -1.11247 -0.09586 3.023531
374 0.707821 0.899533 0.309723
375 0.735735 0.895233 0.339549
376 -1.089207 -0.146094 3.060783
377 -1.796954 -0.599717 1.404162
378 -2.020666 -0.690653 1.928698
379 -1.786232 0.899546 2.498325
380 -1.795524 -0.608319 1.412373
381 -1.272296 0.896907 2.230481
382 0.707869 0.899417 0.72946
383 -2.114355 -0.69626 1.085949
384 1.733503 0.178677 2.409471
385 1.738632 -0.298312 2.297809
386 -1.593181 -0.720347 2.253094
387 -0.941874 -0.08933 3.042018
388 -0.701696 -1.496543 2.710721
389 -0.752397 -0.241414 2.800486
390 -2.108815 -0.691335 1.038889
391 -1.11383 -0.150132 3.002555
392 -1.11244 -0.043189 3.186889
393 -0.223413 0.894832 2.260187
394 0.228436 0.896917 2.259665
395 0.228643 0.89681 2.499171
396 -0.222342 0.894999 2.499566
397 -1.301982 0.899526 2.498931
398 1.735139 0.088646 2.738992
399 -1.872112 0.900168 1.028916
400 1.737536 -0.091391 2.769915
401 -1.692426 0.899731 2.230051
402 0.407794 -0.585551 1.719973
403 0.377922 0.899653 0.249616
404 0.457154 -0.571696 1.719406
405 -1.801685 -0.661796 1.418822
406 -1.301815 0.899611 2.231531
407 -0.90689 -0.043526 3.217827
408 -1.112215 -0.042783 3.129662
409 -0.909497 -0.151693 3.097699
410 0.707484 0.898928 2.320224
411 0.197718 0.899092 2.320193
412 -0.191561 0.899213 2.320388
413 1.739515 -0.241475 2.769619
414 -1.876289 -0.51138 1.055807
415 -1.842573 0.899703 2.497957
416 -1.752257 0.893772 2.199554
417 0.377947 0.899583 0.5197
418 0.560086 -0.51562 1.721022
419 -1.751765 0.893647 2.588129
420 0.317881 0.899593 0.549645
421 0.701656 -0.661234 1.510713
422 1.735273 0.058664 2.559507
423 0.318049 0.899057 2.319807
424 0.67813 0.899419 0.759884
425 0.707042 -0.50309 1.600604
426 0.557979 0.899522 0.519646
427 1.738514 -0.211218 2.349568
428 -1.113083 -0.123235 3.130082
429 -1.12188 -0.027863 3.363377
430 1.735405 0.058841 2.650133
431 0.377876 0.899431 1.029628
432 -1.601672 -0.751625 2.169921
433 0.500852 -0.540096 1.748823
434 1.738942 -0.241127 2.379576
435 0.168376 0.899103 2.320656
436 0.677892 0.89941 0.78973
437 -1.662071 0.899694 2.320275
438 -1.152815 -0.029137 3.363403
439 0.587869 0.899491 0.6094
440 0.647731 0.899422 0.789212
441 1.739205 -0.241029 2.559983
442 1.307017 -0.687935 1.538692
443 -1.595897 -0.721484 2.109715
444 1.735502 0.028674 2.439279
445 0.648039 -0.661351 1.510791
446 0.528018 0.899554 0.45976
447 0.648055 0.898975 2.231027
448 0.168143 0.899085 2.379486
449 1.735361 0.058733 2.619601
450 0.501001 -0.633351 1.597981
451 1.738947 -0.211395 2.64935
452 0.706379 -0.50882 1.746259
453 1.305658 -0.680716 1.567545
454 1.733382 0.178631 2.320187
455 0.288891 0.897607 0.939711
456 -2.08781 -0.689271 1.059769
457 -2.295519 -0.6383 1.326324
458 -1.600684 -0.701163 2.254028
459 1.458733 -1.229685 1.45605
460 0.251458 -0.57165 1.719368
461 -0.701911 -1.471324 2.71251
462 1.736193 -0.00139 2.649427
463 0.377934 0.899643 0.27949
464 -1.966526 -0.665039 1.719593
465 1.274474 -0.6013 1.598731
466 0.317793 0.899607 0.519661
467 -1.960045 -1.411351 3.364055
468 0.617926 0.899538 0.399533
469 0.317847 0.899544 0.729996
470 -0.907238 -0.151547 3.159952
471 0.706825 -0.505017 1.630247
472 0.587811 0.896138 0.638173
473 -0.28474 -0.211429 2.712193
474 -1.090032 -0.156214 3.04696
475 -0.915211 -0.090237 3.03742
476 -0.90668 -0.043152 3.277529
477 1.735622 0.028627 2.529672
478 1.734013 0.148608 2.499837
479 -1.786209 0.899641 2.618938
480 -2.202556 0.899882 2.289988
481 -1.062094 -0.089226 3.042594
482 0.706541 -0.492408 1.743749
483 -0.222652 0.89503 2.229597
484 0.289719 0.895456 0.639607
485 -1.785631 0.899431 2.230409
486 -2.20174 0.899891 2.230169
487 1.736933 -0.061295 2.619478
488 0.708341 0.898865 2.499869
489 -1.272425 0.896954 2.499943
490 -1.985231 -0.699795 1.689855
491 -1.112663 -0.04356 3.099553
492 1.733547 0.178604 2.439743
493 -1.112967 -0.122877 3.219501
494 0.947781 -0.71907 3.360356
495 0.456715 -0.573276 1.775287
496 0.497909 0.89961 0.279518
497 0.648452 -0.515628 1.68936
498 0.377911 0.899597 0.459479
499 1.738767 -0.211211 2.530037
500 1.734972 0.088716 2.619538
501 1.732387 0.202826 2.319942
502 1.736981 -0.061548 2.649199
503 0.347874 0.896177 0.638701
504 -1.902987 -0.699783 1.598621
505 0.377975 0.899607 0.429406
506 0.706931 -0.49203 1.689668
507 -0.906997 -0.04311 3.129306
508 -2.172065 0.899886 2.231397
509 -0.192632 0.899201 2.348143
510 -0.907946 -0.151437 3.128981
511 0.707864 0.893437 0.669659
512 0.317489 0.899046 2.34993
513 0.318001 0.899666 0.249479
514 0.167508 0.899099 2.349015
515 0.289215 0.897667 0.969683
516 0.677921 0.899476 0.549544
517 -1.112397 -0.043052 3.158968
518 0.317785 0.89949 0.90984
519 0.166976 0.89908 2.408885
520 -1.900084 -1.381358 3.363979
521 0.647989 -0.63733 1.510922
522 0.456703 -0.589206 1.77663
523 1.733796 0.148625 2.349791
524 1.336526 -0.681166 1.537971
525 0.735518 0.895251 0.279583
526 1.736944 -0.091252 2.349623
527 -0.942203 -0.063938 3.049178
528 1.455775 -1.249968 1.461118
529 -1.986445 -0.699804 1.719596
530 0.500817 -0.511316 1.719291
531 -1.807787 -0.583235 1.368534
532 1.32095 -0.535053 1.432416
533 -1.600718 -0.701225 2.169723
534 1.269938 -0.583444 1.618711
535 0.677385 0.898971 2.230052
536 1.734498 0.118696 2.559653
537 0.289068 0.897602 0.909691
538 -1.601781 -0.751673 2.10961
539 -0.916363 -0.067298 3.066045
540 1.276909 -0.599882 1.634228
541 1.157858 -0.810105 3.360051
542 1.733415 0.178477 2.349632
543 -2.172124 0.899871 2.288537
544 0.501375 -0.491913 1.720116
545 -1.96391 -0.674131 0.821244
546 1.736145 -0.001327 2.619357
547 -0.882162 -0.301187 2.691678
548 0.317918 0.899465 0.999549
549 0.288171 0.896748 2.229992
550 -1.873992 -0.699783 1.568557
551 -1.975625 -0.668702 1.7713
552 0.500926 -0.540498 1.720306
553 -1.113215 -0.084107 3.099666
554 -1.272403 0.896947 2.529639
555 0.527826 -0.49244 1.451223
556 -2.166105 -0.617022 1.153392
557 -2.088966 -0.695832 1.001687
558 1.736066 -0.001437 2.559646
559 0.251017 -0.571112 1.658943
560 0.377852 0.899619 0.399459
561 -1.812205 0.899683 2.529663
562 0.284882 0.89567 0.701238
563 0.497719 0.899615 0.249684
564 -1.75181 0.89585 2.166594
565 -1.844976 -0.699773 1.477372
566 0.677659 0.899377 0.90961
567 0.647958 0.899526 0.399565
568 1.326475 -0.677191 1.557882
569 -1.11333 -0.147723 3.099877
570 -0.906719 -0.04371 3.246273
571 0.736388 0.895084 2.259383
572 -0.192196 0.899138 2.530187
573 -0.911122 -0.029304 3.363078
574 1.7358 0.028759 2.649781
575 -0.907184 -0.062305 3.249506
576 0.19846 0.899027 2.531298
577 0.456637 -0.571927 1.481496
578 1.280974 -0.573463 1.568345
579 1.734882 0.088572 2.559672
580 1.739027 -0.211467 2.709142
581 0.648123 0.898944 2.321086
582 -1.156318 -0.119728 3.363373
583 -1.785749 0.899548 2.588532
584 0.318058 0.899082 2.230698
585 -2.143359 -0.511255 1.149426
586 1.737895 -0.121323 2.739862
587 0.677812 0.899553 0.279513
588 0.49786 0.899567 0.429501
589 1.735534 0.058697 2.73897
590 1.735416 0.028509 2.379514
591 0.137575 0.899097 2.37884
592 1.734971 0.058567 2.349645
593 -1.062081 -0.07059 3.05944
594 -0.192423 0.899254 2.230618
595 0.434947 -0.585573 1.749778
596 1.428335 -0.689706 1.508074
597 0.228945 0.896732 2.590203
598 1.309392 -0.617469 1.478966
599 -1.112941 -0.122946 3.250348
600 0.318094 0.899445 1.059263
601 0.318129 0.899028 2.40963
602 -1.812104 0.899691 2.498697
603 -1.601769 -0.75179 2.139629
604 -1.271739 0.896808 2.58943
605 0.229037 0.896539 2.229828
606 0.317984 0.899628 0.429473
607 0.435493 -0.585593 1.767011
608 0.318322 0.899013 2.469251
609 -1.301459 0.89954 2.409167
610 -1.900415 -1.411271 3.363966
611 -0.313071 -0.241217 2.712447
612 1.734408 0.118609 2.499714
613 -0.942711 -0.028277 3.363115
614 -0.19262 0.899179 2.409664
615 1.245104 -0.56889 1.603574
616 1.738817 -0.211235 2.559882
617 -0.852318 -0.178073 3.362915
618 1.735937 0.028604 2.739098
619 0.497771 0.899583 0.369384
620 0.317734 0.898998 2.498852
621 0.197799 0.899118 2.22957
622 -2.001136 -0.674454 1.842308
623 1.735108 0.058834 2.439165
624 -0.764456 -0.271346 2.712965
625 1.735011 0.058683 2.379628
626 -0.916246 -0.148701 3.065853
627 0.498092 0.899398 1.030046
628 -0.792118 -0.178098 3.36284
629 0.67758 0.898918 2.379205
630 -1.113075 -0.082976 3.130541
631 1.733456 0.178752 2.379528
632 0.706191 -0.490418 1.480331
633 -1.212306 -0.178587 3.3634
634 -0.909313 -0.04349 3.043341
635 1.735068 0.058647 2.409552
636 0.500713 -0.661389 1.628277
637 0.497922 0.899537 0.549768
638 1.366288 -0.671101 1.990298
639 -0.916179 -0.164646 2.993554
640 0.677812 0.899331 1.060038
641 0.678016 0.899401 0.819569
642 -0.912767 -0.089124 3.06784
643 0.977317 -0.719268 3.360342
644 -1.842992 -0.69977 1.509711
645 1.367882 -0.554718 1.483702
646 1.738645 -0.211286 2.439812
647 0.377818 0.899573 0.549738
648 1.288841 -0.571608 1.542021
649 0.647928 0.898937 2.349824
650 1.735975 -0.001241 2.499272
651 0.617813 0.899568 0.279732
652 0.70676 -0.492085 1.659374
653 0.617771 0.89958 0.249894
654 0.287953 0.895019 2.165878
655 1.7393 -0.271092 2.34972
656 1.736248 -0.001412 2.679712
657 1.734536 0.118696 2.58963
658 0.647903 -0.511284 1.450847
659 1.277831 -0.683575 1.629135
660 0.377785 0.899467 0.910118
661 0.557902 0.899514 0.549689
662 -0.19144 0.89919 2.379661
663 -0.911699 -0.088757 3.098763
664 1.249442 -0.609653 1.655972
665 1.368211 -0.570394 1.483542
666 -1.601083 -0.701184 2.139479
667 1.735931 -0.001218 2.469402
668 1.737481 -0.463342 0.381031
669 -0.19267 0.899154 2.470737
670 0.61778 0.899509 0.489522
671 0.706491 -0.491777 1.510827
672 1.397414 -0.686365 1.509719
673 1.730347 -0.481271 0.392822
674 1.337826 -0.617424 1.476202
675 1.738683 -0.21125 2.469847
676 1.317628 -0.674734 1.577545
677 0.500627 -0.661103 1.597843
678 1.734904 -0.65455 0.379362
679 0.437987 0.899558 0.549612
680 0.677989 0.896045 0.638363
681 1.753777 -0.481223 0.430029
682 0.437973 -0.601274 1.481101
683 1.735537 0.028646 2.469295
684 0.735706 0.895228 0.249798
685 0.707682 -0.780766 3.360655
686 0.678408 -0.515622 1.662331
687 0.318249 0.898991 2.529919
688 1.738206 -0.181387 2.409734
689 -0.972068 -0.123101 3.309347
690 1.352581 -0.586147 1.434608
691 1.734841 -0.654495 0.31936
692 0.116325 -0.781608 2.110881
693 0.377607 0.899455 0.969697
694 0.648027 0.899409 0.819023
695 1.367028 -0.611014 1.48351
696 0.677747 0.899572 0.219579
697 -0.944395 -0.12262 3.309231
698 -1.900196 -1.434245 3.363356
699 1.753592 -0.666948 0.344401
700 -1.750395 -0.5953 1.894508
701 0.677912 0.899509 0.429491
702 1.73521 -0.462324 0.391212
703 0.497802 0.899543 0.519569
704 -0.916548 -0.096157 3.023253
705 -1.1238 -0.110744 3.363309
706 1.456841 -0.694683 1.509919
707 1.753722 -0.661492 0.429812
708 -0.945274 -0.103278 3.308797
709 -1.21208 -0.151527 3.363448
710 -1.971899 -0.666391 1.74979
711 1.756599 -0.271156 2.313021
712 -0.908754 -0.150383 3.003606
713 1.730183 -0.631309 0.392808
714 0.168583 0.899138 2.230412
715 1.733919 0.148627 2.439497
716 0.11645 -0.781777 2.201145
717 -0.90693 -0.043968 3.101332
718 1.736898 -0.061473 2.589454
719 1.731003 -0.654972 0.332292
720 1.75325 -0.66193 0.307813
721 -0.192259 0.899172 2.440299
722 0.438004 -0.572312 1.48117
723 0.501125 -0.568916 1.773923
724 1.73441 -0.481257 0.318976
725 0.617771 0.899502 0.519604
726 0.501142 -0.568017 1.750236
727 0.377832 0.89962 0.369418
728 -1.872078 -1.381296 3.363949
729 -0.914374 -0.042795 3.336069
730 1.734425 -0.631378 0.378797
731 1.294989 -0.677144 1.628855
732 0.116361 -0.781599 2.138883
733 0.500566 -0.66145 1.568996
734 0.497992 0.899599 0.309421
735 -1.112563 -0.16506 2.993618
736 0.797656 -0.780822 3.360544
737 -1.842546 -0.702943 1.464164
738 1.464118 -1.20524 1.445391
739 0.264077 -0.640836 1.958841
740 -0.944113 -0.052196 3.339437
741 0.617931 0.899437 0.76
742 0.706589 -0.491709 1.629786
743 -1.872218 -1.411339 3.363925
744 0.378019 0.899634 0.309453
745 0.67792 0.899424 0.729653
746 -0.944729 -0.043443 3.338539
747 1.457561 -0.700663 2.080247
748 0.317921 0.898973 2.589841
749 0.587587 -0.492375 1.451221
750 -1.83913 -0.699784 1.541383
751 -0.917243 -0.153383 3.042826
752 0.116409 -0.7809 2.169588
753 0.827654 -0.781055 3.360501
754 0.456584 -0.601717 1.481081
755 -0.764477 -0.241376 2.712939
756 -1.182478 -0.178414 3.363377
757 0.501099 -0.567954 1.720405
758 0.617933 0.899531 0.42966
759 1.737317 -0.463291 0.321136
760 1.426511 -0.67367 1.995231
761 0.618017 0.899497 0.549714
762 0.617847 0.899563 0.309645
763 0.114756 -0.752343 2.168908
764 0.500519 -0.661227 1.539637
765 0.617769 0.899362 1.029591
766 1.393968 -0.617411 1.491164
767 1.456126 -0.700052 2.018218
768 0.319937 -0.585524 1.719775
769 -0.942238 -0.096556 3.023174
770 -1.842194 -1.411312 3.363895
771 1.40453 0.110008 -0.351361
772 0.501399 -0.492277 1.742918
773 0.251058 -0.573022 1.774456
774 0.107758 -0.723989 2.228899
775 1.403489 0.092823 -0.351122
776 0.317785 0.896256 0.638342
777 0.227735 -1.411472 3.361075
778 -1.601656 -0.751658 2.199508
779 0.114351 -0.751342 2.138707
780 0.558047 0.896095 0.638554
781 0.677934 0.899496 0.489691
782 1.739917 -0.300509 2.769609
783 -0.764737 -1.471442 2.712545
784 1.198071 -0.280559 1.639603
785 1.408117 0.096075 -0.368167
786 0.317259 0.898988 2.558796
787 0.677893 0.899523 0.369447
788 1.408781 0.107381 -0.36765
789 1.454208 -0.00141 -0.380848
790 1.486206 -0.701074 2.078446
791 0.114587 -0.751785 2.200078
792 1.734261 -0.631334 0.318877
793 1.462253 -0.017984 -0.384775
794 0.677953 0.893446 0.669551
795 1.736549 -0.031327 2.61938
796 1.752904 -0.481199 0.367218
797 1.736492 -0.031319 2.589473
798 1.730167 -0.631297 0.333001
799 1.215658 -0.595447 1.628582
800 1.459799 -0.000935 -0.400177
801 0.257345 -1.411206 3.361027
802 1.15764 -0.690617 3.360093
803 1.73447 -0.511377 0.378815
804 1.360004 -0.59407 1.416837
805 1.62838 -0.061472 -0.314653
806 1.621286 -0.05261 -0.3009
807 1.590625 0.04036 -0.355264
808 1.526522 0.210724 -0.440105
809 1.752858 -0.631321 0.367143
810 1.530664 0.228004 -0.457769
811 1.54243 0.208891 -0.463324
812 0.108775 -0.721535 2.199591
813 1.51283 -0.61025 1.460952
814 1.753255 -0.662153 0.368331
815 1.182224 -0.264524 1.684366
816 1.534991 0.196863 -0.440931
817 1.48627 0.037268 -0.526918
818 1.452578 -0.056482 -0.583679
819 1.53027 0.215454 -0.458228
820 1.621788 -0.043739 -0.301737
821 -0.942031 -0.15525 3.044704
822 1.752895 -0.511317 0.36715
823 0.287642 -1.4113 3.361019
824 1.589451 0.052596 -0.354378
825 1.186762 -0.274517 1.660604
826 0.647762 0.899578 0.219695
827 -0.882195 -0.331391 2.691589
828 1.454536 -0.056275 -0.563344
829 1.460402 0.016147 -0.384323
830 0.617926 0.899917 -0.890404
831 0.617806 0.899923 -0.920321
832 1.730332 -0.481141 0.333008
833 0.647844 0.899928 -0.980204
834 0.317968 -1.411276 3.360941
835 0.497846 0.899955 -0.8903
836 1.338155 -0.692515 1.507746
837 0.61791 0.899938 -0.980144
838 -0.284889 -0.193413 2.712621
839 0.617866 0.899953 -1.010374
840 1.508704 -0.595945 1.477235
841 0.497794 0.899976 -0.980322
842 1.726941 0.1979 -0.779701
843 0.290247 0.898708 -0.890278
844 1.738335 -0.181439 2.499629
845 0.497846 0.899987 -1.01038
846 1.733682 -0.199517 -0.779741
847 1.527248 0.2318 -0.440045
848 0.617818 0.899977 -1.100468
849 0.377863 0.899976 -0.890246
850 1.280964 -0.69626 1.541396
851 1.732999 -0.061333 -0.830331
852 1.734027 -0.121244 -0.830287
853 1.734035 -0.199464 -0.800439
854 1.727511 0.178686 -0.779612
855 1.732479 -0.031336 -0.83037
856 0.617781 0.899981 -1.130474
857 1.731969 -0.001322 -0.830331
858 1.73363 -0.181218 -0.779651
859 1.735117 -0.181251 -0.800354
860 1.735058 -0.462323 0.331293
861 1.732954 -0.061359 -0.860312
862 1.727519 0.197931 -0.800424
863 1.732446 -0.031361 -0.860317
864 1.735067 -0.181277 -0.83035
865 1.728893 0.178632 -0.83041
866 1.752255 -0.181243 -0.767331
867 1.752235 -0.212061 -0.769665
868 1.732402 -0.03132 -0.890354
869 1.732916 -0.061303 -0.89028
870 1.733429 -0.091228 -0.890256
871 1.733902 -0.121263 -0.920315
872 1.733945 -0.121236 -0.890232
873 1.732875 -0.061232 -0.920322
874 0.647972 0.899919 -0.950231
875 1.732358 -0.031271 -0.920359
876 0.347875 0.900017 -0.98032
877 1.752196 -0.21521 -0.800291
878 1.733868 -0.121286 -0.950309
879 1.732838 -0.061244 -0.950296
880 1.729397 0.148676 -0.830373
881 -0.402089 -0.30138 2.711004
882 1.734541 -0.151242 -0.830264
883 0.617876 0.899587 0.219432
884 1.732283 -0.03126 -0.980321
885 1.73177 -0.001353 -0.980331
886 1.752355 0.178664 -0.767821
887 1.733312 -0.0913 -0.980286
888 1.7307 0.058743 -1.010357
889 1.733275 -0.091244 -1.010356
890 1.733388 -0.091293 -0.92032
891 1.732759 -0.061342 -1.010311
892 1.732202 -0.031314 -1.040307
893 1.731692 -0.001379 -1.040308
894 1.73272 -0.061236 -1.040288
895 1.731732 -0.001397 -1.010325
896 1.733353 -0.091255 -0.950259
897 1.731254 0.028683 -0.980285
898 1.730622 0.058785 -1.070302
899 1.732683 -0.061284 -1.070283
900 1.731143 0.028695 -1.070303
901 1.732321 -0.031204 -0.950301
902 1.731099 0.028786 -1.100257
903 1.73319 -0.091291 -1.070181
904 1.732163 -0.03131 -1.070243
905 1.733827 -0.121323 -0.980371
906 1.731609 -0.001301 -1.100232
907 1.731177 0.028714 -1.040339
908 1.731056 0.02879 -1.130265
909 1.730541 0.058748 -1.13027
910 1.732643 -0.061344 -1.1003
911 1.732246 -0.031339 -1.010341
912 1.730661 0.058713 -1.040311
913 1.732086 -0.031326 -1.130331
914 1.731572 -0.001292 -1.130258
915 1.733074 -0.091346 -1.160329
916 0.7079 0.898531 0.705634
917 1.732049 -0.031335 -1.16038
918 1.732008 -0.031304 -1.190324
919 1.732126 -0.031328 -1.100215
920 1.733632 -0.121343 -1.130316
921 1.7326 -0.061304 -1.13032
922 1.731216 0.028628 -1.01029
923 0.617821 0.900011 -1.220259
924 1.731533 -0.001289 -1.16028
925 1.731491 -0.001286 -1.190228
926 1.733555 -0.121321 -1.190285
927 1.732519 -0.061327 -1.190362
928 1.731456 -0.001327 -1.220328
929 1.731969 -0.031325 -1.220425
930 1.730937 0.028779 -1.220356
931 1.733592 -0.121332 -1.160331
932 1.73323 -0.091277 -1.040265
933 1.73347 -0.121327 -1.250252
934 1.732447 -0.061372 -1.250376
935 1.731932 -0.03134 -1.250346
936 1.731414 -0.001304 -1.250307
937 1.732483 -0.061359 -1.220421
938 1.730979 0.028685 -1.190339
939 0.617827 0.897276 -1.310307
940 0.290373 0.898754 -1.010223
941 0.617748 0.900012 -1.250321
942 0.497833 0.900011 -1.130362
943 1.731885 -0.031236 -1.280244
944 1.732562 -0.061312 -1.160325
945 1.73292 -0.091317 -1.280343
946 1.733427 -0.121234 -1.280314
947 1.732877 -0.091243 -1.310338
948 1.732957 -0.091348 -1.250302
949 0.677865 0.897264 -1.310403
950 1.730816 0.02873 -1.310372
951 0.497842 0.900041 -1.220327
952 1.733512 -0.121299 -1.220273
953 1.732839 -0.091271 -1.340274
954 1.732362 -0.061186 -1.310257
955 1.732795 -0.061222 -0.980301
956 1.731769 -0.031279 -1.370198
957 1.731335 -0.0013 -1.310275
958 1.733752 -0.121319 -1.040253
959 1.731256 -0.001331 -1.370349
960 1.732797 -0.091293 -1.370278
961 1.733273 -0.121289 -1.400351
962 1.732325 -0.06126 -1.340289
963 1.732402 -0.061297 -1.280342
964 1.733156 -0.09134 -1.100289
965 0.61785 0.898308 -1.369648
966 1.730657 0.028723 -1.430293
967 1.732758 -0.09128 -1.400347
968 1.732996 -0.091277 -1.22036
969 1.733708 -0.121231 -1.070241
970 1.733666 -0.121292 -1.100281
971 1.733351 -0.121356 -1.340273
972 0.617863 0.899925 -0.950269
973 1.730223 0.088759 -0.980331
974 1.729354 0.148675 -0.860387
975 1.732284 -0.061267 -1.370308
976 1.732686 -0.091306 -1.460378
977 1.731372 -0.001257 -1.280266
978 1.734241 -0.181304 -1.460272
979 1.733309 -0.121255 -1.370232
980 1.733984 -0.121304 -0.860323
981 1.730117 0.058688 -1.460314
982 1.726371 0.197947 -1.489832
983 1.732856 -0.19937 -1.48993
984 1.730633 0.028648 -1.460372
985 1.73339 -0.121318 -1.310307
986 1.730777 0.028601 -1.340354
987 1.733613 -0.181314 -1.490163
988 1.730147 0.058735 -1.430237
989 1.730027 0.088772 -1.130242
990 1.731171 -0.00128 -1.430342
991 1.751279 -0.215044 -1.490458
992 1.73169 -0.031288 -1.430336
993 1.733204 -0.121389 -1.460348
994 1.732718 -0.091291 -1.430344
995 1.727452 0.17874 -1.490092
996 1.733714 -0.151304 -1.460399
997 1.733744 -0.151253 -1.430339
998 1.731659 -0.031317 -1.460358
999 1.729706 0.118791 -0.98029
1000 1.731726 -0.031295 -1.400271
1001 1.7307 0.028716 -1.400311
1002 1.731017 0.028682 -1.160345
1003 1.734604 -0.151268 -0.800306
1004 1.728603 0.148634 -1.430345
1005 1.731806 -0.03126 -1.340288
1006 1.53247 -0.6706 -1.726382
1007 1.732206 -0.061383 -1.430231
1008 1.733227 -0.121287 -1.430317
1009 1.751314 -0.215112 -1.460336
1010 1.733033 -0.091293 -1.190315
1011 1.730739 0.028682 -1.370395
1012 1.731844 -0.031163 -1.310312
1013 1.536562 -0.606305 -1.733331
1014 1.537104 -0.630961 -1.72619
1015 1.531314 -0.600358 -1.74055
1016 1.730943 0.058688 -0.830289
1017 1.530339 0.228562 -0.42226
1018 1.454342 -0.039761 -0.565065
1019 1.280863 -0.696235 -1.791996
1020 1.536284 -0.660347 -1.724296
1021 1.529845 0.214899 -0.421797
1022 1.535332 -0.589911 -1.749111
1023 1.219404 -0.65999 -1.823874
1024 1.307016 -0.68965 -1.788555
1025 1.163232 -0.659947 -1.826588
1026 1.330373 -0.677554 -1.809025
1027 1.672602 0.110085 -0.529769
1028 1.245586 -0.636032 -1.791292
1029 1.73303 -0.199392 -1.460473
1030 1.303565 -0.611328 -1.886415
1031 1.666049 0.092708 -0.51283
1032 1.26859 -0.601296 -1.847333
1033 1.728941 0.178675 -0.80036
1034 1.319468 -0.60118 -1.738518
1035 1.33358 -0.601094 -1.729682
1036 1.327459 -0.611926 -1.892449
1037 1.331804 -0.61691 -1.730781
1038 1.24627 -0.692327 -1.789096
1039 1.508222 -0.592629 -1.782516
1040 1.218021 -0.659962 -1.851904
1041 1.670592 0.093322 -0.52998
1042 1.306689 -0.680461 -1.816361
1043 1.490553 -0.598296 -1.796887
1044 1.511197 -0.580355 -1.786971
1045 1.334975 -0.612219 -1.91114
1046 1.489958 -0.576178 -1.797449
1047 1.166671 -0.27712 -1.890338
1048 1.218232 -0.659951 -1.882389
1049 1.316315 -0.674517 -1.828504
1050 1.622592 0.014016 -0.494332
1051 1.618688 -0.000568 -0.496593
1052 1.489831 0.038769 -0.510491
1053 1.752388 0.178847 -0.787182
1054 1.629233 -0.058406 -0.294374
1055 1.598478 0.035518 -0.350655
1056 1.568365 0.050575 -0.403595
1057 1.598129 0.058586 -0.34644
1058 1.542432 0.208542 -0.41613
1059 1.411134 0.10543 -0.334623
1060 1.629222 -0.038957 -0.296168
1061 1.694128 -0.703072 1.460039
1062 1.665551 -0.754384 1.467833
1063 1.67021 -1.263062 1.4775
1064 1.694071 -0.700951 1.63032
1065 1.668495 -0.700918 1.568599
1066 1.69466 -0.700949 1.599491
1067 1.548578 -0.753613 1.468619
1068 1.487471 -0.692513 1.538597
1069 1.502699 -0.590239 1.493802
1070 1.539522 -0.361223 1.48676
1071 1.427907 -0.7293 1.464935
1072 1.517801 -0.361117 1.480783
1073 1.321814 -0.345697 1.433661
1074 1.668459 -0.700935 1.628269
1075 1.667867 -0.70306 1.460018
1076 1.216824 -0.752119 1.468564
1077 1.517139 -0.343681 1.486536
1078 1.307999 -0.703004 1.460455
1079 1.216378 -0.699852 1.479289
1080 1.216196 -0.702837 1.459408
1081 1.247492 -0.700217 1.510175
1082 1.217834 -0.699578 1.509394
1083 1.213907 -0.71646 1.454845
1084 1.254585 -0.695432 1.658938
1085 1.303555 -0.612098 1.661984
1086 1.487915 -0.361319 1.472806
1087 1.184124 -0.60048 1.659756
1088 1.277254 -0.699353 1.810376
1089 1.739317 -0.298173 2.319729
1090 1.161127 -0.600709 1.715941
1091 1.694297 -0.700928 1.56967
1092 1.733786 -0.151351 -1.400349
1093 1.296251 -0.677301 -1.840162
1094 1.731715 -0.329605 -2.900735
1095 1.731457 -0.301423 -2.870287
1096 1.725367 0.232049 -2.72024
1097 1.731528 -0.301126 -2.810683
1098 1.731607 -0.300886 -2.750681
1099 1.731252 -0.300303 -2.697418
1100 1.726263 0.208729 -2.697083
1101 1.731307 -0.271281 -2.750105
1102 1.730964 -0.241213 -2.780422
1103 1.730813 -0.241256 -2.899924
1104 1.730847 -0.241157 -2.870101
1105 1.73141 -0.301289 -2.900565
1106 1.730935 -0.241655 -2.810417
1107 1.725833 0.232654 -2.697673
1108 1.74999 0.20876 -2.719828
1109 1.749845 -0.300648 -2.718433
1110 1.731276 -0.271244 -2.78061
1111 1.727679 0.058725 -2.990584
1112 1.731444 -0.3314 -3.109926
1113 1.731381 -0.301375 -2.930218
1114 1.283664 -0.680115 -1.846677
1115 1.727716 0.058707 -2.959922
1116 1.72862 -0.031268 -2.960201
1117 1.730092 -0.18119 -2.990557
1118 1.730131 -0.181573 -2.96034
1119 1.726533 0.208886 -2.720429
1120 1.731574 -0.301089 -2.78055
1121 1.750006 0.238759 -2.720188
1122 1.282535 -0.612465 -1.92847
1123 1.731634 -0.330266 -2.96073
1124 1.731758 -0.329609 -2.870558
1125 1.127483 -0.66018 -2.052109
1126 1.725374 0.231982 -2.750182
1127 1.727757 0.058415 -2.92978
1128 1.730891 -0.24125 -2.840346
1129 1.151071 -0.263274 -1.935115
1130 1.73149 -0.331083 -3.080116
1131 1.188357 -0.659921 -1.939996
1132 1.726784 0.178553 -2.749322
1133 1.251919 -0.641323 -2.000882
1134 1.728658 -0.031127 -2.930277
1135 1.728061 0.028809 -2.93003
1136 1.726461 0.208594 -2.780365
1137 1.252025 -0.640214 -1.967296
1138 1.276559 -0.611471 -1.907164
1139 1.281321 -0.601258 -1.819905
1140 1.046266 -0.636046 -2.082718
1141 1.726504 0.208633 -2.749967
1142 1.731493 -0.301365 -2.839986
1143 1.217889 -0.65992 -2.028543
1144 1.251347 -0.65934 -2.059336
1145 1.128006 -0.65987 -2.030178
1146 1.2503 -0.657992 -1.999654
1147 1.72674 0.178684 -2.780039
1148 1.749977 0.24353 -2.74713
1149 1.728316 -0.001208 -2.959696
1150 1.728015 0.028754 -2.959827
1151 1.726585 0.178849 -2.899939
1152 1.29053 -0.601304 -1.800144
1153 1.098103 -0.659879 -1.910612
1154 1.218027 -0.659935 -1.940264
1155 1.249909 -0.659459 -2.028821
1156 1.72667 0.17864 -2.840751
1157 0.848639 -0.571371 -1.76443
1158 1.097461 -0.692803 -2.244639
1159 1.21845 -0.659927 -1.969994
1160 1.731527 -0.330972 -3.050186
1161 1.750031 0.208742 -2.690226
1162 1.731679 -0.330139 -2.930468
1163 1.265783 -0.584394 -1.869843
1164 1.00669 -0.691231 -2.02922
1165 0.848211 -0.554087 -1.789701
1166 1.189175 -0.697163 -2.270763
1167 1.218086 -0.659917 -2.000017
1168 1.726623 0.178605 -2.870631
1169 1.259055 -0.584828 -1.867206
1170 1.290622 -0.675507 -1.859691
1171 0.756238 -0.643042 -1.783089
1172 0.847357 -0.55485 -1.770467
1173 1.006097 -0.690297 -2.060865
1174 1.127845 -0.659884 -1.970209
1175 1.127893 -0.659876 -2.00024
1176 0.755651 -0.664164 -1.786882
1177 1.008185 -0.690034 -2.081509
1178 1.184667 -0.697076 -2.297944
1179 1.726704 0.178785 -2.810574
1180 1.25199 -0.638428 -1.938879
1181 1.731711 -0.359873 -3.140001
1182 0.848311 -0.554066 -1.819901
1183 1.731662 -0.300465 -2.721232
1184 1.73156 -0.330837 -3.020006
1185 1.158053 -0.659914 -1.94002
1186 1.098307 -0.659852 -2.030235
1187 1.731752 -0.35999 -3.110129
1188 1.73107 -0.030761 -0.779777
1189 1.184803 -0.699436 -2.210625
1190 1.728361 -0.001002 -2.930203
1191 1.065519 -0.691635 -2.245329
1192 0.977889 -0.690209 -2.060314
1193 1.046479 -0.635249 -2.000299
1194 0.827725 -0.553472 -1.789766
1195 0.755309 -0.666428 -1.819311
1196 0.501544 -0.66857 -1.789531
1197 0.517874 -0.672578 -1.87683
1198 1.731788 -0.359816 -3.07995
1199 0.827862 -0.55345 -1.819923
1200 1.098066 -0.660161 -2.053147
1201 0.50281 -0.671534 -1.819448
1202 0.430827 -0.699331 -1.703564
1203 0.52866 -0.671307 -1.848925
1204 0.436962 -0.7002 -1.736707
1205 0.754939 -0.668813 -1.848157
1206 0.37247 -0.604607 -1.884104
1207 1.731822 -0.328369 -2.810466
1208 1.098305 -0.65987 -1.940323
1209 0.940586 -0.604005 -2.084973
1210 0.361552 -0.645363 -1.864922
1211 0.440783 -0.553579 -1.850232
1212 0.347535 -0.688518 -1.845921
1213 1.731868 -0.327971 -2.780541
1214 0.378574 -0.644456 -2.271467
1215 0.347866 -0.631175 -1.878107
1216 0.349998 -0.664316 -1.858581
1217 1.308465 -0.664649 -1.908326
1218 0.316549 -0.65939 -1.873501
1219 0.306225 -0.67842 -1.866526
1220 0.504309 -0.672986 -1.847191
1221 0.848397 -0.554142 -1.904968
1222 0.319403 -0.633117 -1.887317
1223 0.379794 -0.64081 -2.242431
1224 0.916427 -0.583061 -2.068031
1225 0.365549 -0.597308 -1.895687
1226 0.329825 -0.614032 -1.894192
1227 0.439441 -0.691933 -1.762111
1228 0.440871 -0.553371 -1.879966
1229 0.440758 -0.553621 -1.790147
1230 0.377075 -0.696571 -1.78868
1231 0.378501 -0.637228 -2.211307
1232 0.348394 -0.639134 -2.237815
1233 0.44185 -0.55456 -1.769334
1234 0.348915 -0.643228 -2.269162
1235 1.1583 -0.659917 -1.910597
1236 0.394599 -0.645906 -2.285694
1237 0.707778 0.896937 -3.317014
1238 0.505738 -0.673315 -1.874746
1239 0.431047 -0.697477 -1.78227
1240 0.848427 -0.554084 -1.850355
1241 1.098457 -0.659868 -2.000122
1242 0.32612 -0.671952 -1.8629
1243 1.246355 -0.698363 -2.301294
1244 0.440746 -0.55359 -1.820283
1245 0.415587 -0.689766 -2.300757
1246 1.21816 -0.65994 -1.910614
1247 0.916227 -0.602302 -2.142625
1248 1.187855 -0.659928 -1.910509
1249 1.007968 -0.698565 -2.298845
1250 0.855419 -0.557185 -1.9004
1251 0.375766 -0.690629 -1.880946
1252 0.848581 -0.554101 -1.87996
1253 0.376411 -0.692549 -1.850388
1254 0.318172 -0.63821 -2.237931
1255 0.417098 -0.696092 -2.328202
1256 1.062467 -0.699407 -2.211233
1257 1.006533 -0.670728 -2.299292
1258 1.731789 -0.329078 -2.839525
1259 0.238561 -0.673536 -1.893697
1260 0.42527 -0.666498 -2.333285
1261 0.197788 -0.687131 -1.901138
1262 0.409393 -0.657878 -2.271265
1263 0.737877 -0.671008 -1.849049
1264 1.731891 -0.327499 -2.750365
1265 0.309801 -0.620699 -1.897861
1266 0.380514 -0.699188 -2.206526
1267 0.373371 -0.630344 -1.878094
1268 1.731559 -0.327355 -2.697164
1269 1.749841 -0.329181 -2.719913
1270 0.707857 0.90077 -3.290278
1271 0.408387 -0.700392 -1.738921
1272 0.207457 -0.604949 -1.94224
1273 1.731823 -0.359336 -3.050508
1274 0.412481 -0.657953 -2.300272
1275 1.73144 -0.388047 -3.170864
1276 0.411023 -0.656467 -2.329019
1277 0.707846 0.900738 -3.200261
1278 0.284993 -0.685512 -1.870381
1279 0.341805 -0.651965 -1.868567
1280 0.707663 0.900756 -3.230557
1281 1.731957 -0.356025 -2.931188
1282 0.419112 -0.699091 -2.358163
1283 0.942335 -0.689492 -2.083884
1284 0.378621 -0.689231 -2.175992
1285 0.28596 -0.628223 -1.902227
1286 1.075518 -0.661085 -2.030516
1287 1.732009 -0.386908 -3.140416
1288 0.979253 -0.667217 -2.265407
1289 0.288028 0.896889 -3.316957
1290 0.707889 0.900769 -3.26059
1291 1.076081 -0.661914 -2.053257
1292 0.404438 -0.658539 -2.241001
1293 0.228549 0.896871 -3.290491
1294 0.286779 0.900324 -3.290388
1295 1.074245 -0.659854 -1.883897
1296 0.397755 -0.656409 -2.211603
1297 0.344219 -0.685965 -2.174262
1298 1.732017 -0.386565 -3.111278
1299 1.074782 -0.659887 -1.910246
1300 0.28684 0.900239 -3.200258
1301 0.228444 0.896906 -3.200455
1302 0.286927 0.900271 -3.230228
1303 0.707704 0.900691 -3.08021
1304 1.28884 -0.674162 -1.878433
1305 0.978998 -0.672375 -2.253865
1306 0.218628 -0.67999 -1.897366
1307 0.383981 -0.636629 -1.899394
1308 0.222211 -0.622233 -1.92873
1309 0.707835 0.900713 -3.110219
1310 0.286745 0.900325 -3.260393
1311 0.39736 -0.645364 -2.266827
1312 1.252103 -0.677974 -2.059768
1313 0.286826 0.900171 -3.080428
1314 0.228447 0.896875 -3.080548
1315 0.708075 0.900634 -2.900437
1316 0.286778 0.900207 -3.110294
1317 0.286532 0.900037 -2.9306
1318 0.228446 0.89683 -2.960262
1319 0.707709 0.900648 -2.930316
1320 0.107897 0.900954 -3.23039
1321 0.107938 0.900933 -3.200195
1322 0.497849 0.900795 -3.170059
1323 0.467842 0.900818 -3.200381
1324 0.348167 0.900856 -3.200243
1325 0.227903 -0.603738 -1.935115
1326 -0.222291 0.898404 -2.900342
1327 0.228647 0.896752 -2.900412
1328 0.228364 0.896829 -2.930283
1329 0.980651 -0.69827 -2.298039
1330 -0.222744 0.898385 -3.02026
1331 -0.012198 0.900975 -3.200314
1332 0.228406 0.896886 -3.230108
1333 -0.19235 0.901032 -3.200522
1334 -0.131962 0.901009 -3.200519
1335 0.647898 0.900748 -3.200245
1336 0.924799 -0.695276 -2.07742
1337 0.286837 0.900122 -2.900357
1338 -0.191958 0.900944 -2.930454
1339 -0.132256 0.901029 -3.230421
1340 -0.192063 0.900994 -3.080123
1341 0.168033 0.900924 -3.230462
1342 0.588132 0.900772 -3.200308
1343 0.396042 -0.64226 -2.211012
1344 0.677916 -0.686685 -2.420455
1345 0.947843 -0.694379 -2.060324
1346 0.377938 0.900832 -3.170397
1347 -0.192043 0.901041 -3.230249
1348 0.980135 -0.670157 -2.300435
1349 -0.222852 0.898372 -3.08049
1350 -0.012142 0.900986 -3.230298
1351 0.979668 -0.699026 -2.269463
1352 0.385432 -0.689766 -1.90741
1353 0.377445 -0.696939 -1.82145
1354 0.343599 -0.699157 -2.202528
1355 0.347935 0.900874 -3.230188
1356 0.348083 -0.697065 -2.149627
1357 0.675703 -0.686669 -2.443898
1358 -0.132238 0.90101 -3.170399
1359 0.98251 -0.675739 -2.355029
1360 0.37487 -0.690865 -2.535586
1361 0.880399 -0.682381 -2.362841
1362 -0.222468 0.898584 -3.26049
1363 -0.192221 0.901049 -3.260227
1364 1.137321 -0.599729 -1.940471
1365 0.962388 -0.672155 -2.253687
1366 0.982133 -0.673047 -2.330587
1367 -1.303077 0.901433 -3.26028
1368 -1.302819 0.901417 -3.23019
1369 -1.302614 0.901439 -3.290302
1370 0.881223 -0.685046 -2.388748
1371 0.496165 -0.643689 -1.780052
1372 0.98286 -0.678097 -2.365619
1373 0.112193 -0.699171 -1.760321
1374 -0.613034 -1.470344 -4.026763
1375 -1.302187 0.897128 -3.316613
1376 0.13785 -0.69897 -2.479928
1377 0.96233 -0.669718 -2.263357
1378 0.408295 -0.658612 -2.359192
1379 -1.362301 0.901432 -3.200382
1380 -0.642448 -1.470951 -4.026733
1381 0.677754 -0.686673 -2.390911
1382 0.647613 -0.686674 -2.390497
1383 -1.36205 0.901443 -3.230246
1384 0.647901 -0.686667 -2.42031
1385 0.288051 -0.66136 -1.882708
1386 0.384962 -0.662895 -1.904545
1387 0.735306 -0.686692 -2.391771
1388 0.746373 -0.642439 -2.240009
1389 0.314717 -0.699106 -2.202364
1390 0.35437 -0.69653 -2.064634
1391 -1.811788 0.901615 -3.259867
1392 -1.811783 0.901622 -3.290596
1393 0.37387 -0.692225 -2.512272
1394 -1.391889 0.901438 -3.199979
1395 0.28504 -0.613097 -2.239379
1396 0.731356 -0.686707 -2.360566
1397 -1.812097 0.89724 -3.316198
1398 0.34681 -0.65907 -2.171749
1399 -1.692236 0.90143 -2.900372
1400 -1.751874 0.895594 -3.260332
1401 0.856842 -0.696867 -2.389973
1402 -1.722993 0.898737 -2.900388
1403 0.265583 -0.611878 -2.236836
1404 0.707453 -0.68669 -2.419874
1405 0.75616 -0.687207 -2.3555
1406 -1.692342 0.899885 -2.872977
1407 -1.63218 0.901423 -2.930292
1408 0.877657 -0.69474 -2.301008
1409 -1.841758 0.901623 -3.260337
1410 0.297022 -0.627028 -2.239874
1411 0.428119 -0.665699 -2.35505
1412 -1.661869 0.901448 -2.960305
1413 0.760623 -0.637202 -2.235527
1414 -1.842012 0.901614 -3.230414
1415 -1.84186 0.901635 -3.290174
1416 -1.603191 -0.70075 -2.870384
1417 0.270342 -0.61429 -2.261461
1418 0.017841 0.900999 -3.290324
1419 -1.779425 0.896745 -2.869115
1420 -0.102157 0.901039 -3.290265
1421 -1.872325 0.901627 -3.230561
1422 -1.662067 0.901417 -2.900372
1423 -1.607608 -0.751725 -2.84148
1424 0.647756 -0.686671 -2.360272
1425 0.55797 -0.686645 -2.360254
1426 -1.842068 0.901603 -3.200624
1427 -1.724144 0.897633 -2.872609
1428 0.562431 -0.686648 -2.388708
1429 -1.608543 -0.751667 -2.810249
1430 -1.842115 0.901494 -2.93039
1431 0.647927 -0.686682 -2.330546
1432 0.737814 -0.687701 -2.329136
1433 -0.132105 0.900982 -3.110364
1434 -0.132167 0.897025 -3.316741
1435 -1.662386 0.89994 -2.873245
1436 0.489962 -0.58281 -2.021943
1437 -1.602245 -0.721836 -2.841178
1438 0.316233 -0.689459 -2.179438
1439 -1.362255 0.897181 -3.316572
1440 -1.603267 -0.70076 -2.840306
1441 -1.5999 -0.720574 -2.868988
1442 0.753579 -0.686657 -2.401266
1443 -1.302436 0.899601 -2.873079
1444 -1.608857 -0.781301 -2.841352
1445 0.256525 -0.697761 -2.206933
1446 -1.831791 -0.68255 -2.593465
1447 -1.840751 -0.671285 -2.601605
1448 -1.848313 -0.675817 -2.58439
1449 -1.723102 0.898959 -3.260265
1450 -1.828349 -0.685862 -2.667988
1451 -1.82511 -0.674533 -2.652273
1452 0.756446 -0.692866 -2.330843
1453 -1.989859 -0.690406 -2.690527
1454 -2.172209 0.901605 -2.900342
1455 -2.171873 0.900357 -2.873548
1456 -1.840324 -0.674078 -2.679067
1457 -1.965653 -0.683993 -2.690021
1458 0.3479 -0.655685 -2.357806
1459 -1.825339 -0.675118 -2.613101
1460 0.112212 -0.701506 -1.738898
1461 -1.763694 -1.441252 -2.690069
1462 0.282809 -0.612891 -2.210172
1463 -1.807037 -0.271669 -2.420233
1464 0.261021 -0.612721 -2.211026
1465 0.317567 -0.634931 -2.209035
1466 -1.841801 0.897269 -3.316064
1467 -1.836415 -0.669907 -2.658905
1468 -1.602142 0.901421 -2.960227
1469 -1.824335 -0.674025 -2.630715
1470 -1.60982 -0.781307 -2.810181
1471 -2.192652 -0.697216 -2.631217
1472 0.496015 -0.590507 -2.00684
1473 -2.202521 0.901613 -2.900292
1474 -2.229029 0.897669 -2.900147
1475 -2.141815 0.90162 -2.960471
1476 -1.267859 -1.42318 -2.202425
1477 -1.303975 -1.436902 -2.20331
1478 -2.142401 0.900293 -2.873449
1479 0.347017 -0.648504 -2.306213
1480 -2.201073 0.900438 -2.87366
1481 0.587919 -0.686653 -2.330502
1482 -2.11243 0.901596 -2.93038
1483 -1.967572 -0.674965 -2.656114
1484 -1.608914 -1.471648 -2.851109
1485 -1.269505 -1.442337 -2.237744
1486 -1.30262 0.90129 -2.900188
1487 0.491463 -0.579649 -1.999992
1488 -2.014711 -0.696463 -2.68606
1489 -1.964485 -0.68457 -2.660327
1490 -1.76459 -1.470217 -2.689693
1491 -1.835779 -0.577838 -2.327095
1492 0.376367 -0.648799 -2.302856
1493 0.495654 -0.592733 -2.021161
1494 -1.837722 -0.667527 -2.62939
1495 0.314048 -0.699105 -2.15056
1496 -1.632185 0.90141 -2.90024
1497 -1.790412 -0.590985 -2.151158
1498 -1.991247 -0.696891 -2.660273
1499 -1.787977 -0.583981 -2.127816
1500 -1.26723 0.895271 -2.868797
1501 -1.753755 -0.698063 -2.091371
1502 -1.846575 -0.695568 -2.153689
1503 -1.871777 0.901638 -3.260268
1504 -1.632201 0.901433 -2.960394
1505 -1.778098 -0.68997 -2.089633
1506 -1.871716 -0.690482 -2.149591
1507 -1.896432 -0.677689 -2.169964
1508 -1.869771 -0.680654 -2.178349
1509 -1.780461 -0.696409 -2.121313
1510 0.647662 -0.686683 -2.30079
1511 -1.749148 -0.699305 -2.059702
1512 -1.804155 -0.577324 -2.155309
1513 -2.141488 0.901594 -2.90019
1514 -1.78496 -0.601116 -2.210093
1515 -1.99178 -0.671086 -2.601446
1516 -1.901793 -0.683768 -2.150345
1517 -1.808356 -0.605521 -2.175494
1518 -1.812131 0.900071 -2.873337
1519 -1.777708 -0.72146 -2.085084
1520 -2.111904 0.901608 -2.960349
1521 -2.112914 0.900303 -2.87355
1522 -2.171771 -0.697514 -2.628792
1523 -2.019515 -0.698263 -2.659773
1524 -1.809571 -0.569255 -2.174351
1525 -1.791633 -0.582018 -2.150307
1526 -1.784897 -0.571306 -2.210026
1527 -1.840643 -0.597735 -2.357983
1528 -1.941108 -0.585679 -2.073955
1529 -1.961747 -0.699576 -2.092415
1530 -1.775493 -0.661308 -2.091458
1531 -1.930615 -0.601205 -2.060699
1532 -1.774516 -0.631161 -2.093301
1533 -1.840234 -0.258572 -2.417904
1534 -1.809026 -0.554352 -2.175707
1535 -1.993039 -0.698278 -2.630473
1536 0.587782 -0.68666 -2.300618
1537 -1.983496 -0.554448 -2.094318
1538 -1.968209 -0.554355 -2.101202
1539 -1.931964 -0.699692 -2.091885
1540 -1.961342 -0.719413 -2.08717
1541 -1.827988 -0.586077 -2.345504
1542 -2.051486 -0.696516 -2.628635
1543 -1.965117 -0.688378 -2.720536
1544 -1.95894 -0.534541 -2.060033
1545 0.557807 -0.686654 -2.271006
1546 -1.841756 -0.6883 -2.180098
1547 -1.812182 0.901479 -2.90042
1548 -1.632168 -0.698574 -2.025445
1549 -1.810422 -0.689821 -2.270073
1550 -2.022075 -0.696655 -2.630754
1551 -1.931919 -0.718738 -2.086978
1552 -1.794508 -0.600855 -2.230765
1553 0.238624 -0.638826 -2.205731
1554 -1.800568 -0.597913 -2.155776
1555 -1.921827 -0.535397 -2.077477
1556 0.504541 -0.686653 -2.268768
1557 -2.022625 -0.718508 -2.086809
1558 -2.111788 0.901584 -2.900304
1559 -1.931217 -0.681536 -2.149759
1560 -1.95315 -0.554547 -2.108296
1561 -1.362017 0.901311 -2.900389
1562 -2.857838 -0.663876 -2.424308
1563 -1.3975 -1.498467 -2.242984
1564 -2.893606 -0.656031 -2.452006
1565 -2.443218 -0.653767 -2.329427
1566 -1.965999 -0.672941 -2.62927
1567 -2.111026 -0.262411 -2.26881
1568 -1.662219 -0.698562 -2.025419
1569 -2.85887 -0.665308 -2.449874
1570 -0.732088 -1.440986 -4.030671
1571 -1.90171 -0.695225 -2.124587
1572 -1.841037 -0.681785 -2.209515
1573 -1.992121 -0.632231 -1.909204
1574 -2.473156 -0.653747 -2.328863
1575 -1.93217 -0.554645 -2.118043
1576 -1.860828 -0.677236 -2.200441
1577 -1.902032 -0.699699 -2.09211
1578 -2.140915 -0.698242 -2.626958
1579 -2.403678 -0.6626 -2.269972
1580 -1.794522 -0.571336 -2.230838
1581 -1.631905 -0.698578 -2.00031
1582 -2.291944 -0.699537 -2.091539
1583 -1.999987 -0.613108 -1.906849
1584 -2.892117 -0.689979 -2.394175
1585 -1.967885 -0.671855 -2.605621
1586 -3.102093 -0.636049 -2.398736
1587 -2.404297 -0.687965 -2.269606
1588 -2.052005 -0.718706 -2.086889
1589 -1.632715 0.899885 -2.873143
1590 -2.442592 -0.653773 -2.299706
1591 -2.588867 -0.653759 -2.17938
1592 -2.892084 -0.661042 -2.398656
1593 -1.776236 -0.607103 -2.099078
1594 -1.961947 -0.334702 -2.119613
1595 -3.131898 -0.635896 -2.398599
1596 -2.562352 -0.662293 -2.160025
1597 -1.999171 -0.613567 -1.880805
1598 -1.902107 -0.534837 -2.086553
1599 -2.862562 -0.690572 -2.395659
1600 -2.112041 0.901622 -2.990582
1601 -2.532064 -0.663928 -2.162296
1602 -1.83497 -0.67921 -2.270456
1603 -2.862521 -0.71657 -2.085396
1604 -2.230159 0.897047 -2.872122
1605 -2.020689 -0.610947 -1.905122
1606 -2.081451 -0.69595 -2.628507
1607 -2.929206 -0.662015 -2.070381
1608 -2.019102 -0.698571 -1.724112
1609 -2.562862 -0.653768 -2.179432
1610 -1.901891 -0.719068 -2.087113
1611 -1.898339 -0.691661 -1.63785
1612 -1.896508 -0.689681 -1.616142
1613 -1.944745 -0.675485 -1.663328
1614 -2.100555 -0.660945 -1.706331
1615 -2.022914 -0.659662 -1.721715
1616 -2.104415 -0.651404 -1.760088
1617 -3.072079 -0.691044 -2.394116
1618 -2.018197 -0.611603 -1.881139
1619 -3.249205 -0.691302 -2.419602
1620 -2.08172 -0.718733 -2.086818
1621 -1.872167 -0.699706 -2.091808
1622 -1.967774 -0.672702 -1.636532
1623 -2.081155 -0.663758 -1.703389
1624 -2.023522 -0.698581 -1.668636
1625 -1.816985 -0.67451 -1.575468
1626 -2.083936 -0.698557 -1.721024
1627 -2.351675 -0.699409 -2.09224
1628 -1.961761 -0.662842 -1.731465
1629 -3.07198 -0.636217 -2.398654
1630 -2.500082 -0.655753 -2.177584
1631 -1.985784 -0.670782 -1.639462
1632 -1.93465 -0.685471 -1.641324
1633 -2.531444 -0.653831 -2.17954
1634 -2.290206 -0.598167 -1.81205
1635 -1.841382 -0.69569 -1.582014
1636 -2.927629 -0.690461 -2.071604
1637 -2.929323 -0.66258 -2.076648
1638 -2.862072 -0.699461 -2.092253
1639 -1.98973 -0.697462 -1.728624
1640 -3.144758 -0.63116 -2.424596
1641 -2.561729 -0.653759 -2.209844
1642 -1.874457 -0.534575 -2.099433
1643 -2.471775 -0.660899 -2.171163
1644 -2.081911 -0.69533 -1.697766
1645 -1.872342 -0.717283 -2.086757
1646 -2.052814 -0.664436 -1.706145
1647 -2.023078 -0.666504 -1.709642
1648 -1.875581 -0.693049 -1.608899
1649 -2.892125 -0.699722 -2.091247
1650 -2.322285 -0.699476 -2.092061
1651 -2.683409 -0.544006 -1.734966
1652 -1.940633 -0.675106 -1.635922
1653 -2.088575 -0.651666 -1.759696
1654 -2.083485 -0.656134 -1.729103
1655 -2.922936 -0.719893 -2.081769
1656 -2.230604 -0.604602 -1.790035
1657 -2.892766 -0.717547 -2.08557
1658 -2.001036 -0.615063 -1.855395
1659 -2.924228 -0.696094 -2.084124
1660 -1.66208 -0.698567 -2.000387
1661 -2.68451 -0.331382 -1.73928
1662 -1.86793 -0.69856 -1.583493
1663 -2.502304 -0.670802 -1.576127
1664 -2.921212 -0.541685 -1.694581
1665 -2.771131 -0.600702 -2.060899
1666 -1.691951 -0.698563 -2.000179
1667 -2.921745 -0.331186 -1.697184
1668 -2.111982 0.901183 -1.790374
1669 -1.92434 -0.681225 -1.622869
1670 -2.052593 -0.658031 -1.724206
1671 -2.103548 -0.656265 -1.730261
1672 -2.684399 -0.51138 -1.739376
1673 -1.601945 0.9014 -2.900215
1674 -1.751811 -0.718793 -2.087219
1675 -2.531928 -0.653764 -2.20967
1676 -1.992075 0.901137 -1.790121
1677 -1.927514 -0.697271 -1.329237
1678 -1.872024 -0.693004 -1.340894
1679 -2.921987 -0.51152 -1.69721
1680 -2.68279 -0.299329 -1.730593
1681 -2.009889 -0.674112 -1.631185
1682 -1.932119 -0.674169 -1.61037
1683 -2.525617 -0.66722 -1.574903
1684 -1.903329 -0.674273 -1.606145
1685 -1.908352 -0.674662 -1.313347
1686 -2.946644 -0.313001 -1.690035
1687 -2.946328 -0.537635 -1.690359
1688 -2.101068 -0.674171 -1.375685
1689 -3.247963 -0.275513 -1.647535
1690 -3.230238 -0.2692 -1.637073
1691 -1.953606 -0.698721 -1.327568
1692 -1.876062 -0.68252 -1.37141
1693 -1.961756 -0.674127 -1.610367
1694 -2.713254 -0.331422 -1.734221
1695 -2.712646 -0.511178 -1.734404
1696 -1.99639 -0.690318 -1.308459
1697 -2.080972 -0.674175 -1.372637
1698 -3.072677 -0.699734 -2.09048
1699 -2.891904 -0.331332 -1.702482
1700 -2.892132 -0.511348 -1.702512
1701 -2.017405 -0.688969 -1.308539
1702 -3.23066 -0.24132 -1.61044
1703 -3.228347 -0.061222 -1.610344
1704 -1.932096 -0.698719 -1.310261
1705 -2.712351 -0.542558 -1.730852
1706 -1.842822 -0.674238 -1.579843
1707 -2.932939 -0.274502 -1.684636
1708 -2.11198 -0.698038 -2.628467
1709 -2.112504 -0.718132 -2.086661
1710 -1.959162 -0.688907 -1.730485
1711 -1.897035 -0.686705 -1.337995
1712 -3.224512 0.23871 -1.610212
1713 -2.00272 -0.684324 -1.325836
1714 -3.22874 -0.091162 -1.610267
1715 -2.232148 -0.698613 -1.400333
1716 -1.602477 -0.700804 -2.025332
1717 -2.02113 -0.698588 -1.645112
1718 -3.22789 -0.031408 -1.550363
1719 -1.804787 -0.802576 -1.231228
1720 -3.22604 0.118572 -1.61028
1721 -2.926121 -0.718657 -2.073134
1722 -1.839539 -0.688994 -1.370422
1723 -1.722061 -0.718824 -2.087257
1724 -2.081441 -0.669827 -2.604939
1725 -1.842009 -0.799548 -1.230641
1726 -3.22481 0.208671 -1.550361
1727 -3.247962 -0.301257 -1.6405
1728 -3.229118 -0.121183 -1.610317
1729 -3.226437 0.088657 -1.610301
1730 -2.891766 -0.542478 -1.699131
1731 -1.874601 -0.674397 -1.60085
1732 -1.930212 -0.674228 -1.315325
1733 -3.225183 0.178739 -1.550321
1734 -3.226007 0.118595 -1.580324
1735 -3.224382 0.238549 -1.520267
1736 -3.224752 0.208562 -1.520163
1737 -3.225226 0.178832 -1.58048
1738 -3.227797 -0.031333 -1.49024
1739 -3.224838 0.208826 -1.580389
1740 -3.229884 -0.18145 -1.610277
1741 -3.230267 -0.211376 -1.610135
1742 -3.229462 -0.151263 -1.580521
1743 -2.861816 -0.54253 -1.704435
1744 -3.224343 0.238827 -1.490307
1745 -3.22853 -0.091346 -1.460382
1746 -3.228264 -0.061295 -1.5503
1747 -3.226252 0.088786 -1.490366
1748 -2.112057 0.901152 -1.700229
1749 -3.228307 -0.061225 -1.580149
1750 -3.227958 -0.031274 -1.610406
1751 -1.817214 -0.692886 -1.37007
1752 -3.226216 0.088727 -1.460394
1753 -3.225836 0.118656 -1.460514
1754 -2.092748 -0.698675 -1.334937
1755 -3.225063 0.178614 -1.46023
1756 -2.171962 0.90121 -1.790337
1757 -1.979609 -0.674213 -1.32441
1758 -2.556707 -0.668144 -1.56826
1759 -2.861957 -0.33134 -1.7078
1760 -2.44068 -0.653788 -2.238311
1761 -3.228492 -0.091477 -1.430324
1762 -3.224419 0.238626 -1.550268
1763 -3.225031 0.178697 -1.430342
1764 -3.224724 0.208685 -1.490063
1765 -3.225878 0.118771 -1.4906
1766 -3.229839 -0.181259 -1.580367
1767 -1.958796 -0.67422 -1.320605
1768 -2.862206 -0.511358 -1.707833
1769 -2.502403 -0.671546 -1.550834
1770 -1.746665 -0.708253 -2.046733
1771 -2.111918 0.901138 -1.670326
1772 -2.531483 -0.669416 -1.550883
1773 -2.723721 -0.601158 -2.00006
1774 -3.228145 -0.061445 -1.46025
1775 -3.229645 -0.181326 -1.430194
1776 -3.247924 -0.284627 -1.610263
1777 -2.607856 -0.571692 -1.802617
1778 -2.141909 0.901117 -1.580324
1779 -3.224214 0.238607 -1.400408
1780 -3.22613 0.088657 -1.400257
1781 -3.22818 -0.061306 -1.490292
1782 -3.226602 0.058743 -1.460205
1783 -3.228685 -0.091246 -1.580186
1784 -2.202218 0.900205 -1.370518
1785 -3.224563 0.208662 -1.37044
1786 -3.225335 0.148675 -1.370171
1787 -3.226493 0.058692 -1.370228
1788 -3.227629 -0.031278 -1.37031
1789 -2.112035 0.901095 -1.550372
1790 -3.225759 0.118574 -1.40024
1791 -2.142021 0.901195 -1.79025
1792 -3.229751 -0.181255 -1.520377
1793 -2.712173 -0.300327 -1.726039
1794 -2.14254 -0.718286 -2.086618
1795 -2.604637 -0.571213 -1.787704
1796 -3.224143 0.238837 -1.340536
1797 -3.227977 -0.061135 -1.340307
1798 -3.230524 -0.269102 -1.610352
1799 -1.842173 0.901085 -1.790384
1800 -3.228103 -0.06137 -1.430274
1801 -2.112163 0.901052 -1.43027
1802 -2.111752 0.901112 -1.58044
1803 -3.225153 0.178753 -1.520152
1804 -3.228224 -0.061314 -1.520397
1805 -2.601031 -0.600182 -1.759949
1806 -1.842588 -0.699985 -2.090427
1807 -2.11197 0.900153 -1.370619
1808 -2.141925 0.900189 -1.370494
1809 -3.226058 0.088588 -1.34037
1810 -2.111885 0.901066 -1.460183
1811 -1.842342 0.901051 -1.700313
1812 -3.226862 0.028727 -1.370246
1813 -1.841957 0.90104 -1.670278
1814 -3.227944 -0.061317 -1.31036
1815 -3.227837 -0.031376 -1.520175
1816 -2.112127 0.901162 -1.730276
1817 -3.225451 0.148587 -1.460412
1818 -3.229994 -0.211345 -1.400619
1819 -1.992114 0.900019 -1.370498
1820 -2.022078 0.900105 -1.370619
1821 -1.783623 0.898587 -1.79016
1822 -1.872168 0.901097 -1.790355
1823 -3.225712 0.118654 -1.370323
1824 -3.229762 -0.268969 -1.254418
1825 -3.224824 0.178555 -1.280561
1826 -3.247414 -0.27516 -1.24289
1827 -1.842014 0.901 -1.580354
1828 -2.112132 0.900982 -1.220311
1829 -3.227903 -0.061412 -1.280182
1830 -3.225976 0.088629 -1.280375
1831 -2.17197 0.900198 -1.37054
1832 -3.226093 0.088586 -1.370375
1833 -3.224857 0.178614 -1.310406
1834 -3.22541 0.148521 -1.430274
1835 -2.404101 -0.663842 -2.209512
1836 -1.991494 -0.674207 -1.341585
1837 -2.742166 -0.51121 -1.729161
1838 -2.202012 0.897754 -1.310419
1839 -1.961969 0.900046 -1.370522
1840 -1.991886 0.897752 -1.310297
1841 -3.229445 -0.181325 -1.28028
1842 -3.247427 -0.301282 -1.250116
1843 -1.992305 -0.719915 -2.087179
1844 -2.111907 0.900969 -1.190259
1845 -3.227128 -0.001365 -1.280381
1846 -3.230213 -0.241298 -1.280437
1847 -3.248846 -0.691553 -2.180605
1848 -3.228653 -0.091158 -1.55025
1849 -3.22861 -0.09131 -1.520416
1850 -1.962363 -0.674214 -1.340227
1851 -2.11219 0.897751 -1.310429
1852 -2.172131 0.89785 -1.310165
1853 -2.742231 -0.481337 -1.729134
1854 -3.22831 -0.091273 -1.310262
1855 -3.227246 -0.001374 -1.370233
1856 -3.23008 -0.269209 -1.280295
1857 -2.833709 -0.331219 -1.712807
1858 -2.141864 0.897731 -1.31041
1859 -3.229044 -0.151354 -1.280331
1860 -3.228278 -0.091393 -1.280301
1861 -3.229827 -0.211342 -1.280415
1862 -3.230228 -0.211311 -1.580225
1863 -3.22936 -0.151159 -1.520389
1864 -1.990409 -0.673685 -1.61041
1865 -1.902063 0.899985 -1.370546
1866 -1.842147 0.900961 -1.460269
1867 -3.247446 -0.284637 -1.280677
1868 -3.225372 0.148725 -1.400273
1869 -3.227417 -0.001242 -1.490221
1870 -2.201546 -0.721289 -2.087334
1871 -2.142299 0.900981 -1.190559
1872 -2.559018 -0.667301 -1.550291
1873 -2.201759 0.901218 -1.790415
1874 -2.828497 -0.681192 -1.341455
1875 -1.992224 -0.639406 -1.733885
1876 -1.841854 0.899951 -1.370573
1877 -1.872146 0.899978 -1.370588
1878 -2.142207 0.90113 -1.610283
1879 -3.227452 -0.001406 -1.520287
1880 -2.112239 0.900939 -1.100507
1881 -2.112019 0.901122 -1.610453
1882 -1.842348 0.901486 -2.900423
1883 -3.227605 -0.031184 -1.340187
1884 -2.710768 -0.690262 -1.940206
1885 -2.818412 -0.332298 -1.715581
1886 -2.589139 -0.666424 -1.543317
1887 -2.112015 0.900926 -1.070425
1888 -2.141886 0.900938 -1.07049
1889 -2.80273 -0.511243 -1.718396
1890 -1.601991 -0.700883 -1.250352
1891 -3.229949 -0.211376 -1.370464
1892 -3.22909 -0.151315 -1.310319
1893 -3.229862 -0.211211 -1.310309
1894 -1.872046 -0.674156 -1.58026
1895 -1.931989 -0.674224 -1.340024
1896 -3.229594 -0.18138 -1.400292
1897 -2.772281 -0.511272 -1.72381
1898 -3.229467 -0.181288 -1.310451
1899 -2.77082 -0.680035 -1.368536
1900 -2.171903 -0.719242 -2.08683
1901 -2.930369 -0.634632 -2.069879
1902 -3.229902 -0.211356 -1.34045
1903 -3.22836 -0.091131 -1.340362
1904 -3.227174 -0.001399 -1.310402
1905 -3.225795 0.118585 -1.430344
1906 -2.802354 -0.331472 -1.71839
1907 -2.021907 -0.751332 -2.093219
1908 -2.741704 -0.542359 -1.725949
1909 -2.742387 -0.331114 -1.729048
1910 -2.922283 -0.748952 -2.081214
1911 -1.931463 -0.749945 -2.092812
1912 -3.248801 -0.690873 -2.151936
1913 -3.248848 -0.706703 -2.155355
1914 -1.482008 0.901356 -2.900252
1915 -1.844985 -0.744526 -2.091714
1916 -2.111528 0.900896 -0.980244
1917 -2.931514 -0.638739 -2.076385
1918 -2.529523 -0.680074 -1.454706
1919 -2.141974 0.900895 -0.950326
1920 -3.225672 0.118605 -1.340378
1921 -2.112286 0.901077 -1.49053
1922 -2.600206 -0.571232 -1.759968
1923 -2.112045 0.900887 -0.950501
1924 -2.718352 -0.601177 -1.97016
1925 -1.871928 0.897739 -1.31043
1926 -1.89227 -0.69864 -1.591328
1927 -1.962108 0.90084 -0.980281
1928 -2.442516 -0.694469 -2.17152
1929 -2.604681 -0.598419 -1.785207
1930 -1.811971 0.89996 -1.370721
1931 -1.812007 0.897621 -1.310602
1932 -1.84187 0.897619 -1.310669
1933 -1.991819 -0.751768 -2.093345
1934 -1.872085 0.901074 -1.730491
1935 -1.7832 0.897487 -1.368559
1936 -1.842245 0.900789 -0.980329
1937 -1.841945 0.901057 -1.730358
1938 -1.842079 0.901019 -1.610187
1939 -2.112192 0.90099 -1.250305
1940 -1.961894 0.897754 -1.310306
1941 -1.842472 0.900861 -1.19049
1942 -2.11224 0.897968 -0.860124
1943 -1.84209 0.900778 -0.950525
1944 -2.769075 -0.585524 -2.047623
1945 -1.992151 0.897921 -0.860295
1946 -2.727367 -0.616393 -2.010094
1947 -1.871666 -0.753117 -2.093839
1948 -1.812174 0.897846 -0.860407
1949 -2.727341 -0.602862 -2.014876
1950 -1.962546 -0.75043 -2.093131
1951 -2.111905 0.900868 -0.8903
1952 -3.228705 -0.121237 -1.310485
1953 -1.782839 0.895987 -1.313124
1954 -1.842028 0.900758 -0.890375
1955 -1.992421 0.900817 -0.890558
1956 -2.10849 -0.668571 -2.606646
1957 -2.472499 -0.69269 -2.168878
1958 -2.111715 0.900948 -1.130377
1959 -1.779944 -0.752173 -2.0878
1960 -2.171899 0.900893 -0.890428
1961 -2.772201 -0.331286 -1.723742
1962 -2.930363 -0.599925 -2.058231
1963 -2.923818 -0.749198 -2.073515
1964 -3.248767 -0.692691 -2.121998
1965 -3.163872 -0.753147 -2.090464
1966 -2.022692 -0.777862 -2.09503
1967 -2.982096 -1.142193 0.158111
1968 -1.930991 -0.779642 -2.095157
1969 -3.021309 -1.134512 0.177439
1970 -3.030989 -1.136905 0.172641
1971 -3.008072 -1.138238 0.163883
1972 -3.044454 -1.138487 0.191772
1973 -3.245156 -0.214428 0.45069
1974 -3.220209 0.208184 0.44225
1975 -3.228101 -0.210237 0.460141
1976 -3.227402 -0.1514 0.460268
1977 -3.22587 -0.061447 0.489637
1978 -3.225327 -0.031363 0.48962
1979 -3.22747 -0.151248 0.489544
1980 -3.221588 0.178579 0.489411
1981 -3.227466 -0.210064 0.442219
1982 -3.227999 -0.181296 0.489579
1983 -3.224752 -0.00134 0.460547
1984 -3.225816 -0.061246 0.460343
1985 -3.224797 -0.001378 0.489734
1986 -3.06596 -1.14171 0.223298
1987 -3.225817 -0.061472 0.519604
1988 -3.219985 0.224703 0.442288
1989 -3.226898 -0.121404 0.519771
1990 -3.22154 0.178588 0.460729
1991 -3.245144 -0.241314 0.459616
1992 -3.245 0.208858 0.449662
1993 -3.22209 0.148603 0.519644
1994 -3.059649 -1.134778 0.200568
1995 -3.22693 -0.121415 0.489635
1996 -3.053801 -1.144563 0.209327
1997 -3.226353 -0.091433 0.51948
1998 -3.227777 -0.181308 0.669572
1999 -3.226387 -0.091371 0.489488
2000 -3.22773 -0.181081 0.69965
2001 -3.245179 -0.211378 0.429868
2002 -3.222123 0.148578 0.489547
2003 -3.222618 0.118619 0.519636
2004 -3.227696 -0.181305 0.729693
2005 -3.224753 -0.001127 0.519691
2006 -3.221551 0.178664 0.519505
2007 -3.220884 0.208778 0.489685
2008 -3.245303 -1.171302 0.609648
2009 -3.227234 -0.151239 0.669613
2010 -3.158056 -0.543174 0.887022
2011 -3.225288 -0.031295 0.519596
2012 -3.227435 -0.151394 0.519516
2013 -1.960374 -0.781166 -2.09512
2014 -3.245298 -1.195946 0.611111
2015 -2.832766 -0.692142 0.728794
2016 -2.725161 -0.757325 0.636681
2017 -3.245712 -1.198208 0.306026
2018 -2.861938 -0.688287 0.753513
2019 -3.161937 -0.701814 0.617076
2020 -3.227392 -0.181337 0.969612
2021 -2.87394 -0.680944 0.776514
2022 -3.186071 -0.70188 0.617202
2023 -2.887393 -0.674706 0.795713
2024 -3.029917 -0.597897 0.913458
2025 -3.132141 -0.755984 0.626067
2026 -3.245338 -1.17118 0.579756
2027 -3.040939 -0.631591 0.939577
2028 -3.032522 -0.656477 0.96759
2029 -2.861304 -0.693283 0.73273
2030 -3.05754 -0.571628 0.955537
2031 -3.227358 -0.181278 0.999676
2032 -3.030273 -0.571913 0.915359
2033 -2.791666 -0.674788 0.710733
2034 -3.033795 -0.656761 0.940733
2035 -3.036471 -0.631047 0.969447
2036 -3.227247 -0.181189 1.089711
2037 -3.094812 -0.489399 1.02465
2038 -3.244429 -0.536241 1.119357
2039 -3.037711 -0.570313 0.968396
2040 -3.224051 -0.001462 1.089652
2041 -2.855861 -0.674711 0.768236
2042 -3.15447 -0.781163 0.626025
2043 -3.223544 0.02861 1.059667
2044 -3.226646 -0.210024 1.11068
2045 -3.220862 0.178757 1.059494
2046 -3.227276 -0.18153 1.059665
2047 -3.244349 -0.2255 1.090066
2048 -2.804814 -0.694643 0.722841
2049 -3.24433 -0.536619 1.184084
2050 -3.025877 -0.597511 0.971055
2051 -3.220843 0.178842 1.089649
2052 -3.095808 -0.511215 1.022581
2053 -3.026902 -0.585504 0.942535
2054 -2.712066 -1.321468 0.811523
2055 -2.77004 -0.674699 0.702062
2056 -3.244455 -0.535751 1.090117
2057 -2.725161 -0.781368 0.637397
2058 -3.131991 -0.781452 0.626055
2059 -2.861254 -0.674696 0.78983
2060 -2.840831 -0.689535 0.747502
2061 -3.224074 -0.001379 1.059615
2062 -3.244415 -0.511207 1.119439
2063 -3.186135 -0.721587 0.618992
2064 -3.226324 -0.181464 1.110696
2065 -3.244388 -0.536052 1.144574
2066 -2.738298 -1.321205 0.812421
2067 -3.227416 -0.210363 1.089607
2068 -2.733977 -1.049631 0.817257
2069 -2.771161 -0.696379 0.702086
2070 -3.245266 -1.171297 0.639426
2071 -2.759086 -0.674846 0.682406
2072 -3.026833 -0.588152 0.933187
2073 -3.01738 -0.689996 0.885718
2074 -2.738276 -1.291006 0.812911
2075 -3.244123 -0.534157 1.357694
2076 -3.244151 -0.536597 1.32934
2077 -3.227315 -0.181268 1.029579
2078 -3.224603 -0.031311 1.059406
2079 -2.735116 -0.761567 0.670332
2080 -2.831645 -0.674693 0.759865
2081 -3.13203 -0.542818 0.886963
2082 -3.083801 -0.490747 1.237705
2083 -3.244065 -0.533206 1.385314
2084 -2.909181 -0.674699 0.809263
2085 -2.747968 -0.675141 0.679466
2086 -3.084199 -0.490951 1.031868
2087 -3.227449 -0.210344 1.059584
2088 -3.244445 -0.511417 1.089581
2089 -3.159609 -0.690072 0.884761
2090 -3.22797 -0.18142 0.519535
2091 -2.738535 -0.688843 0.697758
2092 -3.221406 0.14856 1.059635
2093 -3.244352 -0.241386 1.089674
2094 -2.824102 -0.674758 0.739011
2095 -3.244784 -0.691263 0.879526
2096 -3.244821 -0.691306 0.84948
2097 -2.695932 -0.674842 1.01697
2098 -3.029638 -0.573087 1.30231
2099 -3.026207 -0.598133 1.300118
2100 -3.224 0.028646 0.699726
2101 -2.800403 -0.674688 0.73107
2102 -3.244398 -0.50922 1.145081
2103 -3.101896 -0.542808 0.886868
2104 -3.15861 -0.661335 0.886294
2105 -3.131947 -0.701865 0.617067
2106 -3.244808 -0.661276 0.849663
2107 -2.68494 -0.674821 0.996795
2108 -3.035389 -0.570104 1.355582
2109 -2.595489 -0.693255 0.966634
2110 -3.016093 -0.687543 0.909175
2111 -3.226741 -0.15118 1.059485
2112 -2.735115 -0.781419 0.671944
2113 -3.102272 -0.7558 0.626023
2114 -3.24529 -1.141263 0.60956
2115 -3.027078 -0.586231 1.313469
2116 -3.032547 -0.572143 0.992506
2117 -3.057467 -0.575241 1.339256
2118 -2.714235 -0.674824 1.023322
2119 -3.031275 -0.597688 1.301569
2120 -3.096753 -0.531157 1.023614
2121 -3.083427 -0.491327 1.209334
2122 -2.682126 -1.32126 0.810673
2123 -3.244505 -0.533954 1.059908
2124 -2.618683 -0.693802 0.970191
2125 -3.018028 -0.546424 1.37812
2126 -3.022178 -0.623964 1.377998
2127 -3.084151 -0.499061 1.210164
2128 -2.620943 -0.69908 0.938115
2129 -3.034116 -0.656236 1.33083
2130 -3.03533 -0.630785 1.355956
2131 -3.244018 -0.533461 1.421941
2132 -2.618276 -0.696705 0.908876
2133 -3.091447 -0.485355 1.236402
2134 -3.24486 -0.691294 0.81965
2135 -3.078749 -1.14384 0.24956
2136 -3.019033 -0.667903 1.329312
2137 -2.622755 -0.674824 0.938495
2138 -3.032463 -0.550136 1.377404
2139 -3.040618 -0.631512 1.329647
2140 -3.031702 -0.601257 1.37744
2141 -2.591715 -0.674821 0.908393
2142 -3.018019 -0.666934 1.300403
2143 -3.09004 -0.485516 1.210684
2144 -3.220915 0.178406 1.029486
2145 -2.712062 -1.054895 0.819829
2146 -3.245786 -1.351299 0.279169
2147 -2.742123 -0.631278 1.237679
2148 -2.7116 -0.674817 0.999376
2149 -3.015363 -0.689477 1.299769
2150 -2.631742 -0.674823 0.959234
2151 -2.959098 -0.699172 0.844
2152 -3.096986 -0.514416 1.240647
2153 -3.226773 -0.15113 1.029723
2154 -3.132206 -0.661445 0.886081
2155 -3.244775 -0.661403 0.879376
2156 -2.771676 -0.630991 1.232654
2157 -2.743362 -0.666625 1.219678
2158 -2.716167 -0.607257 1.252545
2159 -2.568356 -0.675027 0.903235
2160 -3.016045 -0.53781 1.359466
2161 -3.244335 -0.225439 1.059465
2162 -3.245815 -1.411353 0.279422
2163 -2.707639 -0.603143 1.259389
2164 -2.595741 -0.696143 0.941415
2165 -2.652727 -0.674813 0.939687
2166 -2.782317 -0.64476 1.223844
2167 -3.018192 -0.688404 1.271767
2168 -2.653977 -0.674824 0.967751
2169 -3.224113 -0.001317 1.029498
2170 -2.703752 -0.632982 1.267961
2171 -2.592222 -1.291629 0.809641
2172 -2.708658 -0.657431 1.233117
2173 -2.599678 -0.674828 0.931218
2174 -2.762348 -0.648444 1.225549
2175 -3.224644 -0.031397 1.029459
2176 -2.860798 -0.55313 1.485913
2177 -2.711205 -0.631986 1.243578
2178 -3.245743 -1.231858 0.302982
2179 -2.773333 -0.699199 0.721464
2180 -2.733209 -1.081725 0.811029
2181 -2.591977 -0.699321 0.909114
2182 -2.73959 -0.652167 1.227621
2183 -3.101925 -0.661362 0.886036
2184 -2.735089 -0.782128 0.699429
2185 -2.800694 -0.62663 1.229771
2186 -3.032335 -0.65639 1.356736
2187 -3.031452 -0.571234 1.377455
2188 -2.802393 -0.604514 1.238909
2189 -3.016984 -0.688142 1.327892
2190 -3.018663 -0.663183 1.269945
2191 -2.889836 -0.674695 0.817471
2192 -2.829993 -0.601149 1.47632
2193 -2.804538 -0.64099 1.221847
2194 -2.871112 -0.61308 1.223757
2195 -2.682114 -0.674815 0.969678
2196 -3.01959 -0.659962 1.001285
2197 -2.705042 -0.654729 1.270059
2198 -3.021683 -0.661729 1.35107
2199 -2.813576 -0.601231 1.48574
2200 -2.881404 -0.554024 1.493052
2201 -2.851359 -0.617701 1.22543
2202 -2.797219 -0.606527 1.661372
2203 -3.019508 -0.600492 1.378378
2204 -2.783147 -0.601195 1.573405
2205 -2.58745 -0.689556 0.875404
2206 -2.833293 -0.635833 1.219427
2207 -2.774375 -0.601451 1.59878
2208 -2.829284 -0.621572 1.227329
2209 -2.836673 -0.533189 1.434463
2210 -2.622231 -0.674814 0.910096
2211 -3.028789 -0.670729 1.269814
2212 -3.071981 -0.661169 0.885993
2213 -2.711945 -0.674803 0.969599
2214 -2.789257 -0.595718 1.641289
2215 -2.772568 -0.662206 1.216783
2216 -3.244309 -0.536292 1.209482
2217 -3.039889 -0.602997 0.941801
2218 -2.813657 -0.571342 1.485475
2219 -3.154447 -0.755765 0.626024
2220 -3.018194 -0.661078 1.239419
2221 -3.084535 -0.508963 1.242165
2222 -2.767671 -0.583032 1.619412
2223 -2.832021 -0.604741 1.233582
2224 -3.018842 -0.661615 1.02954
2225 -2.828193 -0.551161 1.47554
2226 -2.737014 -0.596393 1.25671
2227 -3.24468 -0.601343 0.936728
2228 -2.750874 -0.585043 1.616299
2229 -2.805229 -0.571307 1.509545
2230 -2.801915 -0.611903 1.680682
2231 -2.860028 -0.572282 1.482869
2232 -1.99129 -0.67152 0.854178
2233 -3.244053 -0.506865 1.39004
2234 -2.861944 -0.535521 1.442625
2235 -3.010738 -0.568041 1.536944
2236 -2.801871 -0.674702 0.759691
2237 -3.243474 -0.692978 1.900679
2238 -2.772749 -0.598226 1.634263
2239 -2.921549 -0.553986 1.506929
2240 -2.862395 -0.631869 1.216331
2241 -2.344364 -0.686294 1.057824
2242 -2.927658 -0.657728 1.590807
2243 -3.005772 -0.592607 1.510175
2244 -2.112101 -0.331316 1.142109
2245 -2.880794 -0.616878 1.493736
2246 -2.890272 -0.642656 1.562685
2247 -3.243464 -0.707949 1.92729
2248 -2.715497 -0.671411 1.222145
2249 -2.112116 -0.511277 1.14203
2250 -3.039463 -0.603011 1.331549
2251 -3.243605 -0.598835 1.773909
2252 -2.881607 -0.569576 1.493118
2253 -2.712001 -1.081233 0.812872
2254 -2.986588 -0.600306 1.528809
2255 -2.918875 -0.629553 1.545326
2256 -2.945279 -0.672593 1.572685
2257 -2.828199 -0.535823 1.446676
2258 -2.872065 -0.606806 1.429821
2259 -2.891298 -0.660823 1.571438
2260 -2.985795 -0.572624 1.528691
2261 -3.008024 -0.581498 1.510646
2262 -2.74195 -0.688724 1.208745
2263 -3.244286 -0.536262 1.239389
2264 -2.896377 -0.553998 1.498222
2265 -2.170463 -0.600681 1.152866
2266 -1.955751 -0.66308 1.659458
2267 -1.902372 -0.699775 1.568849
2268 -3.245626 -1.191616 0.337693
2269 -2.742351 -0.605025 1.248903
2270 -2.712268 -1.441553 0.811991
2271 -1.950598 -0.663907 1.629113
2272 -3.244326 -0.507726 1.181633
2273 -3.243003 -0.698715 2.261954
2274 -1.952672 -0.642019 1.630352
2275 -1.922381 -0.331468 1.072729
2276 -2.738426 -1.411438 0.812179
2277 -3.227728 -1.495975 1.209461
2278 -1.963495 -0.640675 1.657515
2279 -1.961199 -0.663621 1.689701
2280 -2.813989 -0.617075 1.487446
2281 -3.011165 -0.55406 1.537922
2282 -2.805289 -0.601293 1.509414
2283 -2.296014 -0.661415 1.089538
2284 -3.244003 -0.533847 1.450006
2285 -2.094571 -0.511038 1.135629
2286 -3.243436 -0.695761 1.928887
2287 -2.918732 -0.664974 1.572056
2288 -3.227434 -1.496038 1.239357
2289 -2.089581 -0.661307 1.119566
2290 -2.089542 -0.661335 1.149622
2291 -3.162333 -1.49912 1.149485
2292 -2.86114 -0.603737 1.228812
2293 -2.34152 -0.688065 1.087824
2294 -3.245812 -1.381362 0.279268
2295 -3.24578 -1.351433 0.3061
2296 -2.045102 -0.686921 1.938907
2297 -1.98815 -0.67099 0.815385
2298 -2.682217 -1.291272 0.811847
2299 -2.591787 -1.054576 0.818246
2300 -2.738205 -1.441437 0.812396
2301 -2.917325 -0.674555 1.550539
2302 -2.891564 -0.63178 1.543172
2303 -2.788353 -0.600972 1.558483
2304 -3.23462 -1.472095 1.239445
2305 -2.053589 -0.685751 1.949061
2306 -2.591429 -1.261039 0.809251
2307 -1.874374 -0.699767 1.538968
2308 -2.794874 -0.601251 1.539552
2309 -2.712048 -1.411367 0.811441
2310 -3.234587 -1.472391 1.267546
2311 -2.947097 -0.666154 1.59543
2312 -2.71204 -1.291015 0.812591
2313 -2.020354 -0.671772 0.858806
2314 -2.712216 -1.351315 0.81123
2315 -2.88149 -0.608091 1.493079
2316 -3.191804 -1.499129 1.179351
2317 -1.869157 -0.699798 1.599574
2318 -2.829281 -0.617004 1.478064
2319 -1.991282 -0.673179 0.789997
2320 -3.244321 -0.241264 1.119487
2321 -3.034211 -0.544896 0.994778
2322 -3.191806 -1.499144 1.209316
2323 -2.712278 -1.260962 0.812312
2324 -2.863825 -0.592992 1.448164
2325 -3.242976 -0.696346 2.289778
2326 -2.773912 -0.756017 0.625556
2327 -2.143088 -0.692228 1.087765
2328 -2.696405 -0.666637 1.229435
2329 -2.755365 -0.558914 1.581764
2330 -3.224416 -0.001278 0.78963
2331 -2.801991 -0.755934 0.625592
2332 -2.711542 -1.230472 0.812754
2333 -2.738609 -1.351244 0.812121
2334 -2.086779 -0.689804 1.119452
2335 -2.730598 -1.244916 0.8127
2336 -2.295972 -0.637802 1.065954
2337 -3.245789 -1.381499 0.30703
2338 -2.385096 -0.691929 1.087678
2339 -3.245116 -0.751304 0.63947
2340 -2.29559 -0.662397 1.060768
2341 -3.245107 -0.753516 0.657829
2342 -2.737825 -1.469967 0.813862
2343 -2.837014 -0.510998 1.434457
2344 -2.652051 -1.261014 0.811178
2345 -3.019749 -0.584571 1.488395
2346 -2.62211 -1.291287 0.810703
2347 -2.408781 -0.679748 0.814742
2348 -3.226139 -0.091406 0.699588
2349 -2.828486 -0.511654 1.446604
2350 -2.023743 -0.670243 0.818519
2351 -3.026852 -0.631547 0.978053
2352 -3.245265 -1.198023 0.640291
2353 -2.295771 -0.637203 1.089587
2354 -2.652152 -1.291176 0.811299
2355 -2.387154 -0.680356 0.817386
2356 -3.162433 -1.499133 1.179568
2357 -3.24362 -0.635807 1.774944
2358 -3.245246 -1.171427 0.658264
2359 -1.724933 -0.688918 1.83884
2360 -3.245784 -1.411504 0.307592
2361 -1.746332 -0.583646 1.900069
2362 -2.020634 -0.69976 1.629949
2363 -2.592197 -1.441294 0.80954
2364 -2.860945 -0.58468 1.458921
2365 -1.929378 -0.707831 1.463479
2366 -1.84128 -0.685749 1.298201
2367 -3.234585 -1.451519 1.266937
2368 -2.021024 -0.694813 1.122287
2369 -2.346528 -0.632284 1.356858
2370 -1.991658 -0.690852 1.117059
2371 -3.242918 -0.696595 2.31965
2372 -2.682166 -1.260802 0.811724
2373 -2.564507 -1.441313 0.817979
2374 -1.607218 -1.471328 0.618926
2375 -1.812504 -0.69774 1.298738
2376 -2.621427 -1.260818 0.810144
2377 -2.295508 -0.637274 1.299481
2378 -2.734016 -1.042177 0.848902
2379 -2.411133 -0.691057 0.791454
2380 -1.623042 -1.471127 2.228319
2381 -2.734594 -1.199181 0.789511
2382 -2.437095 -0.689016 0.812385
2383 -1.605861 -1.47139 2.22983
2384 -3.183544 -1.171092 0.621017
2385 -3.229374 -1.495534 1.267908
2386 -1.778446 -0.690451 1.834849
2387 -2.552222 -1.441406 1.179467
2388 -2.565169 -1.470261 0.819335
2389 -2.951984 -1.109456 0.610238
2390 -2.552612 -1.471013 1.209356
2391 -1.901972 -0.702944 1.464212
2392 -3.242207 -1.440037 -0.888404
2393 -1.812862 -0.694232 1.268791
2394 -3.245275 -1.198225 0.658557
2395 -2.981126 -0.803844 0.610051
2396 -2.741072 -0.991365 0.620439
2397 -2.551718 -1.441241 1.209631
2398 -2.592129 -1.470333 0.811096
2399 -1.623954 -1.471296 0.6184
2400 -1.602665 -1.471037 -1.252995
2401 -2.952039 -0.803681 0.610022
2402 -2.981099 -0.956577 0.610136
2403 -2.95202 -0.956584 0.610116
2404 -1.603354 -1.495728 2.228132
2405 -2.922144 -1.211853 0.621078
2406 -3.244924 -1.433859 0.307448
2407 -2.567414 -1.056776 0.822226
2408 -1.902019 -1.499828 1.989072
2409 -1.601581 -1.49513 1.47453
2410 -1.600265 -1.471228 0.636749
2411 -2.921411 -0.804737 0.612767
2412 -1.603415 -1.496924 0.612013
2413 -3.166705 -1.171248 0.621382
2414 -2.92148 -0.957625 0.612672
2415 -1.604759 -1.471326 1.473157
2416 -2.921934 -1.227704 0.620623
2417 -2.052748 -0.699763 1.630055
2418 -2.732996 -1.198458 0.810551
2419 -3.101621 -1.227675 0.620884
2420 -2.981284 -1.109464 0.610312
2421 -1.629939 -1.497095 2.227518
2422 -2.921543 -1.110722 0.612871
2423 -3.101441 -1.211926 0.621279
2424 -1.596421 -1.496575 0.638679
2425 -2.741136 -1.021225 0.620432
2426 -3.245117 -0.781312 0.639576
2427 -3.072198 -1.227647 0.620843
2428 -3.071836 -1.211862 0.621224
2429 -1.605073 -1.471076 -1.26932
2430 -2.89209 -1.227636 0.620585
2431 -1.630589 -1.497561 0.610901
2432 -3.245693 -1.434134 0.327006
2433 -2.720288 -1.227693 0.669597
2434 -0.882142 -1.499031 -0.590329
2435 -1.272076 -1.499 -0.5004
2436 -1.002112 -1.499055 -0.500346
2437 -1.24213 -1.498835 -0.860343
2438 -3.234534 -1.451862 1.296024
2439 -2.712027 -1.470584 0.813562
2440 -1.873332 -1.499843 1.987509
2441 -3.234558 -1.472821 1.298494
2442 -1.87479 -1.499853 2.017506
2443 -3.231879 -1.494669 1.296471
2444 -1.332724 -1.448161 3.353183
2445 -3.194211 -1.499156 1.23707
