0 0 0 0 0 0 0 1
1 -0.0833303 0.0483583 0.00760458 0.0108775 0.0135858 -0.00318263 0.999843
2 -0.0228092 0.00380252 -0.0182994 0.00118738 0.00211968 -0.00223666 0.999995
3 -0.0324091 0.00680746 -0.0157149 0.00149042 0.00243995 -0.00214554 0.999994
4 -0.145754 0.0987864 -0.00117909 0.0216864 0.0224648 -0.00336705 0.999507
5 -0.13982 0.110872 0.0121206 0.0224564 0.0214887 -5.88671e-05 0.999517
6 0.0104162 0.00474247 -0.0139567 -0.000238956 -0.00284722 -0.00374032 0.999989
7 -0.0175534 0.0273724 -0.00698496 0.0047142 0.00163952 -0.00335971 0.999982
8 -0.0896117 0.0326479 -0.00133431 0.00450957 0.0126697 -0.00103486 0.999909
9 0.0197873 -0.0141611 -0.015833 -0.0050491 -0.00559185 -0.000632896 0.999971
10 -0.018063 0.010935 -0.0109416 -0.000912398 0.000148145 0.000386255 0.999999
11 -0.0902408 0.138249 -0.00069186 0.0280203 0.0145226 -0.00157185 0.999501
12 -0.0338188 0.0363176 -0.0171816 0.00332487 0.000167511 0.00174359 0.999993
13 -0.0655117 0.0629915 0.000814667 0.0124482 0.00765337 -0.00187366 0.999891
14 -0.109466 0.130553 -0.00200767 0.0242519 0.0150335 0.00211273 0.999591
15 -0.129578 0.102763 0.00633547 0.0178005 0.0175197 0.00333828 0.999682
16 -0.0494116 0.0286453 -0.00382804 0.00456961 0.0053904 0.00152792 0.999974
17 -0.0759435 0.0812988 0.00534634 0.013095 0.00843029 0.00230768 0.999876
18 -0.104901 0.103456 -0.00608447 0.017709 0.0130412 0.00251176 0.999755
19 -0.0569031 0.0698559 -0.00899348 0.0110758 0.00518997 0.00218637 0.999923
20 -0.0717227 0.0298501 -0.0160019 0.00348989 0.00790688 0.00338037 0.999957
21 -0.0210688 0.0169599 -0.0208475 0.00249508 0.00236804 0.00332971 0.999989
22 -0.01383 0.0227327 -0.0154165 0.00283055 0.00201529 0.00395863 0.999986
23 -0.0495781 0.0425996 -0.0182378 0.00818164 0.010315 0.00265319 0.99991
24 -0.0647738 0.0480131 -0.00923917 0.00992546 0.0147595 0.00432989 0.999832
25 -0.0144029 0.00610959 -0.0212773 0.000963871 0.00720343 0.00406375 0.999965
26 -0.0536323 0.0866742 -0.0275076 0.0144023 0.0148513 0.00202011 0.999784
27 -0.0836436 0.0670323 -0.0220987 0.0133004 0.0235348 0.00697171 0.99961
28 -0.0922434 0.0594336 -0.0214485 0.0106759 0.0271073 0.00699291 0.999551
29 -0.0872605 0.0513108 -0.0140987 0.0100665 0.0284345 0.00701591 0.99952
30 -0.0330918 0.00552199 -0.0342577 0.000189278 0.0227885 0.0073644 0.999713
31 -0.0194881 -0.0269231 -0.0129059 -0.00482262 0.0237796 0.00912733 0.999664
32 -0.0962924 0.0599833 -0.00586994 0.0126849 0.0430538 0.00874083 0.998954
33 0.000786908 -0.000507189 -0.0262743 0.000406038 0.0297893 0.00878463 0.999518
34 0.00372286 0.0240891 -0.0346872 0.00256058 0.0323502 0.00879926 0.999435
35 -0.071637 -0.0124448 -0.0162728 -0.000963179 0.0504588 0.0117749 0.998656
36 -0.114941 0.123488 -0.0130853 0.0264442 0.0632378 0.0071795 0.997622
37 -0.0680999 0.132025 -0.0188406 0.0256214 0.0582602 0.00708689 0.997947
38 -0.093296 0.0421816 -0.0164658 0.0115571 0.0650562 0.0111587 0.997752
39 0.0945075 -0.00129138 -0.0572214 -0.00417874 0.0382254 0.0138131 0.999165
40 0.0342132 0.00444433 -0.0497719 -0.000728004 0.0537904 0.0146613 0.998444
41 0.0553683 -0.0155795 -0.0420303 -0.00341943 0.0537315 0.0132901 0.998461
42 0.125906 -0.0195879 -0.0892042 -0.00889928 0.0429179 0.0159435 0.998912
43 0.112992 -0.0320106 -0.117679 -0.0111412 0.0476222 0.0161313 0.998673
44 0.132107 -0.0670545 -0.107862 -0.0191669 0.0480368 0.0190231 0.99848
45 0.02685 -0.0669608 -0.0453979 -0.0135954 0.0721065 0.0235674 0.997026
46 0.016947 -0.13323 -0.0732179 -0.0295118 0.0787196 0.0226661 0.996202
47 0.0642307 -0.133722 -0.100732 -0.0252059 0.0714183 0.0243784 0.99683
48 0.138624 -0.143972 -0.128908 -0.0349501 0.0604821 0.0225059 0.997303
49 0.188278 -0.186104 -0.152366 -0.0422689 0.054443 0.0226957 0.997364
50 0.154691 -0.165795 -0.150157 -0.0404279 0.0634505 0.0229566 0.996902
51 0.0503866 -0.123539 -0.0627814 -0.0245015 0.0905354 0.0248463 0.995282
52 0.178989 -0.148124 -0.165271 -0.0363147 0.0642167 0.019872 0.997077
53 0.167143 -0.0683118 -0.161932 -0.0210734 0.0698621 0.0220454 0.99709
54 0.13224 -0.0139551 -0.139805 -0.0104508 0.0819298 0.0237561 0.9963
55 0.147464 -0.0166876 -0.187272 -0.0123756 0.0780896 0.0293989 0.996436
56 0.200666 -0.0218262 -0.181272 -0.0134518 0.0771267 0.0205827 0.996718
57 0.138 -0.0242153 -0.124549 -0.0121436 0.0945687 0.0276286 0.995061
58 0.175464 -0.00477628 -0.140388 -0.00916526 0.094191 0.0249497 0.995199
59 0.165495 0.0343269 -0.152825 -0.00275502 0.0996128 0.0253283 0.9947
60 0.227911 -0.0260097 -0.166268 -0.0130085 0.0934973 0.0297426 0.99509
61 0.148573 -0.0277513 -0.116513 -0.0120848 0.112028 0.0340029 0.99305
62 0.14872 0.0117828 -0.140715 -0.00442927 0.115252 0.0359161 0.992677
63 0.119442 0.0275405 -0.118679 -0.00227415 0.124542 0.0366044 0.991536
64 0.287658 0.0148743 -0.219513 -0.00727686 0.0987017 0.0297269 0.994646
65 0.13831 -0.0385611 -0.138634 -0.0155768 0.129054 0.0357629 0.99087
66 0.0244927 -0.0551727 -0.0476955 -0.0180751 0.154028 0.0398262 0.987098
67 0.0249201 0.0222289 -0.0668694 -0.00618768 0.157205 0.038905 0.98678
68 0.103666 -0.046542 -0.0788254 -0.0186746 0.148089 0.0393479 0.988014
69 0.0673134 -0.168785 -0.0407638 -0.0399298 0.159134 0.0405867 0.985614
70 0.0712284 -0.0942613 -0.062363 -0.0273527 0.16149 0.0418545 0.985607
71 0.117063 0.0447983 -0.117744 -0.00529748 0.154611 0.0415305 0.987088
72 0.0645521 -0.0807469 -0.0550421 -0.0250755 0.170279 0.0437491 0.984105
73 0.0120766 -0.0391989 -0.0332067 -0.0188177 0.183767 0.0484654 0.981594
74 0.0607767 -0.075066 -0.0410187 -0.026183 0.179807 0.0461415 0.98227
75 0.164142 -0.00773377 -0.117839 -0.0158357 0.165452 0.0450569 0.985061
76 0.121411 0.00683215 -0.106116 -0.0123422 0.176166 0.0494357 0.983041
77 0.096738 -0.0470436 -0.0946172 -0.0212364 0.186127 0.048484 0.981099
78 0.0371062 -0.0554821 -0.0571523 -0.0223743 0.20141 0.0496663 0.977991
79 0.244283 -0.000266493 -0.15252 -0.0146858 0.170517 0.0504803 0.983951
80 0.157725 -0.0646942 -0.0959066 -0.0258292 0.191403 0.0479659 0.979998
81 0.104166 -0.0100751 -0.107489 -0.0179352 0.20264 0.0510094 0.977759
82 0.0889595 -0.0206106 -0.0843245 -0.0206969 0.210608 0.0512387 0.976007
83 0.141599 -0.0749716 -0.0906518 -0.0305282 0.206788 0.049388 0.976661
84 0.158113 -0.0970046 -0.10988 -0.0337274 0.208185 0.0475 0.976353
85 0.104021 -0.0762591 -0.0756999 -0.0300345 0.221123 0.0489933 0.973551
86 0.168249 -0.0392064 -0.120849 -0.0237144 0.214152 0.0506338 0.975199
87 0.175514 -0.0302723 -0.131036 -0.0211747 0.214812 0.0502813 0.97513
88 0.168839 -0.0708692 -0.113939 -0.0280539 0.220926 0.0509009 0.973557
89 0.137173 -0.0444052 -0.105565 -0.0233913 0.229579 0.0525381 0.97159
90 0.10806 0.0188262 -0.102721 -0.0125378 0.237478 0.0538649 0.969817
91 0.225496 -0.0739345 -0.145448 -0.0277353 0.222758 0.0529219 0.973041
92 0.149993 -0.0204972 -0.116243 -0.0184547 0.238675 0.0544526 0.969396
93 0.152766 -0.092654 -0.0758148 -0.0298903 0.245182 0.0533297 0.967548
94 0.160599 -0.039927 -0.118209 -0.0202058 0.246121 0.0544935 0.967495
95 0.161623 -0.0792164 -0.079714 -0.0273345 0.252415 0.0520835 0.96583
96 0.195908 0.0103969 -0.111858 -0.0130354 0.248299 0.0505469 0.967276
97 0.390213 0.0183905 -0.204166 -0.0139167 0.218663 0.045239 0.974652
98 0.373109 0.00862745 -0.183782 -0.0167528 0.225912 0.0405292 0.97316
99 0.212399 -0.0847184 -0.0983602 -0.0281104 0.258083 0.0497592 0.964431
100 0.234009 -0.0155625 -0.145055 -0.0175491 0.25378 0.0484896 0.965886
101 0.432615 -0.0300281 -0.197673 -0.0246284 0.22348 0.0371949 0.973687
102 0.187032 0.032599 -0.112229 -0.00904409 0.266466 0.0515632 0.962422
103 0.219311 -0.0178119 -0.115974 -0.0176855 0.2623 0.0481325 0.963623
104 0.193622 0.00647827 -0.132572 -0.0133535 0.267823 0.0487217 0.962143
105 0.444015 0.0206615 -0.181856 -0.0142576 0.230722 0.0370832 0.972208
106 0.214525 0.0288424 -0.101282 -0.00959732 0.268701 0.0461372 0.96207
107 0.280238 -0.00243314 -0.118672 -0.0160878 0.261049 0.0434976 0.964211
108 0.311765 0.0367783 -0.151161 -0.0097401 0.255564 0.0447799 0.965706
109 0.305365 0.0330029 -0.124721 -0.0109964 0.258986 0.0462247 0.964712
110 0.317137 0.0858598 -0.165264 -0.00173485 0.256612 0.0485322 0.965294
111 0.304752 0.026353 -0.169519 -0.013362 0.259537 0.0447435 0.964604
112 0.352017 -0.0194724 -0.16409 -0.0215828 0.255336 0.0473519 0.965451
113 0.371959 0.0575619 -0.16743 -0.0112461 0.253585 0.0442781 0.966234
114 0.401389 0.0379383 -0.183509 -0.0148752 0.251268 0.0452715 0.966744
115 0.384434 0.0231797 -0.161089 -0.018499 0.258386 0.048175 0.964662
116 0.445157 0.0468227 -0.181988 -0.0184462 0.250091 0.047119 0.966899
117 0.451548 0.00797459 -0.170046 -0.0254231 0.252066 0.0480644 0.966181
118 0.507791 0.0744452 -0.183773 -0.0147145 0.24547 0.0451035 0.968243
119 0.385518 0.0510109 -0.150573 -0.020848 0.267449 0.0495891 0.962069
120 0.507881 0.0803528 -0.184281 -0.0162938 0.251309 0.0430319 0.966813
121 0.504421 0.0095144 -0.199031 -0.0279752 0.25669 0.048449 0.964873
122 0.561001 0.0329876 -0.196163 -0.0255135 0.252511 0.0442662 0.966244
123 0.535749 0.0379909 -0.171368 -0.0230489 0.260361 0.0441232 0.964227
124 0.543546 0.0322336 -0.174131 -0.0239524 0.262163 0.0429875 0.963768
125 0.564891 0.0343742 -0.192663 -0.02316 0.261693 0.0439121 0.963873
126 0.538077 0.0336971 -0.174786 -0.0247551 0.270161 0.0454512 0.961423
127 0.545655 0.0385631 -0.148093 -0.0224221 0.270946 0.0440713 0.961324
128 0.527702 -0.0174099 -0.163666 -0.0307153 0.278665 0.0489351 0.958649
129 0.586772 0.0375642 -0.174856 -0.021338 0.270479 0.0424039 0.961555
130 0.60686 -0.00298106 -0.171513 -0.0276394 0.269578 0.0448517 0.961536
131 0.584407 -0.0210229 -0.143185 -0.0296088 0.2776 0.0483421 0.959023
132 0.613915 0.023378 -0.172728 -0.022357 0.275874 0.0439101 0.95993
133 0.589104 0.0350566 -0.116251 -0.0216246 0.28206 0.0447238 0.95811
134 0.639526 0.00353951 -0.143755 -0.0270803 0.276235 0.0473708 0.95954
135 0.59597 -0.0404581 -0.111231 -0.0304976 0.286942 0.046214 0.956346
136 0.637916 -0.0697918 -0.106297 -0.0339104 0.281781 0.0442731 0.957857
137 0.58267 -0.00891061 -0.0903035 -0.0234045 0.291226 0.0444355 0.955335
138 0.582473 -0.0347441 -0.0789687 -0.0272278 0.292416 0.0440045 0.95489
139 0.619351 -0.0601923 -0.107722 -0.0315157 0.288117 0.0477105 0.955887
140 0.673057 -0.020592 -0.111361 -0.0246477 0.27883 0.045665 0.958937
141 0.681852 0.00346936 -0.12272 -0.0188949 0.278699 0.0404146 0.959342
142 0.582903 -0.0302401 -0.0397599 -0.0243943 0.297214 0.0442083 0.953475
143 0.677321 -0.0852402 -0.0910039 -0.0350628 0.281468 0.0441683 0.957912
144 0.70285 -0.00783623 -0.0710061 -0.0212923 0.278694 0.0429816 0.959181
145 0.723435 -0.00880865 -0.0924967 -0.0219185 0.275099 0.0435657 0.960178
146 0.735251 -0.0136617 -0.0833192 -0.020994 0.275003 0.0424783 0.960275
147 0.693343 -0.0529772 -0.0846829 -0.0275138 0.282581 0.0397179 0.958026
148 0.715852 -0.0315174 -0.0687438 -0.0241912 0.277338 0.0429686 0.959506
149 0.725197 -0.0306363 -0.0519497 -0.0251253 0.276486 0.0422799 0.959759
150 0.757007 -0.0349915 -0.0568102 -0.0255237 0.271737 0.0402543 0.96119
151 0.76306 -0.0792042 -0.0449798 -0.0320056 0.272131 0.0413867 0.960837
152 0.742581 -0.07287 -0.0140956 -0.0286651 0.276141 0.0448744 0.959641
153 0.715199 -0.0318549 -0.0250963 -0.0219209 0.280442 0.0442861 0.958598
154 0.728175 -0.0464257 -0.00281218 -0.0250715 0.279758 0.0422335 0.958814
155 0.765501 -0.0817355 -0.0114759 -0.0308671 0.274236 0.0414028 0.960275
156 0.752094 -0.0337391 -0.000278114 -0.0213837 0.276021 0.0379583 0.960164
157 0.78097 -0.0834958 0.00532628 -0.0300223 0.27319 0.035955 0.960819
158 0.797338 -0.0646577 0.0155937 -0.0257397 0.26965 0.0344863 0.961996
159 0.781857 -0.0190102 0.0420567 -0.0160991 0.273508 0.0337585 0.961142
160 0.76597 -0.0402639 0.0349155 -0.0183199 0.274488 0.0346023 0.960793
161 0.759916 -0.0379727 0.0600359 -0.0163021 0.274784 0.0292141 0.960924
162 0.839445 -0.0449029 0.0467622 -0.0192624 0.259046 0.0320303 0.965141
163 0.805413 -0.014042 0.0584395 -0.0111692 0.263312 0.027613 0.964251
164 0.898826 -0.0668365 0.0452822 -0.0209983 0.246305 0.027342 0.968579
165 0.854356 -0.0785949 0.0733992 -0.0210046 0.254497 0.0239239 0.966549
166 0.818873 -0.0764941 0.0841615 -0.0185291 0.258701 0.0238366 0.965485
167 0.856479 -0.0487984 0.113101 -0.0140674 0.250964 0.0242013 0.967591
168 0.828529 -0.131154 0.152064 -0.0290768 0.254262 0.0163202 0.96656
169 0.815188 -0.0785822 0.15237 -0.018089 0.256416 0.0226309 0.966132
170 0.831598 -0.0606481 0.158214 -0.0133761 0.251889 0.0197266 0.967463
171 0.816416 -0.118081 0.186691 -0.021833 0.254458 0.0237993 0.966544
172 0.887653 -0.112923 0.18741 -0.0182145 0.241106 0.0225633 0.970065
173 0.860473 -0.101243 0.221626 -0.0190781 0.245082 0.0250079 0.968992
174 0.898374 -0.102436 0.21703 -0.0150579 0.238095 0.0202262 0.970915
175 0.884673 -0.0740718 0.195692 -0.00854403 0.239195 0.016118 0.9708
176 0.865906 -0.129145 0.205742 -0.0169444 0.241629 0.0161519 0.970086
177 0.83958 -0.0741668 0.246032 -0.00939273 0.247673 0.019811 0.968596
178 0.873463 -0.0656887 0.247208 -0.0061974 0.239741 0.0185689 0.970639
179 0.979079 -0.0523021 0.191788 -0.00387498 0.216886 0.018845 0.976007
180 0.864251 -0.195376 0.293458 -0.0310255 0.237132 0.0131262 0.970893
181 0.913244 -0.0691171 0.241437 -0.00656545 0.223339 0.0133102 0.974628
182 0.898566 -0.1656 0.29377 -0.0219175 0.22419 0.0147449 0.974187
183 0.949786 -0.0629811 0.252436 -0.0043694 0.211616 0.0175045 0.977186
184 0.921461 -0.0964286 0.289702 -0.0106746 0.215514 0.0148358 0.97633
185 0.870512 -0.188214 0.295621 -0.0251638 0.223658 0.00835356 0.974307
186 0.914739 -0.0826826 0.289479 -0.00434343 0.214107 0.0116995 0.97673
187 0.954126 -0.0775174 0.270356 -0.00378796 0.205118 0.0112437 0.978665
188 0.921518 -0.170286 0.334681 -0.0216817 0.210613 0.0119637 0.977256
189 0.974699 -0.114859 0.325053 -0.011162 0.198473 0.0121561 0.979967
190 0.894256 -0.175504 0.355463 -0.0212359 0.212695 0.00845452 0.976851
191 0.939619 -0.167077 0.330677 -0.0146105 0.202243 0.00794638 0.979194
192 0.964103 -0.133622 0.350665 -0.00979088 0.196842 0.010833 0.980327
193 0.930831 -0.166658 0.368203 -0.0153619 0.20387 0.00901169 0.978836
194 0.936323 -0.16456 0.401843 -0.0145642 0.202798 0.0104282 0.979057
195 0.887663 -0.153011 0.40518 -0.0134475 0.210998 0.0107587 0.977335
196 0.920994 -0.282876 0.407682 -0.0367488 0.203885 0.000896973 0.978305
197 0.959117 -0.0996438 0.39513 -0.00113637 0.197642 0.00920558 0.98023
198 0.911402 -0.153434 0.446625 -0.0134693 0.205944 0.0082704 0.978436
199 0.923277 -0.149219 0.438648 -0.0113854 0.206587 0.00793042 0.97833
200 0.91284 -0.207138 0.488295 -0.0227258 0.208472 0.00457095 0.977754
201 0.963842 -0.154844 0.42821 -0.00890427 0.200709 0.00796939 0.979578
202 0.967204 -0.101314 0.448426 7.34929e-05 0.201271 0.0105359 0.979479
203 1.03407 -0.182267 0.423407 -0.0148948 0.190148 0.0104488 0.981587
204 1.0943 -0.052324 0.396804 0.0108831 0.180423 0.0157785 0.983402
205 1.04471 -0.124795 0.450228 -0.004302 0.191263 0.0155967 0.981405
206 1.06028 0.0392736 0.436881 0.0304596 0.185589 0.0207926 0.981935
207 1.06884 0.00994434 0.439613 0.0253267 0.186372 0.019871 0.981952
208 0.971637 -0.238149 0.499462 -0.0243615 0.207554 0.0102801 0.977866
209 0.972018 -0.17133 0.532297 -0.0102033 0.208162 0.0129106 0.977956
210 0.978201 -0.238215 0.520764 -0.0207537 0.208159 0.0157734 0.977748
211 1.02436 -0.174433 0.542015 -0.00841127 0.199996 0.0181906 0.979592
212 0.98621 -0.206981 0.573182 -0.011436 0.209568 0.0173048 0.977574
213 1.11933 -0.00568497 0.494329 0.0305591 0.183757 0.0245873 0.982189
214 0.997122 -0.17234 0.587842 -0.00422834 0.209869 0.0204672 0.977506
215 1.02675 -0.145293 0.574843 0.0040677 0.20492 0.0184205 0.978597
216 1.07641 -0.0813006 0.565099 0.01876 0.197555 0.0201483 0.979905
217 1.03699 -0.123334 0.581557 0.0103039 0.203763 0.0232543 0.97869
218 1.06036 -0.0625138 0.549966 0.0218144 0.202604 0.0240513 0.978722
219 0.985872 -0.237051 0.65809 -0.0130734 0.220001 0.0171037 0.975262
220 1.02158 -0.0315256 0.594994 0.0298754 0.211818 0.0281453 0.976447
221 1.01439 -0.160506 0.599323 0.00371596 0.212468 0.0221071 0.976911
222 0.968299 -0.192639 0.701295 -0.0046928 0.223998 0.0190889 0.974391
223 0.990702 -0.0912031 0.64545 0.0180889 0.215619 0.025111 0.975987
224 1.05596 -0.105342 0.632094 0.0132498 0.200207 0.0214431 0.979429
225 1.08231 -0.162793 0.616582 0.00304553 0.194847 0.0212934 0.980598
226 1.06064 -0.186442 0.650237 -0.00214087 0.201996 0.0201119 0.979177
227 1.05847 0.00236904 0.647416 0.0369105 0.20173 0.0304964 0.97827
228 1.05406 -0.0993867 0.651811 0.0171302 0.199627 0.0251786 0.979399
229 1.06821 -0.131272 0.700195 0.0106443 0.197628 0.0250508 0.979899
230 1.0939 -0.267365 0.688193 -0.0193958 0.190856 0.0218923 0.981182
231 1.06081 -0.0786402 0.711914 0.0191991 0.19572 0.0278837 0.980075
232 1.01244 -0.0881865 0.751876 0.0232416 0.20151 0.0228979 0.978943
233 1.03333 -0.139137 0.761435 0.0134041 0.196035 0.024281 0.980205
234 1.00359 -0.22531 0.802823 -0.00257862 0.202562 0.0215081 0.97903
235 0.995313 -0.135465 0.82582 0.0178186 0.202783 0.0215782 0.978824
236 1.00692 -0.0962194 0.807649 0.0278571 0.197287 0.0197917 0.97975
237 1.05167 -0.0880685 0.804359 0.0305404 0.183857 0.0145999 0.98237
238 1.03448 -0.0344212 0.817874 0.0419828 0.190217 0.021886 0.9806
239 1.0132 -0.188448 0.82202 0.00808646 0.194912 0.0164934 0.980649
240 0.995986 -0.0770884 0.870036 0.0300191 0.196788 0.0166089 0.979846
241 1.01467 -0.14523 0.83394 0.0175441 0.190986 0.015753 0.981309
242 1.03649 -0.13011 0.844554 0.0169846 0.188029 0.0198649 0.981816
243 1.01758 -0.124212 0.854575 0.022854 0.188852 0.0166435 0.981598
244 0.962801 0.0230752 0.880315 0.0542562 0.201116 0.0257013 0.977726
245 1.01277 -0.066016 0.878612 0.0329333 0.190147 0.0178139 0.981041
246 1.03823 -0.0812919 0.853833 0.0333398 0.182794 0.0229902 0.982317
247 1.01726 0.00465645 0.918976 0.0514163 0.188463 0.0256686 0.980398
248 0.922841 0.411987 0.890826 0.150555 0.210196 0.0521217 0.96459
249 0.996342 -0.122876 0.975195 0.0225492 0.192567 0.0287426 0.980603
250 1.03523 -0.0520787 0.873129 0.0495113 0.179739 0.0167533 0.982325
251 0.930104 0.35141 0.922553 0.143838 0.203657 0.0455355 0.967347
252 0.987565 0.143324 0.93458 0.0929666 0.190655 0.0317045 0.976731
253 1.01926 -0.0274794 0.92336 0.0524969 0.178775 0.0234431 0.982209
254 0.948277 -0.0714614 0.963314 0.0484827 0.193433 0.0242609 0.979615
255 0.930632 0.0409703 0.980954 0.0682569 0.19701 0.0263966 0.977666
256 1.02053 -0.0846259 1.00077 0.0351175 0.174385 0.0157332 0.983925
257 1.04897 0.0208936 0.944527 0.0631775 0.166295 0.0168429 0.983906
258 0.942273 0.0570674 1.01073 0.0692076 0.194292 0.0283798 0.978088
259 0.992379 -0.139871 1.03571 0.0226604 0.175125 0.0126216 0.984205
260 0.867924 -0.0899248 1.05044 0.0336221 0.207871 0.0213671 0.977345
261 0.779218 -0.145242 1.10062 0.021022 0.230654 0.0197369 0.972608
262 0.943015 -0.0573341 1.07705 0.0386376 0.186062 0.0194918 0.981585
263 1.0269 0.160806 1.04919 0.101304 0.155101 0.0272595 0.982313
264 0.989029 0.238529 1.07651 0.125609 0.160439 0.0211806 0.978792
265 0.863634 -0.300312 1.07973 -0.0228083 0.19933 0.00787153 0.979635
266 1.0649 0.16597 1.031 0.0986212 0.140834 0.0143116 0.985005
267 0.983256 0.0307695 1.08618 0.0650607 0.159806 0.0148791 0.98489
268 0.858878 -0.19058 1.10886 0.00636407 0.19492 0.0153067 0.980679
269 1.05238 0.116856 1.06604 0.0889843 0.139517 0.0222727 0.985962
270 0.946307 -0.195863 1.12215 0.00176363 0.170851 0.0102823 0.985242
271 0.954612 -0.10019 1.14396 0.0324361 0.165131 0.00923231 0.985695
272 1.03672 0.0313346 1.10551 0.070915 0.13726 0.0129429 0.987909
273 1.02279 -0.0703688 1.155 0.0434148 0.143139 0.0106376 0.988693
274 0.932545 0.00079022 1.1636 0.0665449 0.163997 0.0236384 0.98393
275 1.02069 -0.00839448 1.14466 0.0638771 0.142373 0.0206452 0.987534
276 0.879313 -0.177414 1.17825 0.0166592 0.180982 0.0125519 0.983265
277 0.894266 0.00920228 1.1984 0.0715847 0.172519 0.0194001 0.98221
278 0.92413 -0.119678 1.20074 0.0336758 0.166324 0.0150269 0.985381
279 1.06288 -0.016871 1.18272 0.0639766 0.125112 0.0154718 0.989957
280 0.975951 -0.265809 1.18563 -0.00821763 0.152482 0.0157625 0.988146
281 0.93918 -0.0200306 1.20567 0.0636574 0.157834 0.0200068 0.985209
282 0.89047 -0.174341 1.23503 0.0205786 0.173133 0.0204915 0.98447
283 0.946165 -0.15496 1.23554 0.0285591 0.161785 0.0173625 0.98626
284 0.942525 -0.0869532 1.23758 0.0454844 0.157384 0.0235228 0.986209
285 0.947229 0.06553 1.25306 0.0962027 0.152169 0.0228735 0.983395
286 0.965275 0.0542108 1.26897 0.09514 0.147557 0.0149366 0.984354
287 0.995549 0.0551978 1.2587 0.0986439 0.134138 0.00399889 0.986033
288 0.943012 0.149855 1.25238 0.121812 0.143155 0.0305778 0.981699
289 0.946359 -0.0170936 1.25729 0.0762625 0.146435 0.0221029 0.986028
290 0.893485 0.00275034 1.32412 0.0860252 0.166226 0.0246356 0.982019
291 0.963324 -0.172364 1.29516 0.0292787 0.150068 0.0150611 0.988127
292 0.899436 -0.122017 1.33442 0.0475857 0.166638 0.0222245 0.984618
293 0.848399 0.0104521 1.31422 0.0886203 0.167046 0.0171187 0.981809
294 0.904919 -0.149284 1.33983 0.0407597 0.15858 0.0164404 0.986368
295 0.948427 -0.143968 1.32778 0.0376184 0.143119 0.00323766 0.988985
296 0.868306 -0.132558 1.37213 0.0488503 0.159855 -0.00541996 0.985916
297 0.858156 -0.256945 1.36814 -0.00305823 0.171875 0.0198805 0.984913
298 2.26414 0.906154 2.81487 0.650248 -0.395281 -0.109269 0.639523
299 0.847534 -0.197106 1.34829 0.023762 0.155883 0.00237916 0.987487
300 0.845807 -0.185289 1.37778 0.0132651 0.163711 0.0167341 0.986277
301 0.901691 -0.211944 1.40061 0.0160014 0.141099 0.00385101 0.989859
302 0.793036 -0.163908 1.42535 0.0196247 0.166618 -0.0134132 0.985735
303 0.813226 -0.210357 1.42496 0.00504752 0.161145 -0.00111017 0.986917
304 0.871748 -0.167538 1.42958 0.0253645 0.134954 -0.00877209 0.990488
305 0.885193 -0.101603 1.42649 0.0518793 0.122611 -0.0104287 0.991043
306 0.886108 -0.119558 1.42335 0.0522851 0.113859 -0.0106509 0.992063
307 0.843954 -0.175231 1.4259 0.0184279 0.129302 -0.00733478 0.991407
308 0.906595 -0.211488 1.43228 0.0110179 0.109898 -0.00455022 0.993871
309 0.78603 -0.163587 1.46029 0.0233484 0.139581 -0.0110501 0.989874
310 0.814953 -0.170288 1.46299 0.0229946 0.127557 -0.0236461 0.991283
311 0.862936 -0.140473 1.4486 0.0405826 0.100144 -0.0449642 0.993128
312 0.844789 -0.185447 1.46386 0.0211338 0.108535 -0.0294742 0.993431
313 0.815035 -0.321098 1.46098 -0.0253241 0.109431 -0.0430792 0.992737
314 0.90067 -0.179929 1.42017 0.0304792 0.0840491 -0.0153653 0.995877
315 0.871942 -0.308191 1.54262 -0.0265482 0.0911369 -0.0271781 0.995113
316 0.766678 -0.178121 1.4562 0.0216836 0.12547 -0.0299306 0.991409
317 0.899158 -0.190038 1.5471 0.0242864 0.067888 -0.0454898 0.996359
318 0.879706 -0.274903 1.57907 -0.00840849 0.0702377 -0.0589218 0.995753
319 0.885389 -0.217814 1.56859 0.0128175 0.0689892 -0.0430858 0.996604
320 1.05153 -0.177475 1.39651 0.0341684 0.00612037 -0.00530087 0.999383
321 0.817492 -0.236306 1.68485 0.00290822 0.0875452 -0.0653474 0.994011
322 0.854023 -0.179874 1.55543 0.0299746 0.0671652 -0.0183313 0.997123
323 0.86949 -0.234266 1.65411 0.0145194 0.0606441 -0.033303 0.997498
324 0.880614 -0.257916 1.56879 -0.00253637 0.0498807 -0.0262641 0.998407
325 0.843738 -0.287563 1.64745 -0.00985473 0.0596848 -0.0381111 0.997441
326 0.7901 -0.312675 1.71644 -0.0271715 0.0715372 -0.0579356 0.995383
327 0.825224 -0.329983 1.65761 -0.0266639 0.0620547 -0.0312905 0.997226
328 0.828533 -0.195393 1.59155 0.0324956 0.0643094 -0.0261189 0.997059
329 0.888739 -0.19681 1.70127 0.0365901 0.0133077 -0.0583562 0.997536
330 0.783172 -0.244564 1.67099 0.0127799 0.0488321 -0.0587516 0.996996
331 0.813607 -0.248094 1.72652 0.0118026 0.0352936 -0.0503748 0.998037
332 1.19989 -0.497375 2.15181 -0.098462 -0.250007 -0.0953737 0.958491
333 0.857629 -0.199681 1.77131 0.0399784 -0.00182787 -0.0582529 0.997499
334 0.800812 -0.236196 1.73531 0.00740059 0.0315773 -0.0362417 0.998817
335 0.803628 -0.207092 1.71729 0.0424977 0.0093084 -0.0742317 0.996292
336 0.79678 -0.239227 1.76706 0.0195328 0.0128838 -0.0526809 0.998337
337 0.774704 -0.239551 1.75956 0.0165693 0.0195462 -0.0646472 0.997579
338 0.850419 -0.346933 1.80188 -0.0315185 -0.016226 -0.0525619 0.997988
339 0.823301 -0.22239 1.76905 0.0282942 -0.0147287 -0.0662878 0.997291
340 0.748938 -0.323076 1.83061 -0.0215514 0.00692284 -0.0624209 0.997793
341 0.730251 -0.297012 1.77787 -0.00962596 0.0278524 -0.0449819 0.998553
342 0.781977 -0.371943 1.80962 -0.0346662 -0.00885394 -0.0653222 0.997223
343 0.720525 -0.324157 1.79356 -0.0134643 0.00921832 -0.0700484 0.99741
344 0.743496 -0.290291 1.69322 -0.000213596 0.0285906 -0.0229767 0.999327
345 0.592657 -0.340086 1.47839 -0.031701 0.134631 0.0732439 0.987677
346 0.690483 -0.356511 1.83802 -0.0403372 0.0161413 -0.0528015 0.997659
347 0.669909 -0.292926 1.60364 -0.0101307 0.0713658 0.0182018 0.997233
348 0.586102 -0.318767 1.43758 -0.0151076 0.11974 0.0584627 0.990967
349 0.563797 -0.357422 1.57534 -0.0380333 0.126223 0.0573425 0.989613
350 0.578698 -0.258343 1.47863 0.0166354 0.109249 0.0499267 0.99262
351 0.545371 -0.389209 1.55737 -0.0568739 0.128397 0.0625361 0.988114
352 0.629197 -0.282338 1.60385 0.00391208 0.0710295 0.0522252 0.996098
353 0.570415 -0.340929 1.61906 -0.0237308 0.0980974 0.0485087 0.993711
354 0.572826 -0.323064 1.58876 -0.0116836 0.0938119 0.0624631 0.99356
355 0.566905 -0.341676 1.64588 -0.0215048 0.0882786 0.0491438 0.99465
356 0.552565 -0.347815 1.65372 -0.0225545 0.0901196 0.0494171 0.994448
357 0.638157 -0.323111 1.91131 -0.0272511 0.000555222 0.0105193 0.999573
358 0.625405 -0.3286 1.94347 -0.0301958 -0.00332016 0.00745048 0.999511
359 0.625405 -0.3286 1.94347 -0.0301958 -0.00332016 0.00745048 0.999511
360 0.625405 -0.3286 1.94347 -0.0301958 -0.00332016 0.00745048 0.999511
361 0.625405 -0.3286 1.94347 -0.0301958 -0.00332016 0.00745048 0.999511
362 0.588981 -0.535281 2.17733 -0.157126 -0.0467903 -0.027633 0.986082
363 0.588981 -0.535281 2.17733 -0.157126 -0.0467903 -0.027633 0.986082
364 0.588981 -0.535281 2.17733 -0.157126 -0.0467903 -0.027633 0.986082
365 0.588981 -0.535281 2.17733 -0.157126 -0.0467903 -0.027633 0.986082
366 0.588981 -0.535281 2.17733 -0.157126 -0.0467903 -0.027633 0.986082
367 0.588981 -0.535281 2.17733 -0.157126 -0.0467903 -0.027633 0.986082
368 0.588981 -0.535281 2.17733 -0.157126 -0.0467903 -0.027633 0.986082
369 0.588981 -0.535281 2.17733 -0.157126 -0.0467903 -0.027633 0.986082
370 0.588981 -0.535281 2.17733 -0.157126 -0.0467903 -0.027633 0.986082
371 0.588981 -0.535281 2.17733 -0.157126 -0.0467903 -0.027633 0.986082
372 0.588981 -0.535281 2.17733 -0.157126 -0.0467903 -0.027633 0.986082
373 -0.214454 -0.369475 3.32077 0.523757 0.787797 0.321894 0.0379234
374 -0.214454 -0.369475 3.32077 0.523757 0.787797 0.321894 0.0379234
375 -0.214454 -0.369475 3.32077 0.523757 0.787797 0.321894 0.0379234
376 -0.214454 -0.369475 3.32077 0.523757 0.787797 0.321894 0.0379234
377 -0.214454 -0.369475 3.32077 0.523757 0.787797 0.321894 0.0379234
378 -0.214454 -0.369475 3.32077 0.523757 0.787797 0.321894 0.0379234
379 -0.214454 -0.369475 3.32077 0.523757 0.787797 0.321894 0.0379234
380 -0.214454 -0.369475 3.32077 0.523757 0.787797 0.321894 0.0379234
381 -0.214454 -0.369475 3.32077 0.523757 0.787797 0.321894 0.0379234
382 -0.214454 -0.369475 3.32077 0.523757 0.787797 0.321894 0.0379234
383 -0.214454 -0.369475 3.32077 0.523757 0.787797 0.321894 0.0379234
384 -0.214454 -0.369475 3.32077 0.523757 0.787797 0.321894 0.0379234
385 -0.214454 -0.369475 3.32077 0.523757 0.787797 0.321894 0.0379234
386 -0.214454 -0.369475 3.32077 0.523757 0.787797 0.321894 0.0379234
387 -0.214454 -0.369475 3.32077 0.523757 0.787797 0.321894 0.0379234
388 -0.0898456 0.462056 2.52731 0.584736 -0.0150578 0.275707 0.762786
389 -0.0898456 0.462056 2.52731 0.584736 -0.0150578 0.275707 0.762786
390 -0.0898456 0.462056 2.52731 0.584736 -0.0150578 0.275707 0.762786
391 -0.0898456 0.462056 2.52731 0.584736 -0.0150578 0.275707 0.762786
392 -0.0898456 0.462056 2.52731 0.584736 -0.0150578 0.275707 0.762786
393 -0.0898456 0.462056 2.52731 0.584736 -0.0150578 0.275707 0.762786
394 -0.0898456 0.462056 2.52731 0.584736 -0.0150578 0.275707 0.762786
395 -0.0898456 0.462056 2.52731 0.584736 -0.0150578 0.275707 0.762786
396 -0.0898456 0.462056 2.52731 0.584736 -0.0150578 0.275707 0.762786
397 -0.0898456 0.462056 2.52731 0.584736 -0.0150578 0.275707 0.762786
398 -0.108846 0.268291 2.11681 0.380629 0.00574466 0.256351 0.888466
399 -0.108846 0.268291 2.11681 0.380629 0.00574466 0.256351 0.888466
400 -0.108846 0.268291 2.11681 0.380629 0.00574466 0.256351 0.888466
401 -0.108846 0.268291 2.11681 0.380629 0.00574466 0.256351 0.888466
402 0.149206 -0.473959 2.07391 -0.0950917 -0.0576249 -0.281655 0.953052
403 0.149206 -0.473959 2.07391 -0.0950917 -0.0576249 -0.281655 0.953052
404 0.149206 -0.473959 2.07391 -0.0950917 -0.0576249 -0.281655 0.953052
405 0.149206 -0.473959 2.07391 -0.0950917 -0.0576249 -0.281655 0.953052
406 0.149206 -0.473959 2.07391 -0.0950917 -0.0576249 -0.281655 0.953052
407 0.149206 -0.473959 2.07391 -0.0950917 -0.0576249 -0.281655 0.953052
408 0.149206 -0.473959 2.07391 -0.0950917 -0.0576249 -0.281655 0.953052
409 0.149206 -0.473959 2.07391 -0.0950917 -0.0576249 -0.281655 0.953052
410 0.149206 -0.473959 2.07391 -0.0950917 -0.0576249 -0.281655 0.953052
411 0.149206 -0.473959 2.07391 -0.0950917 -0.0576249 -0.281655 0.953052
412 0.149206 -0.473959 2.07391 -0.0950917 -0.0576249 -0.281655 0.953052
413 0.149206 -0.473959 2.07391 -0.0950917 -0.0576249 -0.281655 0.953052
414 0.149206 -0.473959 2.07391 -0.0950917 -0.0576249 -0.281655 0.953052
415 0.149206 -0.473959 2.07391 -0.0950917 -0.0576249 -0.281655 0.953052
416 0.149206 -0.473959 2.07391 -0.0950917 -0.0576249 -0.281655 0.953052
417 0.149206 -0.473959 2.07391 -0.0950917 -0.0576249 -0.281655 0.953052
418 0.149206 -0.473959 2.07391 -0.0950917 -0.0576249 -0.281655 0.953052
419 0.149206 -0.473959 2.07391 -0.0950917 -0.0576249 -0.281655 0.953052
420 0.149206 -0.473959 2.07391 -0.0950917 -0.0576249 -0.281655 0.953052
421 0.149206 -0.473959 2.07391 -0.0950917 -0.0576249 -0.281655 0.953052
422 0.149206 -0.473959 2.07391 -0.0950917 -0.0576249 -0.281655 0.953052
423 0.149206 -0.473959 2.07391 -0.0950917 -0.0576249 -0.281655 0.953052
424 0.149206 -0.473959 2.07391 -0.0950917 -0.0576249 -0.281655 0.953052
425 0.149206 -0.473959 2.07391 -0.0950917 -0.0576249 -0.281655 0.953052
426 0.149206 -0.473959 2.07391 -0.0950917 -0.0576249 -0.281655 0.953052
427 0.149206 -0.473959 2.07391 -0.0950917 -0.0576249 -0.281655 0.953052
428 0.149206 -0.473959 2.07391 -0.0950917 -0.0576249 -0.281655 0.953052
429 0.149206 -0.473959 2.07391 -0.0950917 -0.0576249 -0.281655 0.953052
430 0.149206 -0.473959 2.07391 -0.0950917 -0.0576249 -0.281655 0.953052
431 0.149206 -0.473959 2.07391 -0.0950917 -0.0576249 -0.281655 0.953052
432 0.149206 -0.473959 2.07391 -0.0950917 -0.0576249 -0.281655 0.953052
433 0.149206 -0.473959 2.07391 -0.0950917 -0.0576249 -0.281655 0.953052
434 0.149206 -0.473959 2.07391 -0.0950917 -0.0576249 -0.281655 0.953052
435 0.149206 -0.473959 2.07391 -0.0950917 -0.0576249 -0.281655 0.953052
436 0.149206 -0.473959 2.07391 -0.0950917 -0.0576249 -0.281655 0.953052
437 0.149206 -0.473959 2.07391 -0.0950917 -0.0576249 -0.281655 0.953052
438 0.149206 -0.473959 2.07391 -0.0950917 -0.0576249 -0.281655 0.953052
439 0.149206 -0.473959 2.07391 -0.0950917 -0.0576249 -0.281655 0.953052
440 0.149206 -0.473959 2.07391 -0.0950917 -0.0576249 -0.281655 0.953052
441 0.149206 -0.473959 2.07391 -0.0950917 -0.0576249 -0.281655 0.953052
442 0.149206 -0.473959 2.07391 -0.0950917 -0.0576249 -0.281655 0.953052
443 0.149206 -0.473959 2.07391 -0.0950917 -0.0576249 -0.281655 0.953052
444 0.149206 -0.473959 2.07391 -0.0950917 -0.0576249 -0.281655 0.953052
445 0.149206 -0.473959 2.07391 -0.0950917 -0.0576249 -0.281655 0.953052
446 0.149206 -0.473959 2.07391 -0.0950917 -0.0576249 -0.281655 0.953052
447 0.149206 -0.473959 2.07391 -0.0950917 -0.0576249 -0.281655 0.953052
448 0.149206 -0.473959 2.07391 -0.0950917 -0.0576249 -0.281655 0.953052
449 0.149206 -0.473959 2.07391 -0.0950917 -0.0576249 -0.281655 0.953052
450 0.149206 -0.473959 2.07391 -0.0950917 -0.0576249 -0.281655 0.953052
451 0.149206 -0.473959 2.07391 -0.0950917 -0.0576249 -0.281655 0.953052
452 0.149206 -0.473959 2.07391 -0.0950917 -0.0576249 -0.281655 0.953052
453 0.149206 -0.473959 2.07391 -0.0950917 -0.0576249 -0.281655 0.953052
454 0.149206 -0.473959 2.07391 -0.0950917 -0.0576249 -0.281655 0.953052
455 0.149206 -0.473959 2.07391 -0.0950917 -0.0576249 -0.281655 0.953052
456 0.149206 -0.473959 2.07391 -0.0950917 -0.0576249 -0.281655 0.953052
457 0.149206 -0.473959 2.07391 -0.0950917 -0.0576249 -0.281655 0.953052
458 0.149206 -0.473959 2.07391 -0.0950917 -0.0576249 -0.281655 0.953052
459 0.149206 -0.473959 2.07391 -0.0950917 -0.0576249 -0.281655 0.953052
460 0.149206 -0.473959 2.07391 -0.0950917 -0.0576249 -0.281655 0.953052
461 0.149206 -0.473959 2.07391 -0.0950917 -0.0576249 -0.281655 0.953052
462 0.149206 -0.473959 2.07391 -0.0950917 -0.0576249 -0.281655 0.953052
463 0.149206 -0.473959 2.07391 -0.0950917 -0.0576249 -0.281655 0.953052
464 0.149206 -0.473959 2.07391 -0.0950917 -0.0576249 -0.281655 0.953052
465 0.149206 -0.473959 2.07391 -0.0950917 -0.0576249 -0.281655 0.953052
466 0.149206 -0.473959 2.07391 -0.0950917 -0.0576249 -0.281655 0.953052
467 0.149206 -0.473959 2.07391 -0.0950917 -0.0576249 -0.281655 0.953052
468 0.149206 -0.473959 2.07391 -0.0950917 -0.0576249 -0.281655 0.953052
469 0.149206 -0.473959 2.07391 -0.0950917 -0.0576249 -0.281655 0.953052
470 0.149206 -0.473959 2.07391 -0.0950917 -0.0576249 -0.281655 0.953052
471 0.149206 -0.473959 2.07391 -0.0950917 -0.0576249 -0.281655 0.953052
472 0.149206 -0.473959 2.07391 -0.0950917 -0.0576249 -0.281655 0.953052
473 0.149206 -0.473959 2.07391 -0.0950917 -0.0576249 -0.281655 0.953052
474 0.149206 -0.473959 2.07391 -0.0950917 -0.0576249 -0.281655 0.953052
475 0.149206 -0.473959 2.07391 -0.0950917 -0.0576249 -0.281655 0.953052
476 0.149206 -0.473959 2.07391 -0.0950917 -0.0576249 -0.281655 0.953052
477 0.380839 -0.585048 1.68355 -0.0818106 -0.337113 -0.0533457 0.936384
478 0.452843 -0.637609 1.65378 -0.0859977 -0.341214 -0.0548686 0.934434
479 0.0353641 -0.133905 1.9666 0.0559618 -0.416464 -0.0773051 0.904129
480 0.00590638 -0.11743 1.97167 0.0556157 -0.415376 -0.0778358 0.904606
481 0.0434348 -0.117471 1.98318 0.0561116 -0.427426 -0.0727482 0.89937
482 0.526769 -0.637975 1.50263 -0.070952 -0.33341 -0.0608193 0.938139
483 0.526769 -0.637975 1.50263 -0.070952 -0.33341 -0.0608193 0.938139
484 0.327567 -0.636607 1.71982 -0.119507 -0.355347 -0.0649701 0.924784
485 0.0381625 -0.132086 2.01127 0.040165 -0.450362 -0.080995 0.888257
486 0.0592715 -0.161433 2.00913 0.028164 -0.455341 -0.0844417 0.885856
487 0.0247175 -0.118128 2.00826 0.0418323 -0.453721 -0.0818427 0.886391
488 0.0116664 -0.137754 2.01822 0.0456041 -0.463495 -0.101228 0.879116
489 0.169247 -0.766383 1.70516 -0.148793 -0.351162 -0.119519 0.916657
490 0.0735651 -0.182534 2.0849 0.0183005 -0.495459 -0.0890393 0.863862
491 0.0988702 -0.104536 2.07967 0.0401169 -0.497172 -0.0642444 0.86434
492 0.118512 -0.3077 1.93962 0.0209061 -0.469147 -0.152545 0.869594
493 0.15525 -0.303332 1.81871 0.0414631 -0.442268 -0.166546 0.880308
494 0.0685386 -0.075901 2.09723 0.0501178 -0.507731 -0.0700625 0.857198
495 0.211967 -0.192684 1.84175 0.0364451 -0.443081 -0.0906851 0.891138
496 0.172127 -0.265073 1.84252 0.0429468 -0.452935 -0.147767 0.878163
497 0.165171 -0.239263 1.8603 0.0472451 -0.458757 -0.140618 0.876091
498 0.169769 -0.261459 1.84263 0.0444822 -0.458922 -0.147693 0.874985
499 0.349938 -0.056972 1.68525 0.183441 -0.454497 -0.200626 0.848252
500 0.364042 -0.209283 1.57822 0.148223 -0.445637 -0.23285 0.851597
501 0.330232 -0.0243382 1.75856 0.168901 -0.473296 -0.163366 0.848985
502 0.325593 -0.148998 1.61091 0.160724 -0.454099 -0.231724 0.845143
503 0.377849 -0.121731 1.66118 0.168766 -0.472746 -0.213007 0.838246
504 0.358887 -0.10862 1.65617 0.167684 -0.472913 -0.209779 0.839183
505 0.131704 -0.0987582 1.71014 0.159298 -0.462794 -0.237381 0.839105
506 0.118295 -0.26251 2.00706 0.0113761 -0.529286 -0.120032 0.839833
507 0.088029 -0.156889 1.63646 0.161788 -0.454966 -0.295364 0.824373
508 0.0729959 -0.332115 1.98132 0.00857705 -0.532956 -0.165998 0.829656
509 -0.171713 -0.530623 2.12935 -0.118564 -0.546322 -0.215768 0.800574
510 -0.180079 -0.445718 1.98782 -0.0928124 -0.493542 -0.188345 0.843996
511 -0.0789748 -0.324524 2.07426 -0.0580372 -0.538121 -0.133988 0.830123
512 -0.0503212 -0.19196 2.10801 -0.0235967 -0.55261 -0.0836465 0.828896
513 -0.0766862 -0.320088 2.09829 -0.0540787 -0.553953 -0.135673 0.819637
514 -0.0550677 -0.126598 2.03236 -0.0176367 -0.527786 -0.0541363 0.847467
515 -0.0546149 -0.192488 2.10152 -0.024889 -0.561415 -0.0817868 0.823107
516 -0.0551683 -0.184782 2.09762 -0.0210404 -0.56376 -0.0816618 0.821622
517 -0.0569904 -0.194063 2.10792 -0.0248888 -0.57138 -0.0837762 0.816019
518 -0.0594501 -0.19931 2.04427 -0.0385722 -0.54879 -0.0807661 0.831155
519 -0.159915 -0.440642 2.02215 -0.0886273 -0.543736 -0.186718 0.813408
520 -0.0757141 -0.114891 2.04038 -0.0118195 -0.553443 -0.0523984 0.831153
521 -0.0699524 -0.200696 2.11211 -0.0221541 -0.589239 -0.0891136 0.802723
522 -0.0679099 -0.192014 2.10088 -0.0172347 -0.588476 -0.089998 0.803305
523 -0.0834637 -0.102584 2.03439 -0.00568186 -0.559954 -0.0529932 0.826808
524 -0.0807316 -0.197119 2.10179 -0.0171241 -0.59489 -0.0938945 0.798121
525 -0.0790013 -0.194769 2.10902 -0.0161437 -0.601109 -0.0923866 0.793645
526 -0.0795099 -0.186698 2.11798 -0.0124974 -0.609806 -0.0915918 0.787142
527 -0.125877 -0.317182 2.06647 -0.0473127 -0.594534 -0.143806 0.78969
528 -0.104158 -0.0307187 2.0236 0.0307786 -0.573049 -0.0400925 0.817961
529 -0.108779 -0.0400603 2.02922 0.0273537 -0.577296 -0.0411277 0.815039
530 -0.0976283 -0.135543 2.18499 0.00671594 -0.643737 -0.0721256 0.761811
531 -0.110869 -0.0710644 2.11167 0.0166374 -0.61764 -0.0451264 0.784989
532 -0.114886 -0.137207 2.08139 0.00637876 -0.605075 -0.0742556 0.792673
533 -0.117566 -0.146877 2.08194 0.00335506 -0.607777 -0.0743635 0.790611
534 -0.116066 -0.129478 2.18081 0.0135631 -0.653461 -0.0721042 0.753396
535 -0.125687 -0.123389 2.16584 0.0178596 -0.645087 -0.0628216 0.761313
536 -1.7569 0.530429 1.65485 0.400573 0.3006 0.275105 0.82067
537 -1.74343 0.516823 1.64882 0.395001 0.295975 0.273992 0.82541
538 -1.74343 0.516823 1.64882 0.395001 0.295975 0.273992 0.82541
539 -1.74343 0.516823 1.64882 0.395001 0.295975 0.273992 0.82541
540 -1.77934 0.452685 1.67649 0.389763 0.317456 0.278808 0.818274
541 -1.77934 0.452685 1.67649 0.389763 0.317456 0.278808 0.818274
542 -1.77934 0.452685 1.67649 0.389763 0.317456 0.278808 0.818274
543 -1.77934 0.452685 1.67649 0.389763 0.317456 0.278808 0.818274
544 -1.77934 0.452685 1.67649 0.389763 0.317456 0.278808 0.818274
545 -1.77934 0.452685 1.67649 0.389763 0.317456 0.278808 0.818274
546 -1.77934 0.452685 1.67649 0.389763 0.317456 0.278808 0.818274
547 -1.77934 0.452685 1.67649 0.389763 0.317456 0.278808 0.818274
548 -1.77934 0.452685 1.67649 0.389763 0.317456 0.278808 0.818274
549 -1.77934 0.452685 1.67649 0.389763 0.317456 0.278808 0.818274
550 -1.77934 0.452685 1.67649 0.389763 0.317456 0.278808 0.818274
551 -1.77934 0.452685 1.67649 0.389763 0.317456 0.278808 0.818274
552 -1.77934 0.452685 1.67649 0.389763 0.317456 0.278808 0.818274
553 -1.77934 0.452685 1.67649 0.389763 0.317456 0.278808 0.818274
554 -1.77934 0.452685 1.67649 0.389763 0.317456 0.278808 0.818274
555 -1.77934 0.452685 1.67649 0.389763 0.317456 0.278808 0.818274
556 -1.77934 0.452685 1.67649 0.389763 0.317456 0.278808 0.818274
557 -1.77934 0.452685 1.67649 0.389763 0.317456 0.278808 0.818274
558 -1.77934 0.452685 1.67649 0.389763 0.317456 0.278808 0.818274
559 -1.77934 0.452685 1.67649 0.389763 0.317456 0.278808 0.818274
560 -1.77934 0.452685 1.67649 0.389763 0.317456 0.278808 0.818274
561 -1.77934 0.452685 1.67649 0.389763 0.317456 0.278808 0.818274
562 -1.77934 0.452685 1.67649 0.389763 0.317456 0.278808 0.818274
563 -1.77934 0.452685 1.67649 0.389763 0.317456 0.278808 0.818274
564 -1.77934 0.452685 1.67649 0.389763 0.317456 0.278808 0.818274
565 -1.77934 0.452685 1.67649 0.389763 0.317456 0.278808 0.818274
566 -1.77934 0.452685 1.67649 0.389763 0.317456 0.278808 0.818274
567 -1.77934 0.452685 1.67649 0.389763 0.317456 0.278808 0.818274
568 -1.77934 0.452685 1.67649 0.389763 0.317456 0.278808 0.818274
569 -1.77934 0.452685 1.67649 0.389763 0.317456 0.278808 0.818274
570 -1.77934 0.452685 1.67649 0.389763 0.317456 0.278808 0.818274
571 -1.77934 0.452685 1.67649 0.389763 0.317456 0.278808 0.818274
572 -1.77934 0.452685 1.67649 0.389763 0.317456 0.278808 0.818274
573 -1.77934 0.452685 1.67649 0.389763 0.317456 0.278808 0.818274
574 -1.77934 0.452685 1.67649 0.389763 0.317456 0.278808 0.818274
575 -1.77934 0.452685 1.67649 0.389763 0.317456 0.278808 0.818274
576 -1.77934 0.452685 1.67649 0.389763 0.317456 0.278808 0.818274
577 -1.77934 0.452685 1.67649 0.389763 0.317456 0.278808 0.818274
578 -1.77934 0.452685 1.67649 0.389763 0.317456 0.278808 0.818274
579 -1.77934 0.452685 1.67649 0.389763 0.317456 0.278808 0.818274
580 -1.77934 0.452685 1.67649 0.389763 0.317456 0.278808 0.818274
581 -1.77934 0.452685 1.67649 0.389763 0.317456 0.278808 0.818274
582 -1.77934 0.452685 1.67649 0.389763 0.317456 0.278808 0.818274
583 -1.77934 0.452685 1.67649 0.389763 0.317456 0.278808 0.818274
584 -1.77934 0.452685 1.67649 0.389763 0.317456 0.278808 0.818274
585 -1.77934 0.452685 1.67649 0.389763 0.317456 0.278808 0.818274
586 -1.77934 0.452685 1.67649 0.389763 0.317456 0.278808 0.818274
587 -1.77934 0.452685 1.67649 0.389763 0.317456 0.278808 0.818274
588 -1.77934 0.452685 1.67649 0.389763 0.317456 0.278808 0.818274
589 -1.77934 0.452685 1.67649 0.389763 0.317456 0.278808 0.818274
590 -1.77934 0.452685 1.67649 0.389763 0.317456 0.278808 0.818274
591 -1.77934 0.452685 1.67649 0.389763 0.317456 0.278808 0.818274
592 -1.77934 0.452685 1.67649 0.389763 0.317456 0.278808 0.818274
593 -1.77934 0.452685 1.67649 0.389763 0.317456 0.278808 0.818274
594 -1.77934 0.452685 1.67649 0.389763 0.317456 0.278808 0.818274
595 -1.77934 0.452685 1.67649 0.389763 0.317456 0.278808 0.818274
596 -0.105379 0.919063 0.977637 0.114581 -0.619583 0.18498 0.754169
597 -1.95788 0.436122 1.84838 -0.13919 0.980401 -0.126864 -0.0578388
598 -0.818161 0.192285 -1.19994 -0.0338773 0.133898 -0.0316396 0.98991
599 0.588998 0.476727 0.699044 0.11903 -0.530755 -0.0343455 0.838422
600 0.461277 0.601377 0.0975456 0.137711 -0.390263 -0.0228857 0.910059
601 0.359723 0.624827 -0.081763 0.118779 -0.351841 -0.00641234 0.928471
602 -0.73634 0.414851 -1.22886 0.0165433 0.0871397 0.0082612 0.996024
603 -0.604694 0.353384 -1.22452 0.00229258 0.0463384 -0.0064934 0.998902
604 0.518396 0.668892 0.108616 0.174146 -0.416055 -0.0300604 0.892002
605 0.523466 0.643711 0.205806 0.187885 -0.443547 -0.0391525 0.875461
606 0.512111 0.632498 0.0694943 0.16005 -0.424528 -0.0344541 0.89049
607 -0.593337 0.437214 -1.33928 0.0344015 0.0459042 -0.0250914 0.998038
608 0.48452 0.482056 -0.0359402 0.124624 -0.422515 -0.0592606 0.895789
609 0.562641 0.623749 0.00264196 0.159587 -0.425531 -0.0412223 0.889807
610 0.56663 0.582578 -0.0689173 0.148674 -0.418792 -0.0547883 0.894152
611 0.502126 0.592608 -0.145981 0.140169 -0.405519 -0.0447734 0.902165
612 -0.410261 -0.23094 1.96127 -0.0190567 0.88914 0.166603 -0.425805
613 -0.57138 -0.232492 1.89711 -0.00805627 0.902683 0.173491 -0.393699
614 0.543759 0.626124 -0.217878 0.13856 -0.410115 -0.0430123 0.90042
615 0.513314 0.634834 -0.279162 0.133059 -0.401996 -0.0339287 0.905286
616 -0.557955 -0.265637 1.84679 -0.00583512 0.90315 0.18025 -0.389611
617 0.517802 0.642506 -0.242594 0.135382 -0.413911 -0.0319411 0.899627
618 0.460305 0.685427 -0.253906 0.165578 -0.407399 -0.0369058 0.897356
619 -0.592737 -0.256378 1.89904 -0.00940208 0.915853 0.176492 -0.36052
620 0.450917 0.673032 -0.354069 0.162801 -0.391169 -0.0496414 0.904444
621 0.405529 0.748689 -0.349219 0.164418 -0.389833 -0.0200268 0.905868
622 0.384322 0.69704 -0.350867 0.158628 -0.390355 -0.0358173 0.906188
623 0.386545 0.717564 -0.411317 0.162224 -0.378252 -0.0346616 0.910718
624 -0.747608 0.416887 -1.24082 0.0258795 0.0107989 -0.025841 0.999273
625 0.362414 0.680222 -0.442289 0.143952 -0.377467 -0.0309436 0.914242
626 -0.583869 -0.208877 1.82649 -0.0198056 0.920332 0.166376 -0.353435
627 0.415941 0.664809 -0.451495 0.146119 -0.386623 -0.0410321 0.909664
628 -0.613737 -0.155447 1.78035 -0.0342867 0.923529 0.152434 -0.35026
629 0.340954 0.709681 -0.49729 0.155321 -0.372245 -0.0274795 0.914633
630 -0.597716 -0.21647 1.76196 -0.0233225 0.919964 0.166653 -0.354047
631 0.303777 0.663679 -0.38622 0.163204 -0.382723 -0.0401182 0.908448
632 0.250922 0.668439 -0.342078 0.164055 -0.383805 -0.027214 0.908317
633 0.234495 0.692191 -0.405992 0.171107 -0.37023 -0.0304246 0.912538
634 0.250192 0.685844 -0.39601 0.165983 -0.376279 -0.0318279 0.910961
635 0.235063 0.574865 -0.381963 0.140105 -0.381477 -0.0451063 0.912585
636 0.291065 0.658441 -0.373555 0.14734 -0.39577 -0.0226796 0.906169
637 0.19629 0.64471 -0.411093 0.158262 -0.371854 -0.029226 0.914234
638 0.20149 0.657083 -0.402836 0.152501 -0.38217 -0.0151629 0.911296
639 -0.761899 0.416422 -1.07636 0.0405392 -0.0243255 -0.00128909 0.998881
640 0.183239 0.554743 -0.399779 0.138368 -0.378497 -0.040204 0.914318
641 0.182475 0.607976 -0.424232 0.144974 -0.379569 -0.0264088 0.913352
642 0.163751 0.669756 -0.375125 0.163853 -0.383581 -0.0137548 0.908751
643 -0.797144 0.372741 -0.990999 0.0367851 -0.0279232 -0.0262358 0.998588
644 0.140172 0.550657 -0.381969 0.138397 -0.387169 -0.038847 0.910734
645 0.0710252 0.608605 -0.369149 0.151545 -0.386879 -0.0142388 0.909481
646 0.101735 0.540475 -0.486069 0.134071 -0.3681 -0.0404314 0.91918
647 0.0388379 0.548934 -0.487497 0.144596 -0.351287 -0.0463321 0.923874
648 -0.709619 -0.128658 1.52314 -0.0396126 0.933069 0.146463 -0.32613
649 -0.693642 -0.142691 1.54511 -0.0223086 0.933497 0.151812 -0.324098
650 -0.0154407 0.57386 -0.543924 0.145155 -0.341374 -0.0430189 0.927655
651 -0.728675 -0.112591 1.53025 -0.0501676 0.938754 0.146406 -0.307878
652 -0.0542009 0.654412 -0.591079 0.161737 -0.330872 -0.0250457 0.929375
653 -0.0115319 0.595966 -0.617213 0.136683 -0.341005 -0.0301172 0.929584
654 -0.0865103 0.712692 -0.510877 0.18544 -0.351529 -0.0108658 0.917563
655 -0.0272718 0.614417 -0.689296 0.133453 -0.331149 -0.0298323 0.933617
656 -0.0388271 0.641962 -0.657767 0.130752 -0.341153 -0.0117038 0.930796
657 -0.737963 -0.16508 1.39754 -0.0369979 0.93747 0.171771 -0.30046
658 -0.746593 -0.224281 1.36283 -0.00743532 0.936087 0.192337 -0.294436
659 -0.716418 -0.193649 1.39516 -0.0242974 0.937439 0.182074 -0.295749
660 -0.779448 -0.205246 1.3579 -0.0169853 0.941577 0.185195 -0.280797
661 -0.0396708 0.786028 -0.728064 0.1876 -0.338325 -0.0167781 0.921987
662 -0.240414 0.718269 -0.642816 0.19105 -0.323976 -0.00137936 0.926573
663 -0.794822 -0.154917 1.28797 -0.037171 0.945535 0.175419 -0.271681
664 -0.76891 -0.224259 1.29382 -0.0168755 0.941146 0.196196 -0.274714
665 -0.798374 -0.20862 1.25073 -0.0210039 0.943223 0.189702 -0.27185
666 -0.840128 -0.153634 1.18759 -0.0391296 0.947615 0.178459 -0.262005
667 -0.836008 -0.136376 1.22479 -0.0396405 0.951516 0.171082 -0.252539
668 -0.796129 -0.16535 1.21642 -0.0268954 0.947729 0.180526 -0.26172
669 -0.825984 -0.177925 1.16813 -0.0182106 0.949106 0.181565 -0.256712
670 -0.821298 -0.152584 1.20871 -0.0192146 0.951578 0.173424 -0.253089
671 -0.783683 -0.176031 1.28642 -0.0348978 0.952015 0.172242 -0.250563
672 -0.871651 -0.143061 1.07755 -0.0205312 0.953576 0.178339 -0.241797
673 -0.851493 -0.172782 1.13398 -0.0163002 0.953726 0.184943 -0.236511
674 -0.827616 -0.175615 1.09436 -0.0184046 0.952074 0.184926 -0.242939
675 -0.834838 -0.207443 1.14921 -0.0179381 0.953677 0.192245 -0.230697
676 -0.809231 -0.196516 1.16213 -0.0156871 0.954502 0.188082 -0.230878
677 -0.838219 -0.170803 1.12309 -0.0256645 0.95726 0.184222 -0.221488
678 -0.834102 -0.170632 1.10433 -0.0263582 0.957092 0.185602 -0.22098
679 -0.817479 -0.144318 1.12323 -0.0401615 0.958492 0.179025 -0.218245
680 -0.87177 -0.157478 1.03078 -0.00898162 0.958758 0.190831 -0.21044
681 -0.840177 -0.172637 1.06153 -0.0199108 0.958687 0.188521 -0.212093
682 -0.852972 -0.187368 1.01535 -0.00440375 0.957923 0.192362 -0.212979
683 -0.870075 -0.181852 1.05509 -0.0180193 0.960304 0.192423 -0.201157
684 -0.889407 -0.159953 1.01395 -0.0132057 0.960482 0.193516 -0.199629
685 -0.831308 -0.197992 1.04914 0.00497153 0.958453 0.198471 -0.204824
686 -0.913726 -0.181448 0.947779 -0.000920518 0.961057 0.200945 -0.189709
687 -0.882501 -0.165991 1.00369 -0.0356197 0.961885 0.193395 -0.19002
688 -0.883516 -0.166381 0.984792 -0.0267431 0.96311 0.192454 -0.186188
689 -0.866363 -0.16741 1.03515 -0.026941 0.963878 0.189298 -0.185419
690 -0.889769 -0.142585 0.956151 -0.0287005 0.964669 0.186689 -0.183675
691 -0.907003 -0.145804 0.912397 -0.0341713 0.964868 0.189379 -0.178881
692 -0.905326 -0.141546 0.9225 -0.032596 0.966144 0.186702 -0.175059
693 -0.938304 -0.158798 0.896824 -0.0139495 0.965555 0.192516 -0.174487
694 -0.953078 -0.134099 0.845885 -0.0203646 0.966462 0.190438 -0.171082
695 -0.860745 -0.152667 0.942799 -0.0130304 0.964243 0.18798 -0.186359
696 -0.909881 -0.140933 0.875101 -0.0103842 0.965396 0.190531 -0.177767
697 -0.921955 -0.142182 0.862807 -0.0150768 0.964811 0.192029 -0.178988
698 -0.955332 -0.166007 0.798316 0.0106967 0.963239 0.201638 -0.177197
699 -0.890167 -0.127161 0.898866 -0.0177165 0.965654 0.184866 -0.18172
700 -0.969983 -0.120363 0.75001 -0.00697168 0.965588 0.190107 -0.177343
701 -0.903431 -0.153368 0.790329 -0.00246003 0.962572 0.196122 -0.187044
702 -0.869181 -0.133641 0.822511 -0.0209018 0.964103 0.184123 -0.190177
703 -0.928131 -0.123948 0.711079 0.0162291 0.965106 0.188749 -0.180779
704 -0.854488 -0.174203 0.779148 0.0146014 0.96158 0.198181 -0.189409
705 -0.520359 0.730066 -1.33905 0.192196 -0.234479 -0.0410789 0.952047
706 -0.928745 -0.162712 0.718703 0.0109791 0.963498 0.205714 -0.170975
707 -0.799327 -0.192372 0.765797 -0.0162334 0.958343 0.201225 -0.202048
708 -0.855353 -0.180658 0.770563 -0.0198525 0.963454 0.195294 -0.18227
709 -0.874709 -0.139865 0.689961 -0.0142243 0.964638 0.193381 -0.178537
710 -0.863835 -0.156375 0.702626 -0.0161167 0.963812 0.195501 -0.180515
711 -0.880867 -0.174802 0.684734 -0.00839073 0.963646 0.203303 -0.173156
712 -0.780849 -0.306304 0.770972 0.00860731 0.954409 0.226519 -0.194215
713 -0.871595 -0.204278 0.712108 -0.00919366 0.962099 0.208313 -0.175746
714 -0.835032 -0.18794 0.692403 -0.0235419 0.961321 0.205605 -0.181755
715 -0.830779 -0.207116 0.677087 -0.023492 0.961279 0.210903 -0.175814
716 -0.77731 -0.172622 0.766259 -0.0432628 0.964816 0.189756 -0.176778
717 -0.854191 -0.171316 0.639074 -0.0199348 0.965028 0.201547 -0.166441
718 -0.815636 -0.186987 0.683546 -0.0329266 0.964587 0.198098 -0.171011
719 -0.892242 -0.139331 0.59231 -0.0270385 0.967415 0.19673 -0.157082
720 -0.769331 -0.237717 0.716088 -0.0314851 0.963868 0.201356 -0.171531
721 -0.844911 -0.18052 0.644976 -0.0388103 0.967621 0.195365 -0.155032
722 -0.818099 -0.234668 0.671592 -0.0310019 0.965392 0.204438 -0.158941
723 -0.846599 -0.244736 0.652439 -0.0111973 0.965701 0.207797 -0.155293
724 -0.911249 -0.170312 0.550875 -0.0202622 0.970309 0.197366 -0.138333
725 -0.875059 -0.198306 0.55663 -0.0145898 0.967686 0.206219 -0.144376
726 -0.860379 -0.219609 0.551044 -0.0153545 0.966675 0.206924 -0.149952
727 -0.838451 -0.233398 0.620658 -0.0205992 0.970228 0.194999 -0.142154
728 -0.881308 -0.173341 0.624446 -0.0335054 0.974092 0.181731 -0.130366
729 -0.896633 -0.2191 0.572484 -0.0123932 0.970975 0.196293 -0.1361
730 -0.902846 -0.178155 0.570316 -0.0378184 0.974131 0.182336 -0.128031
731 -0.843857 -0.261519 0.632682 -0.0446769 0.971427 0.188788 -0.136724
732 -0.988857 -0.157515 0.422516 -0.0228089 0.974099 0.190326 -0.119946
733 -0.911481 -0.217061 0.58053 -0.0370643 0.974676 0.17974 -0.127774
734 -0.889084 -0.26686 0.605517 -0.0466557 0.972576 0.188151 -0.128526
735 -0.923629 -0.252861 0.537358 -0.046189 0.974118 0.183438 -0.123736
736 -0.979446 -0.188067 0.406638 -0.0373994 0.976002 0.181721 -0.114013
737 -0.988479 -0.137423 0.378725 -0.0314565 0.97772 0.176963 -0.108433
738 -0.98229 -0.181564 0.417257 -0.0328524 0.975532 0.187492 -0.110023
739 -0.998499 -0.0948465 0.356019 -0.0632302 0.979368 0.160596 -0.105115
740 -1.01323 -0.118448 0.389697 -0.0422403 0.980189 0.16862 -0.094933
741 -1.00294 -0.0640168 0.345927 -0.0584301 0.9813 0.151394 -0.103523
742 -0.959944 -0.152427 0.417287 -0.0568836 0.979547 0.163899 -0.101927
743 -1.05311 -0.0871044 0.255394 -0.063107 0.982575 0.15266 -0.0851962
744 -1.08287 -0.0261903 0.165934 -0.0631128 0.985022 0.140463 -0.0775767
745 -1.07752 -0.0709157 0.205804 -0.0596392 0.984029 0.149275 -0.0764721
746 -1.03892 -0.0703992 0.268288 -0.0645382 0.983835 0.146711 -0.0798677
747 -1.05284 -0.0393282 0.199652 -0.0546725 0.984744 0.147271 -0.0748417
748 -1.02251 -0.0710014 0.269737 -0.055189 0.984084 0.148222 -0.0810078
749 -1.04474 -0.0527668 0.235372 -0.056346 0.985239 0.14309 -0.0752028
750 -0.985196 -0.0719474 0.277653 -0.0566292 0.985024 0.141464 -0.0806721
751 -1.04326 -0.0604219 0.204985 -0.0517198 0.986147 0.14066 -0.071088
752 -0.937529 -0.117511 0.342941 -0.0756863 0.983014 0.140447 -0.090717
753 -1.04488 -0.0621465 0.217343 -0.0602557 0.986778 0.13402 -0.0683852
754 -1.02113 -0.0571547 0.262533 -0.0630776 0.986608 0.132331 -0.0715213
755 -1.01896 -0.057025 0.217387 -0.0628644 0.986689 0.133006 -0.0693028
756 -0.979468 -0.0870526 0.278036 -0.074157 0.985443 0.132507 -0.0764564
757 -0.974592 -0.00594305 0.271266 -0.0632969 0.987396 0.12369 -0.0757873
758 -1.02488 -0.0883131 0.244336 -0.0664647 0.986765 0.132396 -0.0659387
759 -1.05981 -0.100172 0.219218 -0.0617955 0.987307 0.13469 -0.0571334
760 -0.994986 -0.104675 0.266571 -0.0605219 0.986765 0.136123 -0.0640435
761 -1.01604 -0.102927 0.219029 -0.0668432 0.987199 0.131784 -0.0600194
762 -1.0588 -0.152587 0.211561 -0.0628197 0.986825 0.140139 -0.0509035
763 -1.10281 -0.128415 0.163978 -0.0598017 0.987967 0.136252 -0.0422025
764 -1.0728 -0.125421 0.225645 -0.0594164 0.988253 0.133138 -0.0458348
765 -1.07287 -0.168224 0.189552 -0.0615974 0.987166 0.140761 -0.0435394
766 -1.0518 -0.104877 0.175661 -0.0631432 0.98832 0.130899 -0.0458385
767 -1.09563 -0.124816 0.152637 -0.0587592 0.988547 0.134562 -0.0348556
768 -1.06509 -0.138644 0.185864 -0.0610906 0.987937 0.136816 -0.0391008
769 -1.18917 -0.145217 0.1211 -0.0568711 0.988311 0.140662 -0.0148844
770 -1.0664 -0.114465 0.141436 -0.0682469 0.988381 0.131739 -0.0330047
771 -1.02355 -0.0834745 0.139307 -0.0618631 0.988603 0.132688 -0.0350921
772 -1.07832 -0.118246 0.11684 -0.0691856 0.98795 0.136306 -0.0242834
773 -1.16599 -0.117039 0.0609096 -0.0568632 0.988353 0.141119 -0.00320426
774 -1.16232 -0.13099 0.0950424 -0.0574101 0.988092 0.142737 -0.00221066
775 -1.06451 -0.0950859 0.104789 -0.0609442 0.988425 0.138087 -0.0152933
776 -1.09156 -0.111889 0.0872125 -0.061592 0.988001 0.141292 -0.0098295
777 -1.08681 -0.127196 0.0732014 -0.0633799 0.987663 0.143085 -0.00558492
778 -1.05498 -0.114881 0.0866054 -0.0674245 0.987843 0.139833 -0.00812612
779 -1.06629 -0.118152 0.0801047 -0.0592374 0.988101 0.141908 -0.00295603
780 -1.13827 -0.116338 0.0351147 -0.0552242 0.988238 0.142039 0.012666
781 -1.16408 -0.116501 0.0481559 -0.0513568 0.988188 0.142942 0.0203741
782 -1.11868 -0.0782007 0.052242 -0.0559995 0.989195 0.134743 0.0142291
783 -1.07494 -0.127495 0.0691683 -0.0583468 0.9883 0.140572 0.00989396
784 -1.04927 -0.149806 0.0547933 -0.056789 0.98764 0.145468 0.0134605
785 -1.03943 -0.146313 0.0477643 -0.0585229 0.987651 0.144564 0.0149084
786 -1.03214 -0.170528 0.0692425 -0.0574309 0.98728 0.147413 0.0158146
787 -1.03936 -0.187022 0.0443875 -0.0595354 0.986586 0.150359 0.0222622
788 -1.08553 -0.16011 0.0288535 -0.0481798 0.986988 0.149407 0.0347855
789 -0.986977 -0.10761 0.0672774 -0.0551404 0.988813 0.137145 0.0199866
790 -1.07343 -0.11555 0.0106749 -0.0512877 0.988272 0.138745 0.0379083
791 -1.10399 -0.177874 0.00397175 -0.0465224 0.986528 0.149602 0.047081
792 -1.06216 -0.108459 0.00747771 -0.0482481 0.988333 0.138261 0.0418723
793 -0.983106 -0.184028 0.0251263 -0.0495653 0.987237 0.148102 0.0311822
794 -1.05833 -0.175536 0.0068727 -0.0499359 0.986886 0.146599 0.045512
795 -1.03193 -0.199392 0.025557 -0.0511682 0.986453 0.149904 0.0426733
796 -1.01347 -0.104023 0.00570588 -0.0497562 0.98861 0.135566 0.0423874
797 -1.08015 -0.130074 0.00312959 -0.0430743 0.987502 0.14103 0.0556358
798 -1.0623 -0.150487 -0.00569696 -0.0435007 0.987207 0.143278 0.0547902
799 -1.01535 -0.0851386 -0.0369221 -0.0466813 0.988757 0.132566 0.0510542
800 -1.06784 -0.118114 -0.0228907 -0.0458984 0.987165 0.140467 0.0605549
801 -1.02089 -0.111458 -0.00147961 -0.0486039 0.987679 0.138152 0.055144
802 -1.07452 -0.156878 -0.0264932 -0.045121 0.985629 0.148055 0.0676682
803 -1.05548 -0.111195 -0.0413066 -0.0482951 0.986538 0.141839 0.0655166
804 -1.02966 -0.0862124 -0.0304302 -0.048823 0.986774 0.139298 0.0670061
805 -1.0572 -0.0915063 -0.0631903 -0.0449967 0.985804 0.142474 0.0765956
806 -1.00523 -0.105891 -0.0532762 -0.0511117 0.985663 0.143892 0.071777
807 -1.01256 -0.153777 -0.0493461 -0.0495876 0.984234 0.150973 0.0776641
808 -0.997062 -0.123344 -0.0479319 -0.0524584 0.984821 0.144598 0.0804251
809 -0.996743 -0.130547 -0.0369698 -0.0510741 0.984522 0.144475 0.0850573
810 -1.07412 -0.108288 -0.0733376 -0.0458621 0.982975 0.143873 0.104674
811 -1.02923 -0.073775 -0.0819387 -0.0518593 0.983756 0.138462 0.101802
812 -1.05803 -0.150327 -0.0974711 -0.0504088 0.980977 0.150197 0.112178
813 -1.04357 -0.0928951 -0.0979797 -0.0518266 0.982497 0.138046 0.113829
814 -1.05031 -0.123841 -0.0954486 -0.0507728 0.981143 0.143052 0.119653
815 -1.01975 -0.136527 -0.0780175 -0.0496661 0.980838 0.145515 0.11965
816 -1.03142 -0.0434678 -0.115352 -0.0480583 0.98192 0.130931 0.127987
817 -1.08505 -0.0814233 -0.138833 -0.0481473 0.979724 0.136455 0.138577
818 -1.00879 -0.133428 -0.0887328 -0.0546269 0.980005 0.142082 0.128133
819 -1.07488 -0.145908 -0.149698 -0.0522934 0.977422 0.14649 0.143015
820 -1.05693 -0.113993 -0.148336 -0.051955 0.978085 0.141372 0.143753
821 -1.08746 -0.0794814 -0.172834 -0.0517934 0.977478 0.13622 0.152636
822 -1.10954 -0.137381 -0.19128 -0.0518188 0.974653 0.145899 0.161492
823 -1.10625 -0.0721442 -0.208122 -0.0498327 0.975458 0.135882 0.165937
824 -1.06368 -0.123913 -0.186953 -0.0538015 0.975024 0.142892 0.161294
825 -1.0686 -0.118617 -0.18449 -0.0537112 0.974475 0.142153 0.165243
826 -1.12347 -0.0306339 -0.232563 -0.0516189 0.973977 0.12961 0.178622
827 -1.05092 -0.0449449 -0.185998 -0.054983 0.975358 0.13146 0.168439
828 -1.05609 -0.0806599 -0.196242 -0.0539715 0.973444 0.13861 0.174014
829 -1.10294 -0.0492939 -0.233494 -0.0512714 0.972078 0.13402 0.18567
830 -1.07409 -0.0769582 -0.222886 -0.055285 0.971487 0.138317 0.18446
831 -1.09614 -0.0356446 -0.243871 -0.0530384 0.970923 0.133683 0.191377
832 -1.04544 -0.046656 -0.205542 -0.0560783 0.971675 0.134581 0.185986
833 -1.12609 -0.0103369 -0.273237 -0.0491616 0.96846 0.132101 0.205468
834 -1.08 0.0180936 -0.250557 -0.0512228 0.969819 0.127483 0.201434
835 -1.02378 -0.0854993 -0.22768 -0.0557049 0.968504 0.142482 0.196459
836 -1.08836 -0.0330109 -0.271959 -0.049906 0.96628 0.136488 0.212562
837 -1.05884 -0.0475398 -0.264953 -0.054061 0.96619 0.138033 0.210951
838 -1.05026 -0.0402154 -0.267887 -0.0542237 0.965845 0.136391 0.213545
839 -1.08124 0.00977137 -0.305147 -0.0518417 0.96474 0.130107 0.222847
840 -1.07259 0.00867153 -0.312073 -0.0512299 0.96388 0.132351 0.225377
841 -1.02713 -0.0247714 -0.306227 -0.053068 0.961946 0.139337 0.228975
842 -1.03277 0.0369239 -0.33572 -0.0524149 0.961913 0.131392 0.233907
843 -1.03496 0.0477906 -0.325252 -0.0528632 0.961508 0.129464 0.236532
844 -0.992813 0.000105842 -0.304563 -0.0572483 0.961557 0.134916 0.232226
845 -1.02024 -0.0154723 -0.340922 -0.0534088 0.959337 0.137691 0.240544
846 -0.992406 -0.0309697 -0.315369 -0.0554123 0.960209 0.13761 0.236626
847 -0.999611 -0.0200709 -0.355859 -0.0530145 0.958743 0.136278 0.243783
848 -0.903798 -0.0918597 -0.286464 -0.0603614 0.961491 0.144102 0.226111
849 -0.847198 -0.0883152 -0.268173 -0.0606036 0.963247 0.143648 0.218742
850 -0.96038 -0.0392868 -0.349217 -0.0567336 0.958459 0.138145 0.243011
851 -0.909521 -0.0772534 -0.339473 -0.0584054 0.959499 0.144022 0.234963
852 -0.918008 -0.0236255 -0.350314 -0.0577947 0.959955 0.135285 0.23842
853 -0.926026 -0.0172681 -0.367106 -0.0560146 0.958912 0.135613 0.242814
854 -0.953102 0.0307633 -0.409732 -0.0550467 0.957444 0.128476 0.252518
855 -0.902221 -0.0359844 -0.37078 -0.0584781 0.958212 0.137781 0.243776
856 -0.879473 -0.0399718 -0.366621 -0.0588526 0.957908 0.13864 0.244391
857 -0.892365 -0.0786473 -0.371705 -0.0590789 0.955875 0.144995 0.248573
858 -0.853085 -0.0560749 -0.36016 -0.061579 0.956831 0.141093 0.246527
859 -0.878524 -0.0747655 -0.394272 -0.0578099 0.95411 0.145268 0.255401
860 -0.924496 -0.027365 -0.432641 -0.0542082 0.952118 0.139036 0.266837
861 -0.848261 -0.0932958 -0.393097 -0.0598956 0.953374 0.146487 0.256968
862 -0.850994 -0.0399385 -0.386359 -0.0591071 0.953722 0.13834 0.260351
863 -0.89105 -0.0264855 -0.454609 -0.053666 0.949824 0.137314 0.275861
864 -0.829263 -0.0555213 -0.427091 -0.0600567 0.951221 0.139535 0.268519
865 -0.82411 -0.0434194 -0.414755 -0.0584985 0.949342 0.13958 0.2754
866 -0.807396 -0.0347319 -0.40597 -0.0590561 0.94873 0.138836 0.277757
867 -0.865568 -0.0214913 -0.464574 -0.0552567 0.943909 0.139224 0.294278
868 -0.916987 -0.122877 -0.498046 -0.0591187 0.937428 0.152668 0.307287
869 -0.819171 -0.0183593 -0.439491 -0.0587959 0.943878 0.139201 0.293701
870 -0.801435 5.13773e-05 -0.426354 -0.0582338 0.944413 0.13622 0.293493
871 -0.910309 -0.0128605 -0.53496 -0.0549832 0.935975 0.141534 0.317642
872 -0.921278 -0.01977 -0.508955 -0.0527251 0.935184 0.144844 0.31886
873 -0.876795 -0.0442661 -0.478566 -0.0590953 0.936731 0.145486 0.312852
874 -0.99626 -0.0454409 -0.646915 -0.0486615 0.924631 0.151835 0.345883
875 -0.978083 -0.031643 -0.609205 -0.0475204 0.92629 0.14926 0.34271
876 -0.94498 -0.0155134 -0.586704 -0.0508296 0.927605 0.145615 0.340238
877 -0.861 -0.0408114 -0.541637 -0.0595765 0.931088 0.148217 0.327958
878 -0.875215 -0.0364273 -0.540479 -0.0555035 0.930144 0.146649 0.332032
879 -0.892888 -0.000687549 -0.589486 -0.0516461 0.927339 0.144184 0.341446
880 -0.843705 -0.000133909 -0.55552 -0.0590773 0.929586 0.140839 0.335476
881 -0.878197 -0.0761716 -0.579293 -0.0590217 0.924131 0.151898 0.345579
882 -0.866993 -0.113845 -0.566089 -0.0599211 0.923727 0.15869 0.343446
883 -0.903052 -0.0450657 -0.652225 -0.0495549 0.918941 0.150096 0.361335
884 -0.891583 -0.0681711 -0.667988 -0.0530062 0.917227 0.155309 0.362993
885 -0.933454 -0.0302638 -0.686678 -0.0484791 0.914102 0.150038 0.373573
886 -0.820005 -0.0500421 -0.58473 -0.0567052 0.922335 0.148539 0.352164
887 -0.828951 -0.0501411 -0.594393 -0.0617155 0.919951 0.14919 0.357245
888 -0.837394 -0.0449226 -0.612746 -0.0546832 0.917582 0.151947 0.363271
889 -0.795299 -0.029027 -0.623852 -0.0561308 0.918286 0.150664 0.361801
890 -0.795408 -0.107099 -0.592733 -0.0628751 0.916177 0.157593 0.363086
891 -0.798617 -0.154488 -0.590849 -0.0592095 0.913388 0.169415 0.365397
892 -0.802707 -0.0799049 -0.695091 -0.0520153 0.909623 0.165568 0.37745
893 -0.77809 -0.171289 -0.613362 -0.0673858 0.909408 0.171901 0.372676
894 -0.75573 -0.106005 -0.653271 -0.0534819 0.909519 0.168562 0.376168
895 -0.816306 -0.134298 -0.744633 -0.0551598 0.901032 0.17159 0.394533
896 -0.790565 -0.131242 -0.705387 -0.05908 0.901033 0.166645 0.396078
897 -0.785192 -0.11162 -0.740304 -0.061747 0.898701 0.158469 0.404241
898 -0.794845 -0.207377 -0.687537 -0.0679363 0.895598 0.170675 0.405166
899 -0.778553 -0.143835 -0.717339 -0.060465 0.893106 0.166324 0.413572
900 -0.749129 -0.0587396 -0.718014 -0.06394 0.892584 0.150301 0.420255
901 -0.771712 -0.247154 -0.723433 -0.0693587 0.883859 0.179171 0.426475
902 -0.726772 -0.021234 -0.768674 -0.0622535 0.884626 0.146967 0.438135
903 -0.7101 -0.0867454 -0.741741 -0.067954 0.87751 0.152351 0.449608
904 -0.709958 -0.124968 -0.750267 -0.0658196 0.873969 0.159637 0.45427
905 -0.687292 0.0792021 -0.809678 -0.0568176 0.871614 0.131074 0.468915
906 -0.698278 -0.141111 -0.829094 -0.0626902 0.86254 0.168194 0.473081
907 -0.687403 -0.0508758 -0.807722 -0.0581952 0.86402 0.154154 0.47573
908 -0.678389 0.0704184 -0.828175 -0.0550915 0.861939 0.132102 0.486391
909 -0.659688 0.0873849 -0.858402 -0.057803 0.857275 0.132589 0.494124
910 -0.675626 -0.084943 -0.789389 -0.0646584 0.856563 0.15493 0.48797
911 -0.655187 -0.043556 -0.822349 -0.0627676 0.852747 0.151995 0.495762
912 -0.650867 0.0282593 -0.811954 -0.067892 0.852433 0.134657 0.500616
913 -0.618524 0.109528 -0.846444 -0.0612275 0.85145 0.124504 0.50575
914 -0.631171 -0.0157124 -0.818217 -0.0675359 0.848551 0.14333 0.504834
915 -0.616217 0.0205812 -0.816877 -0.0662214 0.848004 0.136604 0.507783
916 -0.62611 -0.0112878 -0.77485 -0.0670023 0.848082 0.140281 0.506546
917 -0.623677 -0.0585874 -0.835398 -0.0675131 0.840242 0.152736 0.515856
918 -0.607265 -0.0477052 -0.836627 -0.064398 0.839448 0.151863 0.517801
919 -0.587864 -0.0109647 -0.764956 -0.0734806 0.844859 0.134897 0.512461
920 -0.575798 0.0129055 -0.73852 -0.0707201 0.846819 0.129402 0.51103
921 -0.557031 0.0535524 -0.867091 -0.0641542 0.836919 0.1331 0.527006
922 -0.577076 -0.0606984 -0.731734 -0.0760264 0.841312 0.139847 0.516582
923 -0.551959 0.00211245 -0.849499 -0.0620469 0.833406 0.141252 0.53069
924 -0.532726 -0.00351523 -0.879714 -0.0662423 0.827248 0.141324 0.539723
925 -0.527448 -0.0937677 -0.815605 -0.0688121 0.829608 0.149659 0.533495
926 -0.530838 -0.172188 -0.754348 -0.0742486 0.830735 0.155327 0.529376
927 -0.502451 -0.0604531 -0.881658 -0.0646858 0.820179 0.150638 0.548115
928 -0.499954 -0.0416325 -0.882268 -0.0646026 0.817985 0.146996 0.552376
929 -0.492125 -0.17747 -0.701208 -0.0783415 0.827122 0.152697 0.535178
930 -0.480297 -0.167155 -0.779623 -0.0767828 0.820037 0.154766 0.545611
931 -0.451553 0.0504096 -0.923298 -0.062935 0.810873 0.130432 0.56702
932 -0.475953 -0.211507 -0.671475 -0.083407 0.824432 0.151551 0.538876
933 -0.459967 -0.211652 -0.803027 -0.078033 0.813332 0.157916 0.554494
934 -0.440404 -0.10342 -0.844139 -0.0726057 0.810087 0.143559 0.563807
935 -0.429227 -0.342936 -0.694013 -0.0886188 0.815322 0.168233 0.546895
936 -0.443554 -0.199201 -0.685573 -0.08429 0.815278 0.147285 0.553647
937 -0.417829 -0.27841 -0.626815 -0.090985 0.816244 0.155004 0.549037
938 -0.370143 -0.4956 -0.508174 -0.106764 0.818757 0.177586 0.535444
939 -0.366734 0.0772911 -0.924462 -0.0606953 0.794176 0.122129 0.592186
940 -0.397156 -0.0673775 -0.762924 -0.073559 0.802578 0.131295 0.577252
941 -0.375315 -0.101792 -0.809236 -0.0725136 0.795978 0.142037 0.58394
942 -0.364834 -0.177799 -0.695268 -0.0796368 0.801292 0.14606 0.574679
943 -0.352797 -0.0848734 -0.775842 -0.073415 0.794735 0.136859 0.586751
944 -0.339487 -0.187948 -0.636826 -0.0846018 0.800963 0.143602 0.575047
945 -0.343805 -0.111521 -0.72184 -0.0777686 0.792819 0.137989 0.588514
946 -0.326749 -0.189093 -0.658795 -0.0842646 0.793309 0.149462 0.584142
947 -0.296285 -0.318228 -0.537517 -0.0977722 0.797379 0.158865 0.573925
948 -0.323075 -0.0274881 -0.79329 -0.0738511 0.778938 0.133697 0.608215
949 -0.304068 -0.0335613 -0.816171 -0.0732794 0.773832 0.137906 0.613837
950 -0.297066 -0.163512 -0.651152 -0.0846544 0.782327 0.148607 0.598928
951 -0.248563 -0.32577 -0.506062 -0.099199 0.789228 0.163479 0.58357
952 -0.28293 -0.148878 -0.648707 -0.0858423 0.778888 0.146731 0.603684
953 -0.282805 -0.0685924 -0.729015 -0.0795741 0.770875 0.140623 0.616153
954 -0.258781 -0.206826 -0.617424 -0.0917268 0.774973 0.153026 0.606289
955 -0.292482 0.108796 -0.927587 -0.0649344 0.752273 0.122373 0.644122
956 -0.312974 -0.299629 -0.490827 -0.0961048 0.779884 0.158631 0.597814
957 -0.248037 -0.124728 -0.720542 -0.0817624 0.760657 0.14651 0.627097
958 -0.239455 -0.149201 -0.652745 -0.0843341 0.763016 0.146454 0.623896
959 -0.222637 -0.189222 -0.624866 -0.0861678 0.762236 0.14873 0.62406
960 -0.256569 -0.15512 -0.440434 -0.0851387 0.775182 0.140542 0.609994
961 -0.235006 -0.23091 -0.484648 -0.0914638 0.768901 0.148439 0.615135
962 -0.248681 5.40461e-06 -0.597779 -0.0732092 0.759909 0.127178 0.633249
963 -0.167107 0.0644714 -0.846903 -0.0665777 0.736001 0.124382 0.662117
964 -0.216776 0.0794288 -0.779409 -0.0639608 0.73993 0.122496 0.658337
965 -0.168696 0.0124243 -0.836992 -0.073023 0.730312 0.125491 0.667505
966 -0.239193 -0.0147647 -0.709862 -0.0727749 0.738838 0.127797 0.65764
967 -0.304531 0.0852869 -0.524243 -0.0613636 0.752666 0.119062 0.644634
968 -0.2912 -0.0734308 -0.480842 -0.0757354 0.751761 0.132097 0.641615
969 -0.306166 -0.013686 -0.381909 -0.0681871 0.757155 0.128339 0.636865
970 -0.304476 -0.00546871 -0.379575 -0.0691001 0.754724 0.125003 0.640305
971 -0.214375 0.0648011 -0.70057 -0.0675486 0.725437 0.115617 0.675138
972 -0.204739 0.0033298 -0.785465 -0.0712989 0.715256 0.123453 0.684167
973 -0.260141 0.565113 -0.310489 -0.0208469 0.756959 0.0664686 0.649739
974 -0.205572 0.0253224 -0.700227 -0.0720164 0.717262 0.118546 0.682858
975 0.0244279 -0.0890402 -1.15591 -0.0879751 0.667632 0.1319 0.727413
976 -0.182453 0.0878902 -0.522242 -0.0647797 0.726242 0.114149 0.674794
977 -0.0856799 -0.0203179 -0.773794 -0.0768971 0.697373 0.127068 0.70115
978 -0.0736701 0.0461649 -0.717336 -0.0726561 0.697985 0.120619 0.702132
979 -0.200521 0.0449118 -0.681457 -0.0729277 0.699192 0.116971 0.70152
980 0.0379179 -0.0125612 -1.0401 -0.0824907 0.657728 0.123742 0.738429
981 -0.141168 0.0442714 -0.674803 -0.0738846 0.691987 0.117031 0.708519
982 -0.180617 0.247072 -0.528693 -0.0550534 0.702118 0.0967403 0.703307
983 -0.0924397 0.0167125 -0.799714 -0.0772346 0.670747 0.120752 0.727704
984 0.021258 0.0387126 -0.891426 -0.0781861 0.655872 0.117378 0.741581
985 0.0175672 0.0337361 -0.901979 -0.078486 0.651543 0.119629 0.744997
986 -0.0444777 0.180513 -0.730324 -0.0639318 0.667165 0.105399 0.734639
987 -0.11671 0.158008 -0.571074 -0.0651127 0.679708 0.106537 0.722778
988 0.00855213 0.0846143 -0.858704 -0.0750438 0.647053 0.113688 0.750177
989 0.0216794 0.148871 -0.797724 -0.0677652 0.651004 0.107331 0.748386
990 0.106571 0.0374277 -0.970083 -0.0810674 0.628972 0.116218 0.764406
991 0.0442148 -0.0199831 -0.77007 -0.0827548 0.647436 0.121882 0.747746
992 0.136799 0.024171 -0.962826 -0.0803666 0.624305 0.115752 0.768366
993 0.0974362 0.0388454 -0.874622 -0.0772067 0.632523 0.113932 0.762216
994 0.0669128 0.122534 -0.814666 -0.0698918 0.637543 0.102557 0.760352
995 0.112436 0.0938621 -0.868585 -0.0763581 0.628555 0.102612 0.767176
996 0.174155 0.101316 -1.00208 -0.0761377 0.611321 0.104683 0.780724
997 0.178187 0.00872358 -0.922661 -0.0882997 0.616435 0.112166 0.774358
998 0.163999 0.0401853 -0.876964 -0.0856971 0.619333 0.105144 0.773322
999 0.0984409 0.162713 -0.745805 -0.0699918 0.632227 0.0954729 0.765686
1000 0.136819 0.0286352 -0.775789 -0.0878208 0.623753 0.103968 0.769682
1001 0.125549 0.0611481 -0.745623 -0.082275 0.624717 0.104676 0.769417
1002 0.169353 0.0240243 -0.813973 -0.0878138 0.61313 0.104668 0.778078
1003 0.181092 0.133379 -0.859327 -0.0773786 0.606538 0.0924365 0.785862
1004 0.257218 -0.00203172 -0.892709 -0.0890317 0.597191 0.109812 0.789543
1005 0.158992 0.123892 -0.686216 -0.0793712 0.620787 0.0895916 0.774788
1006 0.181462 0.0693593 -0.746393 -0.0830819 0.611258 0.0957527 0.781212
1007 0.160343 0.185599 -0.711916 -0.0704147 0.614266 0.0844087 0.781406
1008 0.221052 0.165141 -0.777532 -0.0714964 0.601028 0.0878432 0.791162
1009 0.262557 -0.150175 -0.704186 -0.104158 0.601983 0.117272 0.782953
1010 0.258395 0.000606204 -0.735681 -0.0888566 0.597255 0.101855 0.79058
1011 0.227512 0.0522463 -0.720564 -0.0827055 0.596557 0.0967943 0.792408
1012 0.240436 0.133447 -0.75951 -0.0753989 0.589413 0.0865123 0.799639
1013 0.27678 0.00150127 -0.716284 -0.0877825 0.589241 0.102525 0.796604
1014 0.222732 0.207547 -0.711396 -0.064955 0.590186 0.0818265 0.800479
1015 0.319438 0.0794898 -0.867694 -0.0779356 0.565659 0.0978436 0.815097
1016 0.331258 0.0367161 -0.842224 -0.0817225 0.564417 0.103324 0.814911
1017 0.278356 0.137733 -0.793932 -0.0728027 0.569221 0.0920468 0.813766
1018 0.299495 0.0162445 -0.781033 -0.0848369 0.565877 0.105101 0.813351
1019 0.327731 0.114315 -0.86297 -0.0787911 0.553828 0.0912876 0.823853
1020 0.290094 0.0876225 -0.789402 -0.0792406 0.55999 0.0954837 0.819155
1021 0.292621 0.0293789 -0.74279 -0.0872186 0.561597 0.0996362 0.816746
1022 0.348119 0.0232931 -0.837286 -0.0867068 0.545761 0.103417 0.827002
1023 0.338818 0.0838467 -0.808251 -0.084251 0.546659 0.0915217 0.828063
1024 0.310355 0.101651 -0.723785 -0.0801755 0.553762 0.0908586 0.823811
1025 0.349443 0.0427497 -0.777386 -0.0870626 0.542424 0.0975268 0.82987
1026 0.45557 -0.0462034 -0.884129 -0.0988581 0.521275 0.105826 0.841012
1027 0.425908 -0.0356111 -0.841642 -0.0940714 0.522786 0.104855 0.840744
1028 0.374983 0.113029 -0.784773 -0.0761496 0.528353 0.089909 0.84081
1029 0.436084 0.00736021 -0.822103 -0.0898872 0.516065 0.0975147 0.84622
1030 0.441067 -0.0461631 -0.77824 -0.0940585 0.515987 0.10501 0.844916
1031 0.389213 0.119387 -0.791903 -0.0818754 0.51396 0.0840878 0.849747
1032 0.428218 0.089178 -0.738815 -0.0853314 0.514475 0.0841114 0.849093
1033 0.43023 0.0539592 -0.743251 -0.0891931 0.511519 0.0859654 0.850296
1034 0.462501 0.00288697 -0.769567 -0.092988 0.50321 0.09273 0.854128
1035 0.42815 0.221066 -0.772727 -0.0757715 0.500668 0.0656407 0.859815
1036 0.423914 0.0957651 -0.64298 -0.0878848 0.510826 0.0817256 0.851266
1037 0.531222 0.0201727 -0.79591 -0.0946628 0.483103 0.0913188 0.865628
1038 0.440832 0.0663506 -0.649136 -0.0932584 0.500099 0.0827946 0.856942
1039 0.335115 0.257497 -0.602738 -0.0691801 0.505767 0.0640028 0.857507
1040 0.335479 0.355594 -0.586061 -0.0623805 0.503768 0.0492812 0.860173
1041 0.359023 0.158782 -0.594923 -0.0804218 0.496084 0.0671466 0.861931
1042 0.407083 0.409548 -0.712705 -0.0557421 0.474916 0.0351587 0.87756
1043 0.582114 0.0244949 -0.752475 -0.101369 0.456209 0.0718625 0.881154
1044 0.581023 0.0498468 -0.765719 -0.0958655 0.450839 0.0696455 0.884705
1045 0.792008 -0.0928108 -0.917753 -0.116832 0.415276 0.0808516 0.898532
1046 0.744406 -0.0949384 -0.860234 -0.116581 0.419703 0.0808756 0.896503
1047 0.69884 0.0370435 -0.833015 -0.101973 0.422006 0.0631579 0.898623
1048 0.800671 -0.123681 -0.816773 -0.121196 0.411099 0.0815482 0.89981
1049 0.684 -0.0127823 -0.769005 -0.107032 0.419328 0.0686286 0.898887
1050 0.737278 -0.110541 -0.777891 -0.115718 0.409606 0.0811029 0.901252
1051 0.614594 0.0983319 -0.735125 -0.0920602 0.418599 0.0553606 0.901795
1052 0.651645 0.0623898 -0.757828 -0.094254 0.407296 0.0613963 0.906343
1053 0.840342 -0.266926 -0.770549 -0.136627 0.37973 0.0938961 0.910122
1054 0.695537 0.0721364 -0.763617 -0.0936224 0.387799 0.0589855 0.915078
1055 0.641784 0.151783 -0.714333 -0.0847078 0.393908 0.0521522 0.913751
1056 0.704158 0.0469977 -0.722886 -0.0976274 0.383218 0.0604461 0.916493
1057 0.750719 -0.0236545 -0.734802 -0.105559 0.373951 0.0649362 0.919131
1058 0.763235 -0.0303108 -0.730199 -0.103104 0.370299 0.0659121 0.920817
1059 0.750148 -0.0807735 -0.702178 -0.109332 0.369439 0.0678028 0.920307
1060 0.744088 0.0253804 -0.707118 -0.0939651 0.366607 0.0605382 0.923637
1061 0.877052 -0.0779607 -0.744236 -0.107397 0.347741 0.068614 0.928889
1062 0.879421 -0.00501039 -0.76679 -0.100178 0.341282 0.0580193 0.932805
1063 0.77183 0.159231 -0.738528 -0.078844 0.351186 0.0406701 0.932093
1064 0.760141 0.125007 -0.729585 -0.0784588 0.348877 0.0467787 0.932706
1065 0.793807 0.0774835 -0.740959 -0.0890156 0.340804 0.0438556 0.934883
1066 0.825109 0.181865 -0.745418 -0.074262 0.335764 0.0370769 0.938282
1067 0.850398 -0.077735 -0.670361 -0.10833 0.334585 0.0548573 0.93451
1068 0.740966 0.33266 -0.737097 -0.0525437 0.337285 0.018586 0.939751
1069 0.76045 0.173334 -0.685629 -0.0689379 0.335687 0.0294472 0.938986
1070 0.77989 0.111616 -0.704117 -0.0784952 0.329618 0.0353472 0.940181
1071 0.856247 -0.0479562 -0.646584 -0.0971464 0.325017 0.0459971 0.93958
1072 0.781779 0.102417 -0.646219 -0.0763921 0.329505 0.0357716 0.940378
1073 0.819386 -0.035752 -0.646906 -0.0955255 0.324605 0.0409711 0.940121
1074 0.798072 -0.0335462 -0.635593 -0.0926546 0.32605 0.0401526 0.939944
1075 0.826573 0.0760287 -0.679317 -0.0803186 0.316312 0.0304383 0.944759
1076 0.874714 0.00947153 -0.679818 -0.0901547 0.309942 0.0334471 0.94588
1077 0.856963 0.111725 -0.670718 -0.0782686 0.310316 0.023712 0.947109
1078 0.737564 0.0806971 -0.580305 -0.0798781 0.329015 0.0251334 0.940605
1079 0.794796 0.135406 -0.635434 -0.0733015 0.316349 0.0211616 0.94557
1080 0.850981 0.0945499 -0.644602 -0.0772973 0.30727 0.0248439 0.948152
1081 0.791828 0.0700836 -0.606915 -0.0810878 0.312619 0.0253749 0.946071
1082 0.83156 0.0439372 -0.599453 -0.0843163 0.304668 0.027953 0.948307
1083 0.843081 0.0397009 -0.615099 -0.0811451 0.30058 0.027651 0.949896
1084 0.783161 0.0704911 -0.558307 -0.0762621 0.307361 0.0257337 0.948183
1085 0.798294 0.139419 -0.585707 -0.0672036 0.302072 0.0197808 0.950708
1086 0.870348 0.00972784 -0.582066 -0.0840572 0.289343 0.0277177 0.953125
1087 0.876139 0.0710786 -0.59729 -0.0751713 0.285727 0.0209828 0.955128
1088 0.835718 -0.00743281 -0.541457 -0.0857083 0.290127 0.0240219 0.95284
1089 0.78241 -0.0169883 -0.517849 -0.0851255 0.292054 0.0196301 0.952404
1090 0.835823 0.03179 -0.499082 -0.0784198 0.282575 0.022834 0.955762
1091 0.871812 0.0441891 -0.507873 -0.0750669 0.275287 0.0182638 0.958253
1092 0.810403 0.0671777 -0.502138 -0.0680113 0.28041 0.0146338 0.957356
1093 0.860403 0.00786919 -0.500204 -0.0768753 0.272187 0.0172041 0.959014
1094 0.889007 0.0378846 -0.485198 -0.0734341 0.266242 0.0151413 0.960986
1095 1.03066 0.0090591 -0.535565 -0.0784857 0.242548 0.015113 0.966841
1096 1.02986 0.0267486 -0.509348 -0.0750363 0.238988 0.0130733 0.968031
1097 0.98244 -0.00208821 -0.492219 -0.077601 0.24334 0.0086932 0.966793
1098 0.929056 0.0191225 -0.496946 -0.0745649 0.247323 0.0114178 0.965992
1099 0.987073 0.0717435 -0.512362 -0.0654245 0.235131 0.00872478 0.96972
1100 1.02373 0.0470003 -0.492207 -0.0694835 0.228367 0.00687687 0.971068
1101 1.05792 -0.0397224 -0.492525 -0.0831296 0.221713 0.0117341 0.971491
1102 1.05297 0.0256502 -0.479928 -0.071015 0.217711 0.0052409 0.973412
1103 1.15314 0.0231354 -0.502684 -0.0723523 0.201218 0.00704447 0.976845
1104 1.17878 -0.0886317 -0.431175 -0.090442 0.195404 0.0122442 0.976467
1105 1.13348 -0.0435493 -0.473251 -0.0792237 0.199245 0.0046333 0.976731
1106 0.899366 -0.0201578 -0.396905 -0.0733663 0.228887 0.00677047 0.970661
1107 0.839724 0.00645565 -0.374598 -0.0684157 0.23524 0.00469294 0.969515
1108 0.947461 0.0126796 -0.376797 -0.0671357 0.217386 0.00491715 0.973762
1109 0.906671 -0.0172465 -0.349487 -0.0714453 0.220556 0.00539516 0.972739
1110 0.919255 0.00532444 -0.366733 -0.0668293 0.217311 0.00162313 0.973811
1111 0.948222 0.0254387 -0.347985 -0.0608577 0.210552 -0.0032447 0.975681
1112 0.855192 -0.000789354 -0.335948 -0.0622011 0.223742 -0.00017432 0.972662
1113 0.928205 0.0157433 -0.319983 -0.0614948 0.210451 0.00193824 0.975666
1114 0.93285 0.0152801 -0.300926 -0.0613801 0.207351 -0.0028798 0.976335
1115 0.826974 0.00924261 -0.265462 -0.0608714 0.224439 0.00101574 0.972585
1116 0.968004 -0.0561054 -0.283703 -0.0701589 0.198968 -0.00209958 0.977489
1117 0.895139 0.0338546 -0.2932 -0.0547388 0.211188 0.000656774 0.975911
1118 0.957957 0.0148723 -0.25647 -0.0587659 0.199633 -0.00323451 0.978102
1119 0.945611 0.00545377 -0.248634 -0.0603458 0.199265 0.00108743 0.978085
1120 0.940731 -0.0404095 -0.24725 -0.0657352 0.197716 -0.00197726 0.978051
1121 0.988618 -0.0324979 -0.245806 -0.0647564 0.185659 0.000710981 0.980478
1122 1.01677 0.0897238 -0.275944 -0.0411792 0.179371 0.00247265 0.982916
1123 0.844473 -0.0772626 -0.181428 -0.0672982 0.203956 -0.00433909 0.976655
1124 0.937481 -0.100879 -0.169759 -0.0715525 0.185695 -0.00355687 0.979992
1125 0.862421 -0.141992 -0.139593 -0.0795457 0.195502 -0.00418985 0.977463
1126 1.14474 0.169304 -0.288503 -0.0247919 0.148762 0.00348287 0.988556
1127 0.875999 -0.0431642 -0.185519 -0.0640463 0.188416 -0.000107008 0.979999
1128 0.967379 -0.0314281 -0.165385 -0.0616646 0.171701 0.00137807 0.983216
1129 0.846668 -0.198612 -0.0866165 -0.0862565 0.189907 -0.00613189 0.977986
1130 0.967731 -0.247777 -0.118283 -0.0952892 0.168967 -0.00570724 0.980988
1131 0.797973 -0.126585 -0.092172 -0.0751077 0.195397 -0.0036173 0.977837
1132 0.843419 -0.0513227 -0.0891065 -0.0592916 0.186558 -0.00429962 0.980644
1133 0.88733 -0.169655 -0.0945954 -0.0792544 0.177673 -0.00627519 0.980873
1134 0.876175 -0.185205 -0.047518 -0.0835529 0.177084 -0.00923146 0.980599
1135 0.931858 -0.186451 -0.0679337 -0.0854256 0.167194 -0.00403723 0.982208
1136 1.05357 0.20335 -0.169603 -0.0150747 0.144933 0.00233225 0.989324
1137 0.981824 -0.14711 -0.0787636 -0.0723874 0.155032 -0.00179671 0.985252
1138 0.94516 -0.187848 -0.0679314 -0.0779862 0.158785 -0.0111626 0.984165
1139 0.970357 -0.0584684 -0.0977549 -0.0558892 0.153358 -0.00788631 0.986557
1140 1.03009 -0.0379587 -0.0951476 -0.0522087 0.140889 -0.00436757 0.988638
1141 0.979962 -0.0907686 -0.046128 -0.0624365 0.149274 0.000556418 0.986822
1142 0.954743 -0.147336 -0.0281543 -0.0698778 0.149593 -0.00434106 0.986266
1143 1.00614 -0.115539 -0.0164266 -0.0641154 0.141334 -0.00427389 0.987874
1144 0.938595 -0.224929 0.00553574 -0.080984 0.152032 -0.0075136 0.985024
1145 0.965711 -0.0632221 0.00196852 -0.0541186 0.144537 -0.00244364 0.988015
1146 0.962537 -0.126014 -0.00513445 -0.0637017 0.144411 -0.00434869 0.987456
1147 1.03703 0.00197086 -0.0176717 -0.040629 0.131277 -0.00372636 0.990506
1148 1.11378 0.0668574 -0.0808376 -0.0267236 0.118203 -0.00456081 0.992619
1149 1.04627 -0.00776779 -0.0371588 -0.0401562 0.127472 -0.00372221 0.991022
1150 0.85543 -0.226996 0.0641213 -0.0791113 0.156241 -0.0139216 0.984447
1151 1.09103 0.186723 -0.0443512 -0.00505215 0.11978 -0.00143267 0.992787
1152 0.921892 -0.1889 0.070056 -0.0704779 0.146306 -0.0121148 0.986651
1153 0.942366 -0.149844 0.0557985 -0.0631744 0.143359 -0.00558419 0.987637
1154 0.940193 -0.127465 0.0992365 -0.0597371 0.143072 -0.00529933 0.987894
1155 0.954361 -0.155413 0.0937795 -0.0622997 0.137554 -0.00768319 0.988503
1156 0.927013 -0.185606 0.13608 -0.0635365 0.141178 -0.00535581 0.987929
1157 0.843615 -0.271366 0.138619 -0.0758925 0.154221 -0.0103916 0.985063
1158 0.942745 -0.126348 0.129407 -0.0487273 0.136869 -0.00777148 0.989359
1159 1.01068 -0.194953 0.119103 -0.0591956 0.125554 -0.0061292 0.9903
1160 0.921106 -0.29646 0.173656 -0.0782437 0.141338 -0.00475005 0.986853
1161 0.874766 -0.210252 0.178647 -0.061284 0.147246 -0.00317528 0.987194
1162 0.993566 -0.0673132 0.085353 -0.032433 0.129591 0.000511656 0.991037
1163 0.933331 -0.221819 0.200097 -0.0628385 0.138823 -0.00216989 0.988319
1164 1.00448 -0.230783 0.165832 -0.060706 0.126822 -0.00301947 0.990061
1165 0.879938 -0.251574 0.221793 -0.0632483 0.151133 -0.00468789 0.986477
1166 0.880603 -0.207494 0.210789 -0.0517512 0.150324 -0.00506164 0.987268
1167 0.902795 -0.284264 0.27648 -0.0676613 0.146593 -0.00623844 0.98686
1168 0.960659 -0.192608 0.237301 -0.0494174 0.137279 -0.000701218 0.989299
1169 0.903753 -0.278343 0.28331 -0.0650451 0.147657 -0.00040779 0.986897
1170 1.00638 -0.1523 0.237503 -0.0375036 0.127879 3.70658e-05 0.99108
1171 0.91158 -0.105221 0.273407 -0.0270958 0.145244 0.00262365 0.989021
1172 0.999179 -0.168106 0.266674 -0.034535 0.129345 0.00197131 0.990996
1173 1.03569 -0.0488448 0.219408 -0.00808103 0.12274 0.0066388 0.992384
1174 0.930042 -0.189909 0.30207 -0.0339557 0.141279 -0.000125558 0.989387
1175 0.863332 -0.245306 0.332162 -0.0465444 0.152895 -0.000185413 0.987146
1176 0.908945 -0.148307 0.326003 -0.0255121 0.144714 -0.000928046 0.989144
1177 0.964196 -0.257959 0.354192 -0.042778 0.133729 -0.00359406 0.990088
1178 0.960411 -0.173716 0.349942 -0.0263314 0.133447 -0.000226146 0.990706
1179 0.934787 -0.136849 0.359505 -0.0181863 0.138699 0.000290307 0.990168
1180 0.957235 -0.0642911 0.332927 -0.00435827 0.134427 0.00646133 0.990893
1181 0.996799 -0.121548 0.357075 -0.0184466 0.123631 0.000998329 0.992156
1182 1.01729 -0.0410209 0.347877 -0.00227684 0.119968 0.00521651 0.992761
1183 0.998193 -0.0734341 0.363668 -0.00881365 0.122511 0.0055238 0.992413
1184 0.962634 -0.170436 0.395441 -0.0311026 0.129548 0.00298743 0.991081
1185 1.03989 -0.0283347 0.336679 0.000397272 0.115986 0.00304487 0.993246
1186 0.98962 -0.0997218 0.402785 -0.017077 0.125439 0.00441236 0.991945
1187 0.966819 0.690098 0.363178 0.138196 0.12971 0.0265109 0.981516
1188 1.0338 -0.14198 0.378554 -0.0212443 0.114672 0.00441357 0.993166
1189 1.0738 0.0168915 0.361773 0.00630826 0.105478 0.00832413 0.994367
1190 1.03751 -0.108301 0.400645 -0.0176074 0.111858 0.00528441 0.993554
1191 1.09035 -0.0994355 0.421501 -0.0162112 0.101349 0.00372288 0.994712
1192 1.08938 -0.00638731 0.425175 0.00209668 0.10217 0.00600897 0.994747
1193 1.04159 -0.10879 0.453978 -0.0196495 0.110657 0.00686651 0.993641
1194 0.984157 -0.192214 0.487457 -0.0358677 0.122557 0.00674239 0.99179
1195 1.05507 0.713825 0.441762 0.146842 0.108652 0.0344874 0.98257
1196 0.995656 0.785949 0.495338 0.163028 0.122835 0.0337497 0.978363
1197 1.00834 0.632736 0.456154 0.134126 0.120447 0.0326227 0.983076
1198 1.06746 -0.229345 0.556699 -0.0454635 0.109128 0.00320929 0.992982
1199 1.1016 -0.346873 0.609758 -0.0707524 0.100588 0.00109607 0.992409
1200 1.11314 -0.0033657 0.490478 0.00113243 0.102515 0.0113216 0.994666
1201 1.13159 -0.0289365 0.518129 -0.00328495 0.10008 0.0133576 0.994884
1202 1.08738 0.508563 0.480449 0.10735 0.109215 0.0295366 0.987763
1203 1.12178 -0.217326 0.569431 -0.043069 0.101719 0.00931499 0.993837
1204 1.14171 0.11 0.531752 0.0276256 0.101979 0.0202443 0.994197
1205 1.14005 0.552731 0.476403 0.118131 0.102656 0.0356698 0.987033
1206 1.1049 -0.0682547 0.572487 -0.00975314 0.111505 0.014499 0.99361
1207 1.09642 -0.223002 0.638662 -0.0433388 0.113554 0.00854313 0.992549
1208 1.12836 0.278365 0.532456 0.062251 0.109901 0.0250571 0.991675
1209 1.13892 -0.183931 0.618024 -0.0373939 0.104173 0.0097465 0.993808
1210 1.18454 -0.400335 0.726174 -0.0869155 0.0898312 -0.0027918 0.992153
1211 1.19297 -0.225336 0.684992 -0.0446682 0.0886762 0.0012662 0.995058
1212 1.0729 0.516573 0.577508 0.11224 0.118128 0.0373186 0.985929
1213 1.15692 0.00868663 0.629288 0.00448565 0.0957737 0.0105513 0.995337
1214 1.08977 -0.0270174 0.63039 -0.0015689 0.104736 0.0129438 0.994415
1215 1.11386 -0.21135 0.697797 -0.0432409 0.0972168 0.00308079 0.994319
1216 1.06064 -0.210124 0.703759 -0.043684 0.104226 0.00462267 0.993583
1217 1.05784 -0.32083 0.758207 -0.0687249 0.100143 0.000451003 0.992597
1218 1.04454 -0.0628049 0.666937 -0.00837064 0.105219 0.00387174 0.994406
1219 1.06053 -0.114535 0.706094 -0.0219117 0.100052 0.00428417 0.994732
1220 1.09771 -0.230393 0.759468 -0.0509753 0.0883296 -0.00335102 0.99478
1221 1.11891 -0.22502 0.763295 -0.0498766 0.0825764 0.000810903 0.995336
1222 1.04206 -0.263514 0.7699 -0.0576379 0.0951251 -0.00608657 0.993777
1223 1.1174 -0.344515 0.810855 -0.0789523 0.0763815 -0.00465248 0.993937
1224 1.04272 -0.0902671 0.724556 -0.0170117 0.0921413 0.000366311 0.995601
1225 1.0956 -0.408258 0.857198 -0.0947673 0.0756651 -0.00907637 0.992578
1226 1.01398 -0.10268 0.75598 -0.0209521 0.0920389 -0.00266382 0.995531
1227 1.07029 -0.0805411 0.754437 -0.0150092 0.0801037 0.000748763 0.996673
1228 0.970737 -0.220452 0.831533 -0.0500415 0.0954668 -0.00985236 0.994125
1229 1.0321 -0.293997 0.880813 -0.0678469 0.076994 -0.0150693 0.994606
1230 1.01792 -0.168299 0.804765 -0.0351333 0.0812021 -0.00818679 0.996045
1231 1.02112 -0.13813 0.823267 -0.0305314 0.0790295 -0.00317478 0.9964
1232 1.10229 -0.331712 0.88475 -0.0765234 0.0563337 -0.0126007 0.995395
1233 1.02009 -0.275507 0.848143 -0.0621055 0.074529 -0.00847351 0.995247
1234 1.07386 -0.268108 0.862763 -0.0596333 0.0590374 -0.011644 0.996405
1235 1.08096 -0.388867 0.940514 -0.0908453 0.0545231 -0.0174287 0.994219
1236 0.996476 -0.304481 0.91859 -0.0722065 0.0738708 -0.0148454 0.99454
1237 1.0917 -0.398643 0.957073 -0.096976 0.0496898 -0.0168383 0.993903
1238 1.01391 -0.459714 1.0154 -0.113792 0.0664292 -0.0204894 0.991069
1239 1.07099 -0.427611 0.970156 -0.102888 0.0531619 -0.0153397 0.993153
