0 0 0 -2.5 0 0 0 1
1 -0.0654692 0.0457053 -2.51384 0.0084111 0.00797104 0.000749655 0.999933
2 -0.0607663 0.00196775 -2.5081 0.00140718 0.00631308 0.00146346 0.999978
3 -0.0602184 0.045361 -2.51676 0.0076924 0.00543348 0.00187514 0.999954
4 -0.0447968 0.0244447 -2.51342 0.00579791 0.003099 0.00164706 0.999977
5 -0.0520733 0.0248984 -2.51857 0.00597043 0.00410535 0.00142713 0.999973
6 -0.0459157 -0.00243479 -2.52028 -0.000316741 0.004454 0.00155203 0.999989
7 -0.0517907 0.0347301 -2.52037 0.00382743 0.00440475 0.00240677 0.99998
8 -0.0407477 0.0149119 -2.51225 0.00108715 0.00326511 0.00274588 0.99999
9 -0.0530194 0.0344742 -2.53062 0.00319267 0.00315361 0.00330772 0.999984
10 -0.0350232 0.0197419 -2.51642 0.000126094 0.000950647 0.00305749 0.999995
11 -0.0641546 0.0807781 -2.52933 0.0110426 0.00434125 0.00294812 0.999925
12 -0.0538888 0.0140773 -2.506 0.00173214 0.00309785 0.00359237 0.999987
13 -0.0519076 0.00970575 -2.51272 0.00032104 0.00114449 0.00347832 0.999993
14 -0.046668 -0.00806429 -2.51002 -0.00208235 0.00109188 0.00383686 0.99999
15 -0.043707 0.0295408 -2.5293 0.00328359 0.000595619 0.00290756 0.99999
16 -0.0203041 0.0553329 -2.53031 0.0066368 -0.00278198 0.00300995 0.99997
17 -0.00990748 0.0166107 -2.51369 0.000793308 -0.00391367 0.00368446 0.999985
18 -0.0417977 0.061724 -2.53058 0.00746887 -0.000769056 0.00225318 0.999969
19 -0.048612 0.0178995 -2.5185 0.000849273 0.00133656 0.00478243 0.999987
20 -0.0444489 0.0203925 -2.52869 0.00177556 0.00109136 0.00641718 0.999977
21 -0.0304047 0.010015 -2.5288 0.00204469 0.0025338 0.00922713 0.999952
22 -0.0240747 -0.00493791 -2.51064 -0.000803705 0.00234546 0.00778609 0.999967
23 -0.0466995 0.0421321 -2.51843 0.00649403 0.00718666 0.00621025 0.999934
24 -0.0246455 0.00106929 -2.52936 0.000997717 0.00511586 0.00793213 0.999955
25 -0.0431739 0.039369 -2.52965 0.00702555 0.00999156 0.00603532 0.999907
26 -0.048837 0.00335907 -2.52761 0.00192216 0.0118555 0.00702834 0.999903
27 -0.0557656 0.0224426 -2.54264 0.00422598 0.0149113 0.00766052 0.999851
28 -0.0454438 -0.00412233 -2.52047 0.000114931 0.0159325 0.0101139 0.999822
29 -0.0269935 0.0100326 -2.52513 0.00238227 0.0161168 0.00947453 0.999822
30 -0.0358189 0.0211388 -2.5319 0.00314103 0.0194377 0.00808511 0.999773
31 -0.0530989 0.0114379 -2.52725 0.000563904 0.0253395 0.00858309 0.999642
32 -0.0385026 0.0374325 -2.5277 0.00513239 0.0288247 0.0117287 0.999502
33 -0.0281107 0.0268564 -2.52957 0.00413384 0.0309725 0.0116615 0.999444
34 -0.0183258 0.0459162 -2.53484 0.00602472 0.0329146 0.0109196 0.99938
35 -0.0288496 -0.00754685 -2.53996 -0.0024617 0.0377115 0.0120374 0.999213
36 -0.0145656 0.039544 -2.53457 0.00459706 0.0398276 0.0113145 0.999132
37 -0.0378973 -0.00878475 -2.52862 -0.00224163 0.0464905 0.0134074 0.998826
38 -0.020388 0.0119564 -2.549 0.000689545 0.0464454 0.0145988 0.998814
39 -0.0129094 0.00132034 -2.54453 -0.00287085 0.0526786 0.0122211 0.998533
40 -0.0365445 0.0170338 -2.54093 -0.000316393 0.0600769 0.0141144 0.998094
41 -0.0137373 -0.0045802 -2.54505 -0.00348072 0.0602916 0.0160556 0.998046
42 -0.0241373 0.00315473 -2.55564 -0.00270723 0.0649603 0.0151734 0.997769
43 -0.0217833 0.00619069 -2.53888 -0.00159831 0.0688509 0.0175123 0.997472
44 -0.0181596 0.0168066 -2.55202 -0.00170825 0.0709267 0.0177883 0.997321
45 0.0142792 -0.00644215 -2.54978 -0.00540416 0.0700048 0.0200996 0.997329
46 -0.0173288 0.00105244 -2.56198 -0.00464941 0.0778951 0.0203371 0.996743
47 0.00175465 0.0092982 -2.56394 -0.00358785 0.0784067 0.0189132 0.996736
48 -0.0292706 0.00054831 -2.54994 -0.00565795 0.0870057 0.0193318 0.996004
49 -0.0114807 -0.000463314 -2.55514 -0.00636821 0.0882489 0.0201613 0.995874
50 -0.0149447 0.014059 -2.54398 -0.0034316 0.0922548 0.020515 0.995518
51 -0.00578842 0.0188951 -2.54831 -0.00235607 0.0948824 0.0211832 0.99526
52 -0.0178965 0.00867208 -2.56764 -0.0039214 0.0993886 0.0230157 0.994775
53 -0.0322103 -0.0180385 -2.54982 -0.00867026 0.105813 0.0244876 0.994047
54 -0.0181923 0.0196424 -2.54439 -0.00296244 0.106815 0.0225303 0.994019
55 -0.0298233 0.026021 -2.5713 -0.00173652 0.112174 0.0240086 0.993397
56 -0.00499934 0.0672871 -2.55371 0.00331281 0.112317 0.0239822 0.993377
57 -0.0081643 0.0266368 -2.569 -0.00298169 0.116239 0.0275416 0.992835
58 -0.00309888 0.0212423 -2.56131 -0.00338598 0.120229 0.0282989 0.992337
59 -0.0304506 0.0405558 -2.56041 -0.000689374 0.128508 0.0296975 0.991263
60 -0.00991535 0.0385406 -2.5746 -0.00179839 0.129014 0.0293519 0.991207
61 -0.0239496 0.0196085 -2.56094 -0.00381224 0.135655 0.0347216 0.99014
62 -0.0126359 0.0333508 -2.57317 -0.00206927 0.137151 0.0321878 0.990025
63 0.0136721 -0.0154452 -2.56527 -0.0101118 0.13866 0.0329874 0.989739
64 0.0208189 0.0342972 -2.58139 -0.0020546 0.140638 0.0313458 0.989563
65 -0.0115957 0.0471684 -2.57092 -0.0016877 0.14934 0.0329036 0.988237
66 -0.0226691 0.0185526 -2.5678 -0.00657759 0.154729 0.0356904 0.98729
67 -0.00915539 0.0211153 -2.57633 -0.00797408 0.157135 0.0360822 0.986886
68 0.0244896 0.0245489 -2.58635 -0.00849452 0.154862 0.0361161 0.987239
69 0.0367236 -0.00171936 -2.58577 -0.0130204 0.156655 0.0351309 0.986943
70 0.027665 0.0248205 -2.56439 -0.00910891 0.162812 0.0369109 0.985924
71 -0.010476 0.000798498 -2.56532 -0.0128668 0.170996 0.0406 0.984351
72 0.0135851 0.0122842 -2.58362 -0.0112628 0.171328 0.040594 0.984313
73 0.0161761 0.0238649 -2.57015 -0.0104864 0.174671 0.0427494 0.983642
74 0.0243307 0.0184589 -2.58857 -0.0122254 0.177222 0.0425543 0.983174
75 0.0200777 0.0181415 -2.58451 -0.0121879 0.182234 0.0457622 0.982114
76 -0.0144129 0.0180455 -2.56809 -0.0118493 0.192275 0.0451643 0.98023
77 0.0157139 0.0481518 -2.58788 -0.00738471 0.191032 0.0464743 0.980455
78 0.00177737 0.000536023 -2.5808 -0.0149416 0.198042 0.0465152 0.978975
79 0.0180284 0.0455208 -2.59522 -0.00855025 0.19848 0.0476429 0.978909
80 0.0342289 -0.0298972 -2.58122 -0.0205051 0.202916 0.0488304 0.977763
81 0.0198785 -0.016723 -2.57603 -0.0190537 0.208917 0.0495706 0.97649
82 0.0156695 -0.0073683 -2.58788 -0.0186736 0.213363 0.046887 0.975669
83 0.0138438 0.000494123 -2.59996 -0.0192198 0.217078 0.0459679 0.974882
84 0.0157894 -0.0104934 -2.57161 -0.0203114 0.220919 0.046677 0.973963
85 -0.00922013 0.0344866 -2.58372 -0.0127278 0.226699 0.0478947 0.972703
86 0.0464811 0.00375022 -2.59332 -0.0180847 0.222407 0.0467567 0.973664
87 0.00423732 -0.000968997 -2.59713 -0.0194251 0.233384 0.0509025 0.970857
88 0.0269993 0.0610515 -2.6203 -0.00888083 0.230707 0.0478413 0.971806
89 0.0687246 0.0388775 -2.59639 -0.0101855 0.228945 0.0459138 0.972303
90 0.0249467 -0.0283686 -2.57793 -0.0275314 0.243663 0.0545206 0.967935
91 0.110123 0.00558575 -2.60175 -0.0164174 0.229659 0.0498166 0.971857
92 0.0577593 0.0337683 -2.6127 -0.0107951 0.239628 0.0482582 0.969605
93 0.0732342 0.0281656 -2.60995 -0.0101865 0.242595 0.0507422 0.968746
94 0.11416 0.0145616 -2.61598 -0.0127942 0.241641 0.048591 0.969064
95 0.0833921 0.0295971 -2.64467 -0.0103595 0.246202 0.0493124 0.967908
96 0.102257 0.0523044 -2.64792 -0.00735561 0.247021 0.049051 0.96774
97 0.138063 0.0598754 -2.63823 -0.00687498 0.245619 0.0477119 0.968167
98 0.110508 0.0316373 -2.60761 -0.0108758 0.253194 0.0493355 0.966096
99 0.0991225 0.0368566 -2.60162 -0.00996983 0.257744 0.0480683 0.964965
100 0.132258 0.0466377 -2.65101 -0.00893323 0.253304 0.0448131 0.966307
101 0.0913157 0.0523866 -2.63951 -0.00843112 0.261224 0.0467003 0.964111
102 0.143719 -0.0088125 -2.63941 -0.0172457 0.255087 0.0437446 0.965774
103 0.112622 0.0208457 -2.64085 -0.0120771 0.260512 0.0436919 0.964406
104 0.118026 0.00525155 -2.63717 -0.0146949 0.262095 0.0436937 0.96394
105 0.101181 0.0200955 -2.63149 -0.0111743 0.265252 0.0473565 0.962951
106 0.149794 0.0359983 -2.63849 -0.00934996 0.258765 0.0449101 0.964851
107 0.17784 -0.00390111 -2.64837 -0.0179595 0.257144 0.0422178 0.965283
108 0.166287 0.0237788 -2.65771 -0.013496 0.258347 0.0454791 0.964887
109 0.216921 0.03312 -2.66978 -0.0120818 0.252785 0.0454402 0.966379
110 0.195782 0.0655171 -2.67112 -0.00775892 0.255631 0.0443378 0.965726
111 0.182825 0.0594519 -2.67826 -0.0088662 0.25764 0.0453489 0.965135
112 0.212519 0.070826 -2.66931 -0.00816054 0.254595 0.0446852 0.96598
113 0.15999 0.0266015 -2.64746 -0.015962 0.264532 0.0476814 0.963065
114 0.238533 0.0231783 -2.66651 -0.0174749 0.254564 0.0446843 0.965865
115 0.191159 0.0568386 -2.6558 -0.0139874 0.26448 0.0473817 0.963125
116 0.23517 0.0253966 -2.66521 -0.0211873 0.259743 0.0465019 0.964325
117 0.232981 0.0164614 -2.64976 -0.0238059 0.263148 0.0496491 0.963183
118 0.219226 0.0331604 -2.64993 -0.0212118 0.266289 0.0500971 0.962357
119 0.236417 0.0712483 -2.68827 -0.0162699 0.265114 0.0486601 0.962851
120 0.225496 0.0300586 -2.63163 -0.0236753 0.272485 0.0493354 0.960603
121 0.243058 0.0139659 -2.65041 -0.0271303 0.273124 0.0475283 0.960421
122 0.245005 0.0492616 -2.66306 -0.021021 0.275109 0.0516896 0.959792
123 0.260063 0.102014 -2.68167 -0.0137858 0.275501 0.0469317 0.960055
124 0.245897 0.0531503 -2.67843 -0.0214898 0.279998 0.0475547 0.958581
125 0.277173 0.0717056 -2.66632 -0.0196257 0.27912 0.0476914 0.95887
126 0.249885 0.0540367 -2.66267 -0.0225424 0.284807 0.0458228 0.957224
127 0.236402 0.0803532 -2.68119 -0.0178105 0.288236 0.0508791 0.956041
128 0.287552 0.102998 -2.73044 -0.0137914 0.282434 0.0484127 0.957965
129 0.273847 0.0469606 -2.69278 -0.0220058 0.288025 0.0448506 0.956319
130 0.266369 0.10455 -2.70793 -0.0133858 0.289784 0.0458687 0.955899
131 0.29805 0.103219 -2.70253 -0.0124258 0.288167 0.0455418 0.956416
132 0.322371 0.0609133 -2.71322 -0.0190009 0.28597 0.0416137 0.957146
133 0.301958 0.0987525 -2.69039 -0.013526 0.291788 0.0425976 0.955438
134 0.323136 0.0599513 -2.6967 -0.0199059 0.291243 0.044363 0.955413
135 0.290246 0.0761768 -2.68271 -0.0158006 0.297143 0.0451196 0.953636
136 0.304726 0.10266 -2.7305 -0.0101185 0.293806 0.04432 0.954783
137 0.295494 0.110963 -2.70077 -0.0087547 0.296003 0.0439014 0.954137
138 0.307285 0.118883 -2.71391 -0.00792927 0.294695 0.0412649 0.954667
139 0.318736 0.0912893 -2.68918 -0.0117053 0.294224 0.0383062 0.954897
140 0.315176 0.0823291 -2.68828 -0.0116478 0.294551 0.0438285 0.954559
141 0.349964 0.138109 -2.71335 -0.00272922 0.288662 0.0414458 0.95653
142 0.332721 0.0657847 -2.67276 -0.0137037 0.293778 0.041056 0.954893
143 0.316008 0.124339 -2.66986 -0.00566944 0.296744 0.0407173 0.954072
144 0.364085 0.0813435 -2.65488 -0.0120247 0.291651 0.0372386 0.955724
145 0.359488 0.0722925 -2.64573 -0.0131437 0.292989 0.0369527 0.955311
146 0.373984 0.0310161 -2.64228 -0.0185079 0.290924 0.035732 0.955899
147 0.317789 0.0798651 -2.6777 -0.0120507 0.296526 0.0375557 0.95421
148 0.338374 0.105001 -2.665 -0.00877992 0.293674 0.0410447 0.954984
149 0.394606 0.0899645 -2.67837 -0.0106141 0.285005 0.0388873 0.957678
150 0.36632 0.0408545 -2.64184 -0.0178576 0.290642 0.0406479 0.955801
151 0.415161 0.0659906 -2.65676 -0.0136399 0.282281 0.0419343 0.958318
152 0.380361 0.0567146 -2.6206 -0.013509 0.289433 0.0452179 0.956034
153 0.38802 0.0753489 -2.6108 -0.0105638 0.288653 0.0450263 0.956316
154 0.415311 0.0634878 -2.61564 -0.0126247 0.284662 0.038382 0.957776
155 0.451518 0.082095 -2.66439 -0.0099485 0.277534 0.0355809 0.960005
156 0.428721 0.0657595 -2.5827 -0.0101588 0.285044 0.0351093 0.957817
157 0.41676 0.0638998 -2.60113 -0.0117601 0.284842 0.0384424 0.957731
158 0.425099 0.0789254 -2.61498 -0.00846118 0.281611 0.0347471 0.958862
159 0.406257 0.0642515 -2.6038 -0.0075947 0.284275 0.0354236 0.958058
160 0.406875 0.0772331 -2.60222 -0.00468424 0.282971 0.0322216 0.958576
161 0.442586 0.0821276 -2.589 -0.00333532 0.276689 0.0309094 0.960456
162 0.461148 0.0317023 -2.57773 -0.0108336 0.272811 0.0283449 0.961589
163 0.46335 0.0544824 -2.52881 -0.00526238 0.273612 0.0275116 0.961432
164 0.431412 0.0675189 -2.54866 -0.00340371 0.274167 0.0293106 0.961229
165 0.433423 0.0194983 -2.48909 -0.00803947 0.276991 0.0240231 0.960539
166 0.487152 0.0236133 -2.49038 -0.00750185 0.265494 0.0226801 0.963816
167 0.468361 0.0360889 -2.48595 -0.0041836 0.266623 0.0219747 0.963541
168 0.505576 0.00601282 -2.4794 -0.00897558 0.259221 0.0178819 0.965611
169 0.5011 0.00101395 -2.48185 -0.00880091 0.258251 0.0184601 0.965861
170 0.467902 0.0192862 -2.4713 -0.00516037 0.261785 0.0225964 0.964848
171 0.478814 -0.00546637 -2.44945 -0.00626799 0.260092 0.0224522 0.965303
172 0.51024 -0.0109001 -2.44927 -0.007302 0.253491 0.0225551 0.967047
173 0.521414 0.00820192 -2.44853 -0.00449207 0.250219 0.0240818 0.967879
174 0.494754 0.0278037 -2.47445 0.000625521 0.251015 0.021201 0.967751
175 0.510208 -0.0126766 -2.43454 -0.00412588 0.249528 0.0180281 0.968191
176 0.533794 0.0156926 -2.44131 0.000961793 0.245128 0.0173389 0.969335
177 0.550552 -0.00993822 -2.45952 -0.00343262 0.240576 0.0168365 0.970478
178 0.544446 -0.0126755 -2.44888 -0.00361588 0.237849 0.0171322 0.971144
179 0.528056 0.0634097 -2.46087 0.0102067 0.237317 0.0185644 0.971201
180 0.558155 -0.0254568 -2.4049 -0.00468326 0.234155 0.0161537 0.972054
181 0.597304 -0.0378009 -2.40821 -0.00579034 0.22349 0.0119325 0.974616
182 0.560424 0.00888792 -2.42488 0.00227825 0.226029 0.0145273 0.974009
183 0.564847 -0.0539248 -2.35516 -0.00808615 0.225402 0.0127172 0.974149
184 0.573441 -0.0347517 -2.3769 -0.00524831 0.221398 0.012733 0.975086
185 0.605817 -0.0301719 -2.38087 -0.00327069 0.213676 0.0111838 0.976835
186 0.602551 -0.0175113 -2.39717 -6.92498e-05 0.211697 0.0109369 0.977274
187 0.619242 -0.0119464 -2.37586 0.000736442 0.207861 0.0109137 0.978097
188 0.612218 0.021231 -2.39731 0.0067687 0.205328 0.0130186 0.978583
189 0.58019 -0.0265012 -2.35517 -0.000290506 0.211757 0.0147776 0.977211
190 0.600812 -0.0386269 -2.37125 -0.00132213 0.206658 0.0108814 0.978352
191 0.581385 -0.00716368 -2.34869 0.00607232 0.208741 0.0124963 0.977872
192 0.605673 -0.0346967 -2.35846 0.00127207 0.203138 0.0139691 0.97905
193 0.609814 -0.00942339 -2.33317 0.00664756 0.201557 0.0142157 0.979351
194 0.649552 -0.0346185 -2.32027 0.00287405 0.196004 0.0117522 0.980528
195 0.620825 -0.050846 -2.31796 0.000167726 0.199461 0.0131615 0.979817
196 0.621339 -0.0263003 -2.31152 0.00466826 0.198871 0.0121937 0.979939
197 0.603056 -0.0146445 -2.3284 0.0080768 0.20143 0.0142308 0.979366
198 0.599557 -0.00949511 -2.30224 0.00876293 0.202422 0.0142915 0.979155
199 0.589268 -0.0501032 -2.28872 0.00204225 0.204532 0.0125854 0.978777
200 0.644768 -0.0185364 -2.3069 0.00808031 0.196468 0.0122987 0.9804
201 0.585331 -0.0219628 -2.26273 0.00712755 0.209422 0.0121364 0.977724
202 0.600589 -0.0445578 -2.28328 0.00364784 0.207561 0.010536 0.978158
203 0.618022 -0.0216001 -2.27687 0.00725663 0.20549 0.0133543 0.978541
204 0.617687 -0.0143472 -2.27659 0.00833114 0.207183 0.0134845 0.978174
205 0.60148 -0.0436436 -2.24253 0.00377759 0.211979 0.0147346 0.977156
206 0.633033 -0.0406538 -2.25763 0.00426879 0.206301 0.0152552 0.97836
207 0.610967 -0.0121209 -2.26161 0.0114417 0.209744 0.0183851 0.977517
208 0.605435 -0.0517282 -2.22589 0.00470091 0.21225 0.0184363 0.97703
209 0.606663 -0.00963701 -2.24694 0.0117745 0.210657 0.0170978 0.97734
210 0.599852 -0.0225979 -2.24097 0.0111107 0.213975 0.018326 0.976604
211 0.605168 -0.014341 -2.22044 0.0137335 0.214775 0.0187622 0.976387
212 0.610819 -0.0206803 -2.23032 0.012596 0.214193 0.01964 0.976513
213 0.643054 -0.0214745 -2.20601 0.0125674 0.210012 0.0173569 0.977464
214 0.595946 -0.0398898 -2.18266 0.010473 0.220486 0.0196918 0.975135
215 0.621744 -0.0299903 -2.21614 0.0133535 0.214972 0.0177393 0.976368
216 0.612574 -0.00862339 -2.20664 0.0186019 0.219527 0.018141 0.97526
217 0.597345 -0.0192337 -2.20944 0.0179348 0.223116 0.022463 0.974368
218 0.590677 -0.0187438 -2.18843 0.018074 0.226265 0.0191863 0.973709
219 0.605343 -0.0228562 -2.1828 0.0155471 0.224279 0.0136127 0.974306
220 0.586109 -0.0454248 -2.15468 0.0136556 0.230087 0.0200401 0.972868
221 0.569553 -0.0267462 -2.1353 0.0177233 0.232644 0.0199873 0.972195
222 0.581401 0.0158065 -2.18507 0.0229707 0.228196 0.0187444 0.973164
223 0.579818 -0.0111894 -2.14823 0.0178659 0.228141 0.0191123 0.973277
224 0.606461 -0.06599 -2.12761 0.00797581 0.224515 0.015749 0.974311
225 0.592226 -0.0393045 -2.12223 0.0132937 0.225361 0.0157861 0.974057
226 0.577098 -0.0404052 -2.11457 0.0133701 0.229009 0.0188025 0.973151
227 0.567182 -0.0104454 -2.13113 0.0168817 0.227795 0.0167018 0.97342
228 0.580192 -0.00784636 -2.09922 0.0203637 0.226246 0.0198867 0.973654
229 0.564554 -0.0618779 -2.05228 0.0105308 0.231152 0.0223231 0.972605
230 0.593448 -0.0591559 -2.0721 0.0100602 0.222912 0.0251811 0.974461
231 0.558204 -0.058878 -2.02159 0.0118539 0.229588 0.0297775 0.97276
232 0.589093 -0.0537107 -2.02747 0.0139764 0.221275 0.0219131 0.974865
233 0.616821 -0.10165 -2.01389 0.00675547 0.214093 0.017797 0.976628
234 0.596087 -0.0818145 -2.02588 0.0123841 0.215687 0.0145196 0.976276
235 0.583848 -0.061015 -2.00437 0.0184747 0.216147 0.0211898 0.975956
236 0.622902 -0.0665459 -2.01645 0.0170679 0.208119 0.0120221 0.977881
237 0.606644 -0.0925074 -1.98713 0.0135089 0.210771 0.0152485 0.977323
238 0.617835 -0.112886 -1.99898 0.00934259 0.208216 0.0154061 0.977917
239 0.604798 -0.0478294 -1.98997 0.021522 0.210196 0.0165164 0.977283
240 0.606246 -0.0798367 -1.97467 0.0138044 0.210666 0.0162602 0.977325
241 0.597554 -0.0760209 -1.96122 0.01334 0.211403 0.0188925 0.977125
242 0.65998 -0.0640745 -2.00588 0.0140938 0.195459 0.0098652 0.980561
243 0.61356 -0.0952603 -1.96656 0.00919377 0.204946 0.00850566 0.978693
244 0.663725 -0.118735 -1.98809 0.00137902 0.193123 0.00105714 0.981173
245 0.624062 -0.0869656 -1.95653 0.00963071 0.200727 0.0114179 0.979533
246 0.624487 -0.131652 -1.90307 0.00307117 0.203518 0.015104 0.97895
247 0.602581 -0.123589 -1.91603 0.0043616 0.20383 0.0161752 0.978863
248 0.616283 -0.0827486 -1.89896 0.0150931 0.200412 0.0162815 0.97946
249 0.640211 -0.0897544 -1.91927 0.0131615 0.194589 0.0109158 0.980736
250 0.629719 -0.0892156 -1.9003 0.0140616 0.195042 0.0163347 0.980558
251 0.643899 -0.0509848 -1.94817 0.0205514 0.187465 0.00978234 0.982008
252 0.604187 -0.116378 -1.87901 0.0111511 0.196436 0.0170106 0.980306
253 0.66118 -0.100901 -1.91141 0.0120661 0.182807 0.00561725 0.983059
254 0.635658 -0.122124 -1.86648 0.00982586 0.188041 0.00786787 0.982081
255 0.685383 -0.161847 -1.8811 -0.00136216 0.175902 -1.97347e-05 0.984407
256 0.660158 -0.152342 -1.86978 -0.001656 0.176935 7.18002e-05 0.984221
257 0.636405 -0.147501 -1.83902 0.00127061 0.182463 0.00531409 0.983198
258 0.636585 -0.142012 -1.84587 -8.73447e-05 0.179309 0.00307181 0.983788
259 0.648474 -0.154249 -1.8375 -0.00588102 0.175712 0.000636052 0.984424
260 0.664591 -0.0994431 -1.87458 0.00528391 0.169907 -0.00311301 0.985441
261 0.64873 -0.124862 -1.81347 0.000136346 0.173699 0.000774007 0.984798
262 0.681454 -0.160424 -1.8451 -0.00958443 0.161893 -0.00389064 0.986754
263 0.667162 -0.12227 -1.87285 -0.000312416 0.162346 -0.00385352 0.986726
264 0.676437 -0.151512 -1.82484 -0.00680347 0.158112 -0.00520073 0.987384
265 0.670459 -0.132588 -1.83919 -0.00471109 0.158028 -0.00487497 0.987411
266 0.676864 -0.158976 -1.82527 -0.0101297 0.156253 -0.00723348 0.987639
267 0.680728 -0.185198 -1.7911 -0.0177643 0.155324 -0.0160898 0.987573
268 0.660063 -0.152455 -1.79611 -0.00925276 0.158438 -0.00946746 0.98728
269 0.644237 -0.13568 -1.79618 -0.00563196 0.157643 -0.00341861 0.987474
270 0.690782 -0.221189 -1.789 -0.0379001 0.139825 -0.0152244 0.989334
271 0.637613 -0.17432 -1.78749 -0.0127895 0.157831 -0.00823709 0.987349
272 0.685464 -0.193923 -1.75009 -0.017704 0.148117 -0.00842277 0.988775
273 0.580543 -0.143408 -1.73449 0.0147877 0.177988 0.00900128 0.98388
274 0.638015 -0.157744 -1.77284 -0.00733709 0.154123 -0.00349231 0.988018
275 0.637126 -0.186536 -1.75952 -0.0209029 0.150443 -0.00887967 0.988358
276 0.667153 -0.199515 -1.74793 -0.0175583 0.147679 -0.00783912 0.988848
277 0.674621 -0.211713 -1.75694 -0.0272512 0.142216 -0.00936201 0.989416
278 0.696835 -0.208644 -1.75662 -0.0288167 0.136956 -0.0162547 0.990024
279 0.705279 -0.218053 -1.75385 -0.0315164 0.133982 -0.0181288 0.990317
280 0.663439 -0.0849628 -1.80558 0.00760958 0.145497 -0.00462322 0.989319
281 0.695766 -0.132884 -1.77765 -0.00392331 0.140503 -0.0114094 0.990007
282 0.638972 -0.194978 -1.69182 -0.0223564 0.152518 -0.00847109 0.988011
283 0.673385 -0.201922 -1.72691 -0.0206532 0.146352 -0.0186557 0.988841
284 0.691972 -0.2097 -1.7344 -0.0215917 0.140583 -0.0129192 0.989749
285 0.616596 -0.181847 -1.68187 -0.0137345 0.158131 -0.00484554 0.987311
286 0.707403 -0.211905 -1.73354 -0.0204394 0.136343 -0.0197533 0.990254
287 0.66867 -0.266067 -1.68029 -0.0430735 0.138207 -0.0193786 0.989276
288 0.672733 -0.249328 -1.6834 -0.0272473 0.143814 -0.01407 0.98913
289 0.691033 -0.246708 -1.68899 -0.0397705 0.13221 -0.0202938 0.990216
290 0.716499 -0.323168 -1.68466 -0.0734334 0.114606 -0.0317781 0.990183
291 0.711733 -0.299953 -1.68817 -0.0638275 0.118856 -0.0262415 0.99051
292 0.629092 -0.229222 -1.66482 -0.0300732 0.144871 -0.0140957 0.988893
293 0.639736 -0.243154 -1.63624 -0.0418747 0.140269 -0.013228 0.989139
294 0.650383 -0.287664 -1.64025 -0.0605 0.130071 -0.0200014 0.989455
295 0.698416 -0.33621 -1.66283 -0.0749068 0.116333 -0.0297211 0.989935
296 0.617177 -0.238072 -1.63078 -0.0421233 0.137302 -0.0147757 0.989523
297 0.597921 -0.221707 -1.62003 -0.0332552 0.146702 -0.0171423 0.988473
298 0.633077 -0.254524 -1.60632 -0.0500073 0.130918 -0.0197136 0.989935
299 0.657053 -0.256684 -1.6375 -0.0621711 0.117111 -0.0232065 0.990899
300 0.687866 -0.263997 -1.63672 -0.058597 0.112307 -0.0338317 0.991367
301 0.59325 -0.195345 -1.57246 -0.0292921 0.142154 -0.0131942 0.989323
302 0.617561 -0.254295 -1.60483 -0.0678217 0.115638 -0.0189902 0.990791
303 0.638966 -0.207833 -1.62971 -0.0475344 0.115645 -0.0226299 0.991894
304 0.585025 -0.143395 -1.60193 -0.0115651 0.13417 -0.00624343 0.990871
305 0.536422 -0.236089 -1.53206 -0.0428588 0.138727 -0.00605517 0.989384
306 0.528345 -0.131317 -1.5112 0.00807737 0.153093 -0.00358982 0.988172
307 0.64271 -0.278695 -1.58564 -0.0759254 0.093279 -0.026091 0.992398
308 0.501922 -0.131238 -1.4894 0.0119542 0.151807 -0.00294182 0.988334
309 0.643983 -0.257692 -1.57647 -0.0604656 0.0903202 -0.0263105 0.993727
310 0.490702 -0.117757 -1.46813 0.0240563 0.151272 -0.00480821 0.988188
311 0.529091 -0.147438 -1.50938 -0.000102561 0.126591 -0.014505 0.991849
312 0.537269 -0.167751 -1.49206 -0.00455217 0.1248 -0.0129062 0.992087
313 0.493291 -0.126574 -1.45503 0.0196354 0.138474 -0.00831265 0.990137
314 0.486874 -0.116406 -1.4466 0.0293044 0.141812 -0.00486457 0.989448
315 0.470756 -0.130564 -1.42605 0.0157864 0.139157 -0.00624443 0.990125
316 0.515084 -0.190512 -1.43689 -0.0146988 0.118993 -0.0117993 0.992716
317 0.55088 -0.169415 -1.49513 -0.016344 0.101826 -0.0136413 0.994574
318 0.532415 -0.176419 -1.43762 -0.0151581 0.111132 -0.014981 0.993577
319 0.580421 -0.199738 -1.44621 -0.0235277 0.0953065 -0.0239979 0.994881
320 0.586235 -0.235808 -1.4486 -0.0381913 0.0852736 -0.0220389 0.995381
321 0.513394 -0.178869 -1.40979 -0.011537 0.101476 -0.017969 0.994609
322 0.539793 -0.234643 -1.39554 -0.0297809 0.0920977 -0.0215935 0.99507
323 0.552993 -0.17756 -1.43335 -0.0144106 0.0806453 -0.0237206 0.996356
324 0.554163 -0.214797 -1.40114 -0.0284608 0.0773865 -0.0248646 0.996285
325 0.544735 -0.21228 -1.39521 -0.0231794 0.0704399 -0.0268883 0.996884
326 0.545989 -0.236493 -1.3907 -0.0365391 0.0628672 -0.0288157 0.996936
327 0.517354 -0.184781 -1.38556 -0.00421945 0.0680897 -0.0323286 0.997146
328 0.548276 -0.218952 -1.38647 -0.0317474 0.049851 -0.03409 0.99767
329 0.525392 -0.241432 -1.37622 -0.0255351 0.0522844 -0.0343268 0.997715
330 0.507155 -0.203405 -1.37495 -0.0137106 0.0503896 -0.0302411 0.998178
331 0.537386 -0.201925 -1.37513 -0.022999 0.0354773 -0.0360865 0.998454
332 0.524308 -0.202766 -1.36613 -0.0155588 0.0349758 -0.0380825 0.998541
333 0.524816 -0.214696 -1.37206 -0.020439 0.0284294 -0.0396648 0.998599
334 0.526842 -0.192001 -1.36753 -0.0136829 0.0240411 -0.0396192 0.998832
335 0.519058 -0.217128 -1.36104 -0.0164581 0.0185841 -0.0425326 0.998787
336 0.514288 -0.20852 -1.35477 -0.0119361 0.0156788 -0.0450673 0.99879
337 0.541454 -0.229706 -1.33238 -0.0186124 0.0082953 -0.0456842 0.998748
338 0.503337 -0.223645 -1.3308 -0.0165423 0.00997246 -0.0467119 0.998722
339 0.51323 -0.212452 -1.33304 -0.014833 0.0022447 -0.05028 0.998622
340 0.509188 -0.199749 -1.34183 -0.010071 -0.00131386 -0.0531428 0.998535
341 0.50798 -0.20406 -1.33174 -0.0109926 -0.00693456 -0.051891 0.998568
342 0.504989 -0.240483 -1.32558 -0.0149081 -0.0122035 -0.0556095 0.998267
343 0.494131 -0.221786 -1.31843 -0.0142667 -0.0178316 -0.0523985 0.998365
344 0.478296 -0.236634 -1.3228 -0.0153383 -0.0186741 -0.0576096 0.998047
345 0.473803 -0.253577 -1.30477 -0.0212811 -0.0238375 -0.0540672 0.998026
346 0.453854 -0.206961 -1.36564 -0.0117586 -0.0186013 -0.0582152 0.998061
347 0.458019 -0.242348 -1.34082 -0.022873 -0.0234391 -0.0517749 0.998122
348 0.466428 -0.190307 -1.36246 -0.0104948 -0.0287551 -0.0567513 0.997919
349 0.387756 -0.230719 -1.42286 -0.0257456 -0.0157659 -0.0403193 0.998731
350 0.401981 -0.204768 -1.43429 -0.0192935 -0.0211054 -0.0465496 0.998507
351 0.405913 -0.191474 -1.40655 -0.0127591 -0.02638 -0.0514191 0.998247
352 0.338364 -0.204863 -1.46831 -0.0216722 -0.0166586 -0.0416555 0.998758
353 0.43031 -0.261076 -1.3226 -0.0232661 -0.0463964 -0.0546465 0.997156
354 0.402856 -0.195958 -1.36994 -0.00894578 -0.0426882 -0.0556954 0.997495
355 0.405844 -0.21994 -1.36718 -0.0145531 -0.0476307 -0.0569443 0.997134
356 0.397545 -0.203824 -1.39307 -0.0122452 -0.0482721 -0.0505219 0.997481
357 0.366479 -0.163475 -1.44334 -0.00617469 -0.0407571 -0.0481395 0.99799
358 0.400973 -0.197053 -1.36185 -0.00745771 -0.0569632 -0.0568504 0.996728
359 0.330601 -0.17367 -1.4213 -0.00578134 -0.0443475 -0.0520682 0.997642
360 0.24655 -0.100305 -1.5143 0.010836 -0.0302735 -0.0483535 0.998313
361 0.314689 -0.164035 -1.409 0.00346205 -0.0501419 -0.0552095 0.997209
362 0.350799 -0.161445 -1.37303 0.00545545 -0.0603416 -0.0579974 0.996477
363 0.302858 -0.128676 -1.43624 0.00799521 -0.0502102 -0.0519526 0.997354
364 0.267208 -0.138037 -1.45353 0.00388235 -0.0477267 -0.0506354 0.997569
365 0.292803 -0.123841 -1.41524 0.0124994 -0.057168 -0.0562278 0.996702
366 0.315616 -0.142501 -1.38233 0.0135568 -0.0667861 -0.0608812 0.995816
367 0.328128 -0.17345 -1.33479 0.0128569 -0.0750328 -0.0588471 0.99536
368 0.24697 -0.0868188 -1.4733 0.023469 -0.0557255 -0.0527926 0.996773
369 0.312318 -0.143656 -1.34675 0.0185141 -0.0770194 -0.0624867 0.994897
370 0.302822 -0.0986414 -1.35265 0.0291959 -0.0757156 -0.0697187 0.994261
371 0.147742 -0.103613 -1.50441 0.0165193 -0.0449396 -0.0466057 0.997765
372 0.279999 -0.109131 -1.3952 0.0242451 -0.0755812 -0.0627688 0.994867
373 0.330845 -0.168946 -1.29161 0.0177167 -0.0933265 -0.0691259 0.993075
374 0.24807 -0.100512 -1.38278 0.0254972 -0.0765865 -0.0606834 0.994888
375 0.21001 -0.0430281 -1.42507 0.0256218 -0.0717753 -0.0487558 0.995899
376 0.30201 -0.0557535 -1.31863 0.0131644 -0.0942292 -0.0383623 0.994724
377 0.261616 -0.0849856 -1.33014 0.0239934 -0.0940034 -0.0595674 0.993499
378 0.187056 -0.0354026 -1.41825 0.0255913 -0.079387 -0.0506566 0.995227
379 0.230624 -0.137927 -1.28835 0.0318544 -0.103853 -0.0832338 0.990592
380 0.298979 -0.205186 -1.20599 0.0202667 -0.126761 -0.0863859 0.987957
381 0.285966 -0.181791 -1.2215 0.0196578 -0.126298 -0.0807154 0.988508
382 0.280203 -0.18181 -1.22728 0.0178243 -0.130373 -0.0821038 0.987899
383 0.270851 -0.181195 -1.21779 0.0180777 -0.1343 -0.0830634 0.987288
384 0.287821 -0.181528 -1.22359 0.0186175 -0.140978 -0.0849732 0.986184
385 0.296688 -0.196522 -1.19038 0.0170535 -0.149269 -0.086489 0.984859
386 0.300708 -0.243394 -1.16144 0.00610443 -0.158781 -0.0848621 0.983641
387 0.23684 -0.14861 -1.24769 0.0229152 -0.144493 -0.0864685 0.985454
388 0.273691 -0.212266 -1.18588 0.0128864 -0.161289 -0.0886787 0.982831
389 0.278256 -0.183531 -1.2057 0.0191623 -0.164502 -0.0903985 0.982039
390 0.263244 -0.20197 -1.18209 0.0154598 -0.168964 -0.0911474 0.981277
391 0.275912 -0.222082 -1.1373 0.0131166 -0.179672 -0.0932636 0.979208
392 0.212579 -0.113569 -1.24534 0.0314912 -0.163886 -0.0902805 0.981835
393 0.23957 -0.155532 -1.17901 0.022746 -0.180506 -0.0905959 0.979128
394 0.286884 -0.242897 -1.10086 0.00774191 -0.201646 -0.0937296 0.974933
395 0.27206 -0.214176 -1.11254 0.0132049 -0.198662 -0.0996905 0.974895
396 0.293146 -0.222659 -1.07225 0.0159088 -0.213826 -0.0962262 0.971991
397 0.331314 -0.24083 -1.00262 0.0182406 -0.235497 -0.0969518 0.966855
398 0.348688 -0.236374 -1.00097 0.0203393 -0.242539 -0.0935701 0.965404
399 0.323854 -0.127153 -1.05418 0.0409216 -0.238718 -0.084788 0.966515
400 0.315371 -0.11761 -1.07451 0.039717 -0.236734 -0.0865915 0.966893
401 0.294047 -0.0668886 -1.07612 0.0450554 -0.234402 -0.085034 0.967365
402 0.338475 -0.0298688 -1.04634 0.0564109 -0.249823 -0.0781336 0.963484
403 0.273664 -0.0400254 -1.0952 0.0496606 -0.235602 -0.0869871 0.966674
404 0.288218 -0.060097 -1.09457 0.0452498 -0.242391 -0.0908413 0.964856
405 0.282448 -0.078618 -1.09228 0.0430906 -0.24661 -0.0929168 0.963687
406 0.323596 -0.102593 -1.06128 0.0435686 -0.261531 -0.0940774 0.959611
407 0.300401 -0.0419621 -1.06697 0.0555422 -0.262286 -0.0876996 0.95939
408 0.311753 -0.109815 -1.04193 0.0401018 -0.267221 -0.0948255 0.958119
409 0.291325 -0.0970229 -1.06415 0.0434133 -0.266443 -0.0888617 0.958763
410 0.332543 -0.0571398 -0.996494 0.0508615 -0.283168 -0.0887022 0.953604
411 0.324729 -0.058593 -0.998076 0.0504922 -0.285775 -0.0888439 0.952832
412 0.334214 -0.00726767 -1.01065 0.0597578 -0.287989 -0.089292 0.951587
413 0.310153 -0.0352708 -1.04135 0.0585786 -0.288414 -0.0870797 0.951737
414 0.258144 -0.0675881 -1.03716 0.0508924 -0.285475 -0.0936846 0.952437
415 0.351773 0.0468891 -0.962334 0.0751044 -0.309134 -0.0847325 0.944254
416 0.306268 -0.0380516 -0.979509 0.057169 -0.31015 -0.0922612 0.944472
417 0.334821 0.0775704 -0.972276 0.0811524 -0.32111 -0.0876899 0.939475
418 0.208071 0.0212376 -1.07092 0.062169 -0.296013 -0.0977031 0.948138
419 0.343709 0.118978 -0.960108 0.092174 -0.336178 -0.0811031 0.933762
420 0.198749 0.0209019 -1.05726 0.0612315 -0.30677 -0.0982651 0.944715
421 0.232275 0.0166148 -1.02822 0.0653909 -0.321236 -0.100167 0.939414
422 0.228886 0.024202 -1.02643 0.0670525 -0.328649 -0.1086 0.935788
423 0.0922089 -0.229768 -1.04813 0.00849849 -0.309932 -0.123543 0.94266
424 0.173321 -0.0625616 -1.0222 0.0500203 -0.333351 -0.11232 0.934751
425 0.202418 -0.124137 -0.993027 0.0418897 -0.346956 -0.114364 0.92994
426 0.0625279 -0.161242 -1.09303 0.0266671 -0.318676 -0.125627 0.939123
427 0.0463345 -0.275404 -1.06908 0.0209987 -0.33495 -0.137571 0.931902
428 0.0931906 -0.20832 -1.03622 0.0212904 -0.340842 -0.130585 0.930763
429 0.0959594 -0.193409 -1.03316 0.034428 -0.353321 -0.132411 0.925444
430 0.0992297 -0.185977 -1.05381 0.0345751 -0.354809 -0.129406 0.925294
431 0.0910966 -0.191313 -1.0431 0.0327839 -0.360884 -0.12945 0.923001
432 0.107939 -0.175704 -1.01024 0.0360093 -0.369992 -0.126085 0.919735
433 0.0778163 -0.267783 -0.993358 0.0148328 -0.373558 -0.13117 0.918166
434 0.12309 -0.244001 -0.946778 0.0200801 -0.388574 -0.130958 0.911842
435 0.106966 -0.272273 -0.963565 0.0139104 -0.38929 -0.130426 0.911729
436 0.0935356 -0.249075 -0.971557 0.0202777 -0.393006 -0.132753 0.909677
437 0.12711 -0.261431 -0.952384 0.0183305 -0.403005 -0.13064 0.90564
438 0.0942192 -0.338216 -0.957078 0.00410881 -0.404502 -0.135315 0.904462
439 0.0916271 -0.152973 -0.998432 0.033803 -0.401669 -0.123493 0.90679
440 0.0706609 -0.21133 -1.01555 0.0227373 -0.402211 -0.127726 0.906309
441 0.104719 -0.230714 -0.951072 0.0188731 -0.417116 -0.12906 0.899445
442 0.0487799 -0.216476 -1.00274 0.0217283 -0.410383 -0.131031 0.902189
443 0.0614022 -0.228725 -0.991843 0.0180443 -0.416166 -0.131326 0.899574
444 0.0762875 -0.194565 -0.970644 0.024125 -0.424182 -0.128137 0.896141
445 0.074571 -0.198338 -0.976472 0.0193714 -0.425686 -0.127701 0.895605
446 0.0735116 -0.163799 -0.976842 0.0268547 -0.429423 -0.126596 0.893783
447 0.0811976 -0.175145 -0.949784 0.0257229 -0.437439 -0.127392 0.889807
448 0.0455482 -0.221741 -0.97427 0.0171351 -0.435112 -0.128388 0.891011
449 0.0402151 -0.198369 -0.965837 0.0196441 -0.442895 -0.129074 0.887017
450 -0.00812584 -0.235239 -1.00839 0.0115926 -0.435674 -0.131044 0.890439
451 0.00135327 -0.26646 -0.972294 0.00480652 -0.444499 -0.131559 0.886053
452 -0.00119619 -0.270883 -0.985053 0.00447698 -0.44646 -0.13563 0.884454
453 -0.00328553 -0.261286 -0.988866 0.00649764 -0.449389 -0.133828 0.883231
454 0.0196979 -0.224178 -0.943716 0.0117549 -0.458763 -0.129514 0.878991
455 -0.0122578 -0.247866 -0.982945 0.00801426 -0.454203 -0.130824 0.881204
456 -0.0298135 -0.272276 -0.999536 0.00534347 -0.455143 -0.132088 0.88055
457 -0.0559028 -0.233708 -0.995052 0.00873001 -0.455752 -0.126398 0.881044
458 -0.0505699 -0.260487 -0.993977 0.00349643 -0.459719 -0.128508 0.878711
459 -0.0500245 -0.258353 -1.00193 0.00265613 -0.46138 -0.127904 0.877931
460 -0.0687235 -0.283241 -1.01319 -0.00287941 -0.462435 -0.130306 0.877021
461 -0.0493263 -0.320578 -0.939068 -0.012535 -0.475228 -0.130793 0.869997
462 -0.0664245 -0.282195 -1.01174 -0.00579475 -0.466721 -0.128505 0.875
463 -0.0787997 -0.25251 -1.06448 -0.00367376 -0.463053 -0.126443 0.877257
464 -0.0862472 -0.262359 -1.03407 -0.00322103 -0.468189 -0.127506 0.874374
465 -0.0770212 -0.302399 -0.999 -0.0131604 -0.477335 -0.129894 0.868968
466 -0.0640635 -0.230192 -0.994006 -0.00199514 -0.478253 -0.123762 0.869456
467 -0.0819539 -0.192497 -0.986222 -5.65495e-05 -0.480916 -0.120185 0.86849
468 -0.0705453 -0.209296 -0.982068 -0.00209448 -0.482889 -0.121917 0.86715
469 -0.10435 -0.181137 -1.01361 -0.0063871 -0.484531 -0.119281 0.86658
470 -0.0974128 -0.166849 -0.994276 -0.00554459 -0.489555 -0.118098 0.86392
471 -0.107854 -0.191396 -1.02532 -0.00950998 -0.487346 -0.120872 0.864751
472 -0.096989 -0.221497 -0.980073 -0.0154992 -0.494801 -0.126395 0.859626
473 -0.082072 -0.229822 -0.972257 -0.0215194 -0.499368 -0.123669 0.857248
474 -0.0722528 -0.185289 -0.921591 -0.0194881 -0.509081 -0.11998 0.852093
475 -0.0992294 -0.184646 -0.950836 -0.0208451 -0.505487 -0.124792 0.853508
476 -0.105444 -0.264691 -0.981141 -0.0357057 -0.508664 -0.13323 0.849845
477 -0.0958697 -0.259788 -0.917665 -0.0370096 -0.519181 -0.13123 0.843718
478 -0.0909675 -0.210364 -0.945458 -0.0306342 -0.518432 -0.127657 0.844981
479 -0.113696 -0.211634 -0.960382 -0.0309691 -0.518631 -0.131688 0.844228
480 -0.102148 -0.222788 -0.932355 -0.0369398 -0.524314 -0.132042 0.840414
481 -0.0923162 -0.20225 -0.921259 -0.0344009 -0.528999 -0.131 0.837744
482 -0.108672 -0.208831 -0.949049 -0.0352244 -0.528433 -0.135433 0.837363
483 -0.107818 -0.213594 -0.944418 -0.0401041 -0.533387 -0.137202 0.833706
484 -0.0999175 -0.219484 -0.934054 -0.041577 -0.538227 -0.138776 0.830255
485 -0.113513 -0.272388 -0.933694 -0.0502443 -0.543474 -0.14782 0.824779
486 -0.11454 -0.195769 -0.948616 -0.0403914 -0.5449 -0.142357 0.825341
487 -0.109337 -0.185412 -0.922651 -0.0381468 -0.552874 -0.139985 0.820536
488 -0.102487 -0.227966 -0.953227 -0.0461047 -0.554078 -0.145474 0.818358
489 -0.110642 -0.247187 -0.90838 -0.0494318 -0.564076 -0.150061 0.810467
490 -0.108102 -0.213777 -0.913178 -0.0434226 -0.566212 -0.147387 0.809812
491 -0.108909 -0.257988 -0.930433 -0.0485447 -0.566776 -0.155533 0.8076
492 -0.120216 -0.202285 -0.94789 -0.0449807 -0.568817 -0.151709 0.807099
493 -0.122346 -0.259735 -0.889071 -0.054003 -0.579072 -0.158119 0.797971
494 -0.118599 -0.211216 -0.939571 -0.0412056 -0.577574 -0.158559 0.799731
495 -0.128483 -0.201514 -0.951765 -0.0394584 -0.577536 -0.158521 0.799854
496 -0.106034 -0.244506 -0.917852 -0.0427817 -0.586973 -0.163559 0.791758
497 -0.110725 -0.234014 -0.942601 -0.0433279 -0.587344 -0.162801 0.79161
498 -0.113403 -0.22307 -0.929651 -0.0405406 -0.592836 -0.161218 0.787979
499 -0.125245 -0.266815 -0.934901 -0.0455943 -0.596399 -0.167732 0.783642
500 -0.116095 -0.177038 -0.971535 -0.0329906 -0.597546 -0.159051 0.785209
501 -0.117792 -0.187467 -0.947608 -0.0364484 -0.604977 -0.159317 0.77929
502 -0.117703 -0.22273 -0.936919 -0.041135 -0.611706 -0.16228 0.773168
503 -0.120253 -0.168925 -0.970095 -0.0294765 -0.612769 -0.159373 0.773464
504 -0.116684 -0.199387 -0.953007 -0.0350939 -0.620108 -0.162805 0.766635
505 -0.125757 -0.1914 -0.942743 -0.0334125 -0.626145 -0.160783 0.762217
506 -0.117928 -0.19959 -0.893154 -0.0361893 -0.639228 -0.158707 0.751592
507 -0.122239 -0.169254 -0.993557 -0.0209748 -0.629731 -0.163976 0.75902
508 -0.124845 -0.209264 -0.92069 -0.0326312 -0.643712 -0.163237 0.746943
509 -0.12274 -0.236507 -0.870481 -0.0348764 -0.654946 -0.165905 0.736413
510 -0.104404 -0.212461 -0.889497 -0.0273565 -0.656278 -0.164904 0.73577
511 -0.113569 -0.216964 -0.923195 -0.0255083 -0.654638 -0.169421 0.736271
512 -0.100972 -0.261653 -0.812771 -0.0363313 -0.673293 -0.168108 0.719094
513 -0.108551 -0.261116 -0.865286 -0.0333006 -0.669823 -0.173173 0.721277
514 -0.115654 -0.289515 -0.872308 -0.0384461 -0.67261 -0.175574 0.717838
515 -0.115792 -0.261827 -0.864613 -0.0365435 -0.677632 -0.172058 0.714055
516 -0.131734 -0.24943 -0.848217 -0.0354334 -0.682314 -0.171109 0.709868
517 -0.128914 -0.232836 -0.922983 -0.0301084 -0.676137 -0.17382 0.715345
518 -0.1256 -0.193049 -0.922705 -0.0280934 -0.679997 -0.166249 0.713566
519 -0.123993 -0.232213 -0.879504 -0.0338825 -0.68935 -0.167044 0.704091
520 -0.131583 -0.22893 -0.869286 -0.032256 -0.693848 -0.166818 0.69979
521 -0.141371 -0.218952 -0.965258 -0.0227764 -0.684088 -0.175251 0.707667
522 -0.141313 -0.249947 -0.919722 -0.0284912 -0.69271 -0.177829 0.698369
523 -0.143356 -0.232618 -0.926854 -0.0247608 -0.694447 -0.176946 0.697008
524 -0.129521 -0.202642 -0.933584 -0.0212961 -0.696669 -0.170285 0.696564
525 -0.141 -0.261836 -0.911506 -0.0258453 -0.702337 -0.180575 0.688076
526 -0.143344 -0.2675 -0.916241 -0.0257833 -0.704691 -0.182479 0.685163
527 -0.159403 -0.239146 -0.916967 -0.0220735 -0.707249 -0.178788 0.683628
528 -0.153744 -0.270966 -0.926867 -0.0244809 -0.709093 -0.182843 0.680556
529 -0.144932 -0.251584 -0.951205 -0.0192774 -0.70826 -0.182073 0.681796
530 -0.161456 -0.283095 -0.890973 -0.0249167 -0.718203 -0.184891 0.670358
531 -0.167487 -0.240291 -0.931674 -0.0178993 -0.715656 -0.183047 0.673802
532 -0.149324 -0.262527 -0.93692 -0.018726 -0.717467 -0.184132 0.671555
533 -0.154679 -0.342837 -0.897498 -0.0323111 -0.72594 -0.188433 0.660651
534 -0.176193 -0.194252 -0.586441 -0.0274936 -0.76237 -0.153927 0.627967
535 -0.203864 -0.18948 -0.433321 -0.0387999 -0.779982 -0.145505 0.607413
536 -0.167258 -0.291822 -0.782985 -0.0300782 -0.744952 -0.175401 0.642944
537 -0.209459 -0.118306 -0.600281 -0.0190994 -0.76515 -0.146296 0.62672
538 -0.188655 -0.173377 -0.840933 -0.0126384 -0.742709 -0.16452 0.648966
539 -0.199755 -0.18108 -0.872233 -0.0128304 -0.744139 -0.166399 0.646842
540 -0.192345 -0.232197 -0.822311 -0.0201848 -0.749658 -0.167879 0.639861
541 -0.239879 -0.0685022 -0.880906 0.00250747 -0.750964 -0.147742 0.643598
542 -0.204687 -0.238735 -0.871289 -0.0101596 -0.755295 -0.164572 0.634304
543 -0.211034 -0.237949 -0.8751 -0.00924915 -0.757652 -0.164129 0.631616
544 -0.220263 -0.184483 -0.90318 -0.00182841 -0.755536 -0.156924 0.636032
545 -0.197844 -0.275253 -0.881622 -0.0117456 -0.759785 -0.164231 0.628981
546 -0.22413 -0.213571 -0.875593 -0.00335175 -0.762893 -0.156638 0.627254
547 -0.211578 -0.217696 -0.890893 -0.00128162 -0.761585 -0.159605 0.628102
548 -0.218203 -0.196446 -0.889322 0.00219076 -0.764956 -0.154479 0.625279
549 -0.218076 -0.246255 -0.894125 0.00040626 -0.765848 -0.160459 0.62268
550 -0.21493 -0.285638 -0.918026 -0.00210754 -0.764398 -0.167464 0.622614
551 -0.2367 -0.218286 -0.909254 0.00565568 -0.76724 -0.15934 0.621226
552 -0.23246 -0.169048 -0.915633 0.0118043 -0.7686 -0.151488 0.621423
553 -0.243093 -0.210879 -0.910489 0.00757964 -0.770992 -0.157108 0.617115
554 -0.238538 -0.257074 -0.91497 0.0040363 -0.772343 -0.164123 0.613623
555 -0.224087 -0.318068 -0.919669 -0.00385189 -0.773153 -0.169567 0.611119
556 -0.234113 -0.226506 -0.927062 0.0105993 -0.774936 -0.159967 0.61137
557 -0.236836 -0.307238 -0.919281 0.000178283 -0.778042 -0.169 0.605053
558 -0.239382 -0.219868 -0.942842 0.0137238 -0.777273 -0.158529 0.608709
559 -0.235722 -0.226746 -0.955703 0.0150072 -0.778527 -0.160745 0.606491
560 -0.246887 -0.25383 -0.963404 0.0132762 -0.780372 -0.164386 0.603175
561 -0.25436 -0.217916 -0.966019 0.015376 -0.782689 -0.158287 0.601753
562 -0.247715 -0.229396 -0.966974 0.0161011 -0.785266 -0.159807 0.597963
563 -0.235162 -0.285702 -0.971992 0.0123922 -0.788876 -0.168362 0.59091
564 -0.273449 -0.188041 -0.967689 0.0212184 -0.79245 -0.15573 0.589339
565 -0.246592 -0.259723 -1.00119 0.0168081 -0.791237 -0.166863 0.588063
566 -0.284265 -0.116689 -0.997484 0.0335384 -0.794678 -0.150845 0.587033
567 -0.280684 -0.230236 -0.986489 0.0185675 -0.797895 -0.164132 0.579723
568 -0.258863 -0.233056 -0.979216 0.015397 -0.801351 -0.160655 0.576012
569 -0.257197 -0.239188 -0.993337 0.0176865 -0.801801 -0.16432 0.574283
570 -0.277776 -0.237862 -0.997617 0.0160549 -0.804103 -0.164526 0.571044
571 -0.28533 -0.209485 -0.994253 0.0180929 -0.807817 -0.162745 0.566231
572 -0.300409 -0.142167 -1.01477 0.0247289 -0.808756 -0.156242 0.566472
573 -0.294699 -0.222105 -1.02233 0.0159295 -0.809915 -0.165406 0.562516
574 -0.295864 -0.23221 -1.00352 0.0154679 -0.814505 -0.164775 0.556049
575 -0.291535 -0.206857 -1.02699 0.0182342 -0.815574 -0.161921 0.555237
576 -0.31471 -0.20805 -1.01256 0.0191821 -0.818777 -0.161847 0.550493
577 -0.322354 -0.187715 -1.01853 0.0194403 -0.821495 -0.157989 0.547547
578 -0.31211 -0.169019 -1.04529 0.0228978 -0.820666 -0.157292 0.548855
579 -0.306701 -0.192386 -1.03512 0.0185058 -0.824327 -0.161588 0.542248
580 -0.325274 -0.165397 -1.042 0.0207199 -0.8279 -0.158401 0.537645
581 -0.322084 -0.196312 -1.06018 0.0168345 -0.828621 -0.162564 0.535422
582 -0.34016 -0.198637 -1.03063 0.0170093 -0.834358 -0.165772 0.525431
583 -0.324862 -0.202097 -1.06892 0.0167969 -0.833025 -0.167003 0.527159
584 -0.348401 -0.157753 -1.05798 0.0187905 -0.838458 -0.160981 0.520308
585 -0.34568 -0.158834 -1.08107 0.0228406 -0.838487 -0.165353 0.518726
586 -0.348158 -0.156491 -1.08184 0.0206817 -0.841993 -0.166471 0.512744
587 -0.35769 -0.146596 -1.07288 0.021073 -0.84564 -0.165093 0.507142
588 -0.361515 -0.166041 -1.07467 0.0204724 -0.847518 -0.168488 0.502898
589 -0.375368 -0.149339 -1.07888 -0.0220977 0.850288 0.166677 -0.498739
590 -0.323733 -0.1474 -1.14465 0.0246992 -0.845463 -0.169262 0.505899
591 -0.344146 -0.148186 -1.11332 -0.0218477 0.851268 0.167174 -0.496908
592 -0.389297 -0.148601 -1.0876 -0.0182873 0.858055 0.166957 -0.485318
593 -0.370172 -0.169379 -1.10582 -0.0231496 0.858949 0.171145 -0.482058
594 -0.345824 -0.125168 -1.14382 -0.0299119 0.858028 0.164251 -0.48571
595 -0.365587 -0.122595 -1.15075 -0.0307435 0.859961 0.164809 -0.482037
596 -0.434048 -0.171871 -1.08294 -0.0237811 0.869349 0.169682 -0.463546
597 -0.374944 -0.136565 -1.17299 -0.0306702 0.863843 0.167939 -0.473952
598 -0.410607 -0.158407 -1.12176 -0.0265356 0.871243 0.168053 -0.460423
599 -0.405436 -0.162707 -1.12969 -0.0265259 0.872716 0.169364 -0.457142
600 -0.407371 -0.150216 -1.16079 -0.0242018 0.875851 0.168426 -0.451589
601 -0.458953 -0.189375 -1.14052 -0.0180455 0.881817 0.172751 -0.438441
602 -0.417472 -0.235841 -1.16151 -0.02318 0.879919 0.181577 -0.438446
603 -0.471012 -0.207323 -1.1061 -0.0196193 0.889162 0.17404 -0.422749
604 -0.451949 -0.210097 -1.13287 -0.0233197 0.888853 0.175111 -0.422769
605 -0.471031 -0.165352 -1.13961 -0.0268401 0.892153 0.17042 -0.417492
606 -0.433202 -0.176039 -1.1751 -0.0282328 0.889969 0.171614 -0.421552
607 -0.477543 -0.198241 -1.16487 -0.0250345 0.894864 0.17512 -0.409785
608 -0.478326 -0.206594 -1.14873 -0.0276175 0.897325 0.175982 -0.403826
609 -0.46611 -0.227592 -1.16735 -0.028431 0.897245 0.180934 -0.401754
610 -0.470116 -0.207585 -1.19281 -0.0264306 0.898395 0.178994 -0.400187
611 -0.486526 -0.182169 -1.19403 -0.0296179 0.901466 0.176889 -0.393944
612 -0.473919 -0.218319 -1.20314 -0.0277114 0.902143 0.182253 -0.39007
613 -0.473178 -0.203511 -1.23141 -0.0289544 0.902781 0.182929 -0.388181
614 -0.481451 -0.213208 -1.21347 -0.0273681 0.905877 0.18218 -0.381376
615 -0.479195 -0.16992 -1.23473 -0.0303597 0.907159 0.176998 -0.380543
616 -0.495142 -0.187779 -1.24546 -0.0293095 0.909038 0.178361 -0.375472
617 -0.501982 -0.219934 -1.23214 -0.0266115 0.910877 0.182791 -0.369029
618 -0.489517 -0.199353 -1.27354 -0.0278532 0.912384 0.182939 -0.365121
619 -0.492561 -0.206246 -1.25922 -0.025528 0.915175 0.182151 -0.358642
620 -0.508983 -0.205759 -1.2829 -0.0254873 0.916314 0.18424 -0.354649
621 -0.5075 -0.220815 -1.2875 -0.0258809 0.916779 0.186907 -0.352011
622 -0.505104 -0.217569 -1.28999 -0.0243194 0.918146 0.185387 -0.349353
623 -0.53905 -0.144237 -1.30713 -0.0324405 0.921265 0.17767 -0.344459
624 -0.52751 -0.187232 -1.31374 -0.0274511 0.920869 0.18312 -0.343094
625 -0.544894 -0.191679 -1.31807 -0.0283049 0.922215 0.183065 -0.33942
626 -0.55303 -0.151188 -1.32539 -0.0292411 0.923953 0.176373 -0.338155
627 -0.507149 -0.196599 -1.33783 -0.0297448 0.92126 0.18248 -0.342192
628 -0.543071 -0.168533 -1.34537 -0.0295617 0.924013 0.17753 -0.337357
629 -0.52371 -0.207246 -1.32705 -0.028648 0.923405 0.181211 -0.337144
630 -0.540341 -0.217949 -1.36528 -0.0275312 0.922562 0.185161 -0.337398
631 -0.570522 -0.180468 -1.35707 -0.0278244 0.92558 0.177923 -0.332972
632 -0.542986 -0.194336 -1.37218 -0.0310127 0.923406 0.180292 -0.337423
633 -0.571417 -0.181705 -1.38395 -0.0306717 0.924732 0.179664 -0.334142
634 -0.550352 -0.171028 -1.38086 -0.028853 0.92382 0.180011 -0.336629
635 -0.569143 -0.173449 -1.38695 -0.0282971 0.925071 0.179466 -0.333519
636 -0.559135 -0.201693 -1.39958 -0.0262001 0.924112 0.182117 -0.33491
637 -0.546696 -0.209001 -1.4057 -0.0254572 0.923996 0.182302 -0.335186
638 -0.564574 -0.179548 -1.42582 -0.0261586 0.925063 0.17851 -0.334229
639 -0.553147 -0.1821 -1.4325 -0.0248166 0.925075 0.177513 -0.334827
640 -0.559191 -0.176006 -1.43808 -0.0270642 0.925819 0.176855 -0.33294
641 -0.541274 -0.186312 -1.43605 -0.0279103 0.925255 0.178219 -0.333711
642 -0.578841 -0.215657 -1.44801 -0.0248108 0.926411 0.184853 -0.327072
643 -0.577024 -0.166474 -1.46447 -0.0302206 0.927632 0.17809 -0.326908
644 -0.572895 -0.193066 -1.46001 -0.0266167 0.927898 0.180815 -0.324965
645 -0.55179 -0.198474 -1.47233 -0.0293425 0.92739 0.181728 -0.325672
646 -0.599295 -0.165108 -1.47625 -0.0299555 0.931007 0.176748 -0.317944
647 -0.560593 -0.176861 -1.47646 -0.0317474 0.929991 0.179839 -0.31901
648 -0.5838 -0.208742 -1.48305 -0.027516 0.93135 0.184285 -0.31284
649 -0.573759 -0.192848 -1.50238 -0.0307015 0.931728 0.183501 -0.311879
650 -0.564346 -0.181888 -1.5042 -0.0288722 0.932679 0.180761 -0.310809
651 -0.584609 -0.112792 -1.51642 -0.0383645 0.93512 0.174367 -0.306065
652 -0.555752 -0.182639 -1.52859 -0.0322338 0.933662 0.184093 -0.305526
653 -0.577651 -0.177269 -1.53527 -0.0331374 0.93592 0.184827 -0.297984
654 -0.622221 -0.109933 -1.55056 -0.037622 0.939224 0.177545 -0.291413
655 -0.598808 -0.098539 -1.56065 -0.0427631 0.939149 0.176768 -0.291415
656 -0.594886 -0.151529 -1.55568 -0.037291 0.93899 0.183201 -0.288693
657 -0.586693 -0.126865 -1.57267 -0.0407413 0.939189 0.181835 -0.288444
658 -0.604851 -0.116349 -1.58019 -0.0385013 0.941504 0.179169 -0.282818
659 -0.600474 -0.14251 -1.57653 -0.036792 0.941864 0.183107 -0.279303
660 -0.616185 -0.119314 -1.5958 -0.0365013 0.942856 0.181572 -0.276988
661 -0.587633 -0.130045 -1.59063 -0.0378489 0.942609 0.183293 -0.276512
662 -0.591516 -0.161522 -1.60274 -0.0356134 0.943013 0.187637 -0.272489
663 -0.591737 -0.125324 -1.61745 -0.0389498 0.944865 0.185049 -0.267337
664 -0.620906 -0.115785 -1.63429 -0.0386088 0.946603 0.183852 -0.262014
665 -0.621856 -0.122051 -1.63926 -0.0368959 0.94749 0.184077 -0.258875
666 -0.645315 -0.130713 -1.65397 -0.0319285 0.948695 0.18426 -0.254964
667 -0.603872 -0.167312 -1.66466 -0.0304212 0.947201 0.188035 -0.25793
668 -0.615503 -0.196764 -1.65871 -0.0255055 0.94814 0.192509 -0.251635
669 -0.631411 -0.154159 -1.67389 -0.0282271 0.950383 0.186134 -0.247646
670 -0.626333 -0.153518 -1.70021 -0.0303382 0.950427 0.186854 -0.246685
671 -0.625111 -0.158755 -1.70122 -0.0299736 0.951438 0.186506 -0.243069
672 -0.680429 -0.0996038 -1.70645 -0.0332251 0.955391 0.178523 -0.232923
673 -0.682789 -0.0917 -1.72349 -0.0335445 0.95591 0.178653 -0.23064
674 -0.639443 -0.13274 -1.71619 -0.0314766 0.955183 0.184694 -0.22918
675 -0.634254 -0.169651 -1.73116 -0.0277796 0.955123 0.190766 -0.224894
676 -0.609443 -0.236359 -1.73585 -0.0213908 0.953738 0.199583 -0.223816
677 -0.643588 -0.18049 -1.75429 -0.0288533 0.956662 0.194304 -0.214969
678 -0.607668 -0.236994 -1.74 -0.0249087 0.955895 0.200911 -0.212788
679 -0.56958 -0.216174 -1.74288 -0.0327598 0.95562 0.197368 -0.216247
680 -0.58726 -0.18729 -1.75448 -0.0316054 0.957265 0.195207 -0.211041
681 -0.642369 -0.142266 -1.77015 -0.0360715 0.960213 0.190804 -0.200708
682 -0.630807 -0.174485 -1.78672 -0.0317816 0.959564 0.194947 -0.200553
683 -0.63382 -0.150424 -1.77449 -0.036901 0.960841 0.191572 -0.196784
684 -0.621903 -0.185477 -1.79135 -0.0338488 0.959655 0.199594 -0.195138
685 -0.618654 -0.198205 -1.80132 -0.0335951 0.959526 0.202151 -0.193172
686 -0.590805 -0.252318 -1.81415 -0.028916 0.957718 0.209627 -0.194925
687 -0.622187 -0.192667 -1.81339 -0.0342171 0.960626 0.201377 -0.188345
688 -0.658208 -0.182951 -1.81961 -0.0326491 0.962505 0.199896 -0.180446
689 -0.678671 -0.18721 -1.83274 -0.0281609 0.963222 0.200009 -0.177221
690 -0.632212 -0.174826 -1.83274 -0.0349226 0.962572 0.198362 -0.181353
691 -0.629479 -0.183762 -1.84503 -0.0328525 0.96247 0.199762 -0.18074
692 -0.6057 -0.199361 -1.85556 -0.0309143 0.96181 0.200628 -0.183614
693 -0.62044 -0.210027 -1.87004 -0.0295663 0.961853 0.201937 -0.182168
694 -0.626834 -0.183219 -1.88149 -0.0306011 0.962739 0.198486 -0.181109
695 -0.586389 -0.1854 -1.87094 -0.0375515 0.962389 0.196337 -0.183981
696 -0.705593 -0.145061 -1.89324 -0.0318794 0.965951 0.193652 -0.168585
697 -0.695476 -0.101278 -1.90114 -0.0359476 0.966555 0.187828 -0.170878
698 -0.647824 -0.171106 -1.92355 -0.0313193 0.962745 0.199667 -0.179651
699 -0.64272 -0.144348 -1.9182 -0.032443 0.964092 0.193047 -0.179464
700 -0.680432 -0.139019 -1.935 -0.029074 0.965062 0.19236 -0.17552
701 -0.717276 -0.119778 -1.9411 -0.0225404 0.967065 0.187656 -0.170477
702 -0.773204 -0.0905937 -1.94714 -0.0247171 0.969879 0.181418 -0.160659
703 -0.674367 -0.144499 -1.95973 -0.0245869 0.965808 0.190611 -0.174008
704 -0.702821 -0.0746319 -1.96652 -0.0329011 0.968277 0.1807 -0.169421
705 -0.697514 -0.0941167 -1.96729 -0.032112 0.967843 0.184778 -0.167648
706 -0.700233 -0.105688 -1.98506 -0.0309934 0.967505 0.188471 -0.165687
707 -0.689646 -0.0971616 -1.98871 -0.034927 0.967994 0.185547 -0.165348
708 -0.722145 -0.101296 -2.00936 -0.0328135 0.968567 0.186794 -0.160963
709 -0.750358 -0.0654166 -2.00801 -0.0375464 0.97033 0.182439 -0.154165
710 -0.686513 -0.108028 -2.01699 -0.0373453 0.967705 0.187947 -0.163796
711 -0.628663 -0.139868 -2.00981 -0.0401604 0.965895 0.193173 -0.167685
712 -0.638765 -0.111686 -2.01385 -0.0419399 0.96675 0.190226 -0.165681
713 -0.676084 -0.127497 -2.02499 -0.0345444 0.967466 0.193803 -0.158924
714 -0.673631 -0.0707745 -2.03797 -0.0436289 0.968955 0.185378 -0.157665
715 -2.32764 0.117416 -6.64145 0.153566 0.180983 0.970109 0.0505023
716 -0.636663 -0.100539 -2.05358 -0.0522183 0.967543 0.190013 -0.158202
717 -0.63068 -0.0944271 -2.05267 -0.0445649 0.968224 0.18921 -0.157337
718 -0.662103 -0.10937 -2.05929 -0.0412661 0.969085 0.192372 -0.148875
719 -0.68439 -0.0852978 -2.07353 -0.0434052 0.970176 0.189928 -0.144228
720 -0.72028 -0.0877458 -2.08371 -0.0347084 0.971821 0.189176 -0.136277
721 -0.718179 -0.0723202 -2.09196 -0.0364077 0.97276 0.186082 -0.133367
722 -0.620009 -0.13852 -2.09549 -0.0400899 0.969334 0.195247 -0.143749
723 -0.650889 -0.113669 -2.1019 -0.0417585 0.970977 0.19088 -0.137927
724 -0.660425 -0.0723032 -2.10458 -0.0423475 0.973159 0.182367 -0.133829
725 -0.717731 -0.0729504 -2.12145 -0.0402456 0.975114 0.181535 -0.120737
726 -0.731157 -0.0739918 -2.13881 -0.0400586 0.975658 0.180894 -0.117321
727 -0.809813 0.0146324 -2.14543 -0.0442856 0.979509 0.16616 -0.104846
728 -0.741411 -0.0403929 -2.16998 -0.0487158 0.976877 0.174928 -0.112864
729 -0.715376 -0.0562715 -2.16438 -0.0495159 0.976206 0.176871 -0.11527
730 -0.745507 -0.0310129 -2.16791 -0.0509649 0.978111 0.169628 -0.109216
731 -0.841121 -0.00376588 -2.20176 -0.0476913 0.980329 0.1662 -0.0951784
732 -0.738707 -0.0584322 -2.18673 -0.0502837 0.978008 0.171142 -0.108082
733 -0.696932 -0.0631736 -2.20288 -0.0526077 0.977664 0.16916 -0.113093
734 -0.718069 -0.0438798 -2.20112 -0.0566214 0.978787 0.163604 -0.109558
735 -0.656367 -0.116034 -2.22206 -0.05665 0.975708 0.175754 -0.117883
736 -0.750092 -0.0841373 -2.22888 -0.0513742 0.979232 0.1666 -0.103493
737 -0.685917 -0.093595 -2.23571 -0.0583032 0.978039 0.166304 -0.111278
738 -0.712015 -0.0966613 -2.2335 -0.0541442 0.979112 0.16445 -0.106604
739 -0.743652 -0.062216 -2.25773 -0.0572918 0.98031 0.159409 -0.101482
740 -0.652262 -0.0798219 -2.2543 -0.0584501 0.978791 0.16102 -0.112359
741 -0.78023 -0.0689145 -2.25513 -0.053287 0.981948 0.157041 -0.0909794
742 -0.779467 -0.0669234 -2.2538 -0.0547275 0.982298 0.155778 -0.088479
743 -0.661579 -0.0627856 -2.27105 -0.058422 0.980877 0.152686 -0.105613
744 -0.647109 -0.0736666 -2.28152 -0.0586161 0.980888 0.152315 -0.10594
745 -0.724912 -0.0656278 -2.26845 -0.0563028 0.983153 0.14624 -0.0940919
746 -0.645018 -0.0831071 -2.29041 -0.058304 0.981434 0.150332 -0.103863
747 -0.664869 -0.0663364 -2.28448 -0.0577244 0.982282 0.148383 -0.0988556
748 -0.685442 -0.103261 -2.30583 -0.054142 0.982145 0.153944 -0.0936
749 -0.620315 -0.0948171 -2.3202 -0.055986 0.9816 0.151674 -0.101599
750 -0.599012 -0.120805 -2.31992 -0.0583864 0.980958 0.15422 -0.102606
751 -0.599316 -0.077841 -2.31907 -0.0601343 0.982115 0.14755 -0.100314
752 -0.7646 -0.0350142 -2.28919 -0.0561824 0.98634 0.13596 -0.0740999
753 -0.707232 -0.00654622 -2.29185 -0.0562793 0.986468 0.130312 -0.0820497
754 -0.70076 -0.04087 -2.31311 -0.0558329 0.985709 0.136894 -0.080745
755 -0.762287 -0.0652819 -2.32171 -0.0565486 0.98622 0.139324 -0.0690031
756 -0.711598 -0.0695772 -2.32709 -0.0566407 0.98565 0.139891 -0.0756043
757 -0.715911 -0.0447967 -2.33196 -0.0563708 0.986433 0.13575 -0.0731026
758 -0.673918 -0.0460726 -2.33068 -0.0586376 0.986115 0.133748 -0.07906
759 -0.684908 -0.0284796 -2.33262 -0.0581327 0.987078 0.129056 -0.0751086
760 -0.730093 -0.0245932 -2.34333 -0.056249 0.987946 0.128489 -0.065489
761 -0.702095 0.00377598 -2.31816 -0.0595821 0.988547 0.120987 -0.0677288
762 -0.670572 -0.0165228 -2.3394 -0.0607687 0.987883 0.123589 -0.0715486
763 -0.780091 -0.0452124 -2.37102 -0.0591596 0.988548 0.128728 -0.0519782
764 -0.703885 0.0260176 -2.32725 -0.0598291 0.989547 0.114696 -0.0637349
765 -0.668256 -0.0248779 -2.3615 -0.0609538 0.988094 0.123832 -0.0679779
766 -0.706194 -0.0533956 -2.38665 -0.0614503 0.987943 0.12919 -0.0591783
767 -0.733084 0.179712 -2.30942 -0.0621425 0.992772 0.0873555 -0.0539495
768 -0.718263 -0.0409502 -2.38571 -0.0595784 0.988866 0.125707 -0.0528357
769 -0.654764 0.0566717 -2.37361 -0.0636823 0.98989 0.111007 -0.0611619
770 -0.696542 0.056719 -2.35977 -0.061933 0.990616 0.110186 -0.0519979
771 -0.651195 -0.0246618 -2.39734 -0.0647662 0.988345 0.126167 -0.0553353
772 -0.791342 0.0791542 -2.35845 -0.0611543 0.991686 0.109301 -0.0295329
773 -0.715291 0.0525779 -2.37497 -0.0632951 0.990769 0.11394 -0.0372555
774 -0.788064 -0.0840032 -2.43069 -0.0599729 0.988079 0.140234 -0.0209281
775 -0.758292 0.0261594 -2.39473 -0.062424 0.99033 0.121237 -0.0255206
776 -0.825658 0.118342 -2.37491 -0.0621053 0.992347 0.106102 -0.0115411
777 -0.745464 0.206115 -2.35116 -0.0634192 0.993595 0.0905085 -0.0235795
778 -0.648398 0.0212393 -2.41968 -0.0654387 0.989549 0.124102 -0.0333144
779 -0.921232 0.337865 -7.5707 -0.000698861 0.158877 0.986063 0.0493675
780 -0.739362 0.109863 -2.38276 -0.0579538 0.992854 0.103334 -0.0143006
781 -0.667022 0.199064 -2.39188 -0.0618387 0.993834 0.0892851 -0.0223168
782 -0.700481 0.071402 -2.40427 -0.0575402 0.992247 0.109504 -0.0119695
783 -0.852274 0.533145 -7.59959 0.00729479 0.122018 0.991065 0.0533672
784 -0.709958 0.119791 -7.51576 -0.0240774 0.204526 0.977681 0.0415837
785 -0.672119 0.38805 -7.55772 -0.024094 0.147513 0.987519 0.049663
786 -0.683228 0.502641 -7.5848 -0.0167132 0.12549 0.990554 0.0526838
787 -0.554146 0.12204 -7.47912 -0.0441778 0.209461 0.976196 0.0348663
788 -0.580326 0.405896 -7.59813 -0.0298927 0.141026 0.988291 0.0499974
789 -0.561079 0.49777 -7.56896 -0.0286492 0.12633 0.990279 0.0506776
790 -0.515289 0.377658 -7.53123 -0.0362221 0.151127 0.986799 0.0455744
791 -0.694774 0.123633 -2.43575 -0.0523029 0.993711 0.0975349 0.0170216
792 -0.736452 0.266795 -2.39907 -0.0543889 0.995618 0.0715608 0.0258134
793 -0.445704 0.480297 -7.56094 -0.0403805 0.1319 0.989375 0.0459291
794 -0.55885 0.586979 -7.57123 -0.0109713 0.111696 0.992132 0.0554849
795 -0.530746 0.106669 -2.46499 -0.0555446 0.993289 0.101444 -0.000209933
796 -0.455288 0.505435 -7.5523 -0.028383 0.127053 0.99029 0.0487666
797 -0.389649 0.534232 -7.54057 -0.0398869 0.121789 0.990688 0.045971
798 -0.386955 0.616446 -7.56645 -0.0368487 0.107223 0.992325 0.0493626
799 -0.726395 0.0454497 -2.48459 -0.0491326 0.991952 0.108982 0.0417219
800 -0.313995 0.484054 -7.55489 -0.0483837 0.129415 0.989254 0.0478222
801 -0.252485 0.454281 -7.53363 -0.0588009 0.134201 0.988229 0.0439897
802 -0.233952 0.426481 -7.50581 -0.0623388 0.141622 0.986958 0.0443938
803 -0.253781 0.446972 -7.52296 -0.0539708 0.134084 0.98823 0.0501045
804 -0.192042 0.362808 -7.47765 -0.0623757 0.151428 0.985435 0.0457995
805 -0.187444 0.478202 -7.51861 -0.0563217 0.12538 0.988973 0.0551408
806 -0.144172 0.546754 -7.52547 -0.0588554 0.110588 0.990734 0.0524586
807 -0.181948 0.516253 -7.51749 -0.0450671 0.117173 0.990453 0.056947
808 -0.0709718 0.516777 -7.53126 -0.061512 0.116617 0.989839 0.0532527
809 -0.69671 0.0784843 -2.50616 -0.0501314 0.989734 0.110413 0.0756479
810 -0.524563 0.076083 -2.52385 -0.0611486 0.990091 0.114025 0.0545843
811 -0.584211 0.053726 -2.50182 -0.0579632 0.988938 0.118117 0.0684787
812 0.170121 0.405767 -7.49515 -0.0897222 0.133744 0.985523 0.0529841
813 -0.672534 0.0113814 -2.53532 -0.0532092 0.986641 0.122625 0.0931165
814 -0.60468 0.0235236 -2.54676 -0.0584159 0.986946 0.121663 0.0878802
815 -0.543883 -0.0145947 -2.54872 -0.0581201 0.986521 0.12916 0.08195
816 -0.606065 0.0276081 -2.51745 -0.0542503 0.986973 0.118303 0.094577
817 -0.724967 -0.113343 -2.60134 -0.0470093 0.980834 0.145996 0.120169
818 -0.521488 0.0447999 -2.52488 -0.0538974 0.988033 0.116396 0.0856634
819 -0.5772 0.000249092 -2.54582 -0.0540521 0.985637 0.124978 0.0998946
820 -0.549706 -0.00965871 -2.56442 -0.056374 0.985318 0.127226 0.0989154
821 -0.605461 -0.0264856 -2.56882 -0.0539614 0.983663 0.129881 0.112367
822 -0.647929 -0.00551107 -2.58897 -0.0501262 0.98295 0.126592 0.123578
823 -0.602629 -0.00675247 -2.57738 -0.0573779 0.983368 0.12489 0.118734
824 -0.688695 -0.0307187 -2.59285 -0.0514563 0.980686 0.12894 0.137772
825 -0.712323 0.000710826 -2.62179 -0.0501208 0.979918 0.125189 0.146892
826 -0.710578 -0.0100848 -2.63859 -0.0517737 0.979106 0.126724 0.150372
827 -0.763949 0.0165917 -2.64592 -0.0484569 0.977719 0.123266 0.162862
828 -0.772219 -0.0183426 -2.64609 -0.0493813 0.975847 0.129746 0.168671
829 -0.768664 -0.00182866 -2.65352 -0.0491541 0.975765 0.12654 0.171621
830 -0.778133 0.00122221 -2.67068 -0.0522023 0.974512 0.125865 0.178209
831 -0.78142 0.0171287 -2.67235 -0.0515266 0.974048 0.124291 0.18201
832 -0.744225 0.00242153 -2.64461 -0.0534568 0.97434 0.126393 0.178407
833 -0.797529 -0.0375076 -2.68628 -0.0480805 0.97048 0.137205 0.192438
834 -0.772966 -0.0261717 -2.67668 -0.0532401 0.970876 0.132283 0.192527
835 -0.807092 -0.0456506 -2.69247 -0.0509443 0.96842 0.137136 0.201893
836 -0.838955 -0.0775707 -2.72988 -0.0491327 0.964968 0.14428 0.213557
837 -0.805785 -0.0394817 -2.72968 -0.0493976 0.966239 0.138408 0.211624
838 -0.818578 -0.0871485 -2.71104 -0.0537159 0.964296 0.144101 0.215598
839 -0.770901 0.0111344 -2.69311 -0.0503426 0.967964 0.127975 0.21008
840 -0.799435 -0.107936 -2.72621 -0.0538963 0.96186 0.151239 0.221468
841 -0.807017 -0.0504197 -2.74168 -0.0494362 0.961088 0.143373 0.230889
842 -0.776359 -0.0177164 -2.72411 -0.0546657 0.962318 0.137366 0.228227
843 -0.778647 -0.0357874 -2.72036 -0.0540134 0.96114 0.14091 0.231164
844 -0.811175 -0.101294 -2.76875 -0.0526738 0.95627 0.155366 0.242147
845 -0.771953 -0.0206631 -2.75225 -0.0514129 0.959784 0.138939 0.23847
846 -0.759368 -0.0351095 -2.75879 -0.0533882 0.959335 0.13935 0.239601
847 -0.767287 -0.0523836 -2.7444 -0.0506621 0.958878 0.141041 0.241027
848 -0.785424 -0.047353 -2.79642 -0.047443 0.956454 0.143861 0.249499
849 -0.747192 -0.0274566 -2.76424 -0.05362 0.958974 0.136235 0.242764
850 -0.74886 -0.0392224 -2.79151 -0.0510012 0.957349 0.141542 0.246672
851 -0.747102 -0.0104191 -2.77116 -0.0522483 0.9584 0.134658 0.246185
852 -0.759681 -0.0495255 -2.81565 -0.052799 0.954971 0.143102 0.254488
853 -0.734268 0.0164618 -2.80399 -0.0476034 0.957826 0.131568 0.250982
854 -0.735358 0.00273936 -2.79435 -0.0509229 0.957031 0.133247 0.252475
855 -0.74499 -0.0606749 -2.82371 -0.0527983 0.953443 0.145999 0.258541
856 -0.742522 -0.0469358 -2.8023 -0.0524838 0.954014 0.141315 0.2591
857 -0.728258 -0.0588655 -2.80832 -0.0557534 0.952863 0.144392 0.260948
858 -0.736352 -0.0274514 -2.82919 -0.0536401 0.951941 0.13925 0.267471
859 -0.72793 -0.0247843 -2.82933 -0.0519918 0.951448 0.139866 0.269223
860 -0.721012 0.000515609 -2.82071 -0.0496241 0.952103 0.134925 0.269877
861 -0.757648 -0.0744102 -2.86889 -0.0478864 0.946129 0.150475 0.282674
862 -0.702343 -0.0242671 -2.82992 -0.0550433 0.95001 0.137254 0.274977
863 -0.7237 -0.0257139 -2.85523 -0.0496912 0.947452 0.13863 0.283985
864 -0.70423 -0.0405375 -2.84352 -0.0540497 0.947128 0.139911 0.283641
865 -0.707288 -0.0154388 -2.87392 -0.0502783 0.943412 0.138599 0.297047
866 -0.689308 -0.0276748 -2.85157 -0.0513605 0.943192 0.140928 0.296463
867 -0.66861 0.0164574 -2.85808 -0.0512313 0.943804 0.132698 0.29833
868 -0.683453 -0.0102177 -2.87492 -0.0515602 0.94046 0.139253 0.305752
869 -0.673385 -0.0153641 -2.86335 -0.0526669 0.940246 0.13957 0.306078
870 -0.687647 -0.00117678 -2.88816 -0.0499798 0.937962 0.139789 0.313351
871 -0.662388 0.0258778 -2.86759 -0.0524705 0.939828 0.134408 0.309685
872 -0.666746 0.0120387 -2.90138 -0.0522478 0.936886 0.139281 0.316411
873 -0.702467 -0.0267857 -2.92106 -0.0506589 0.932101 0.147899 0.326721
874 -0.629018 0.0277148 -2.8815 -0.055802 0.937676 0.134651 0.315467
875 -0.671862 0.0107713 -2.92785 -0.0511777 0.93289 0.139802 0.327953
876 -0.619449 0.0171124 -2.8864 -0.0565587 0.935731 0.137718 0.319753
877 -0.689065 -0.00455598 -2.94678 -0.0505087 0.928373 0.145823 0.338095
878 -0.672184 -0.0183525 -2.95363 -0.0515969 0.927575 0.149132 0.338678
879 -0.66808 -0.0155747 -2.91384 -0.0556309 0.928331 0.144784 0.337854
880 -0.640448 -0.0140139 -2.91375 -0.0542547 0.928634 0.144994 0.337153
881 -0.649929 0.0130122 -2.94624 -0.0500777 0.926439 0.141471 0.345238
882 -0.632039 0.0210443 -2.93252 -0.0490356 0.92796 0.138529 0.342483
883 -0.626846 0.00935743 -2.94144 -0.0500714 0.925969 0.140723 0.346802
884 -0.632138 0.0258007 -2.94882 -0.0483877 0.925099 0.137454 0.350651
885 -0.643483 0.0113711 -2.97423 -0.0488764 0.921197 0.141453 0.359164
886 -0.636015 0.0360395 -2.95309 -0.0478978 0.921711 0.136404 0.359929
887 -0.627389 0.03604 -2.97755 -0.0470987 0.920263 0.137673 0.363241
888 -0.635847 0.0157464 -2.97969 -0.0481174 0.917694 0.142426 0.367746
889 -0.610464 0.02093 -2.94313 -0.0517393 0.919682 0.140608 0.362955
890 -0.589148 0.0180595 -2.97497 -0.0520784 0.917508 0.14356 0.367229
891 -0.606593 0.0199087 -2.97876 -0.0524443 0.914972 0.142225 0.373962
892 -0.607946 0.0167184 -2.97356 -0.05185 0.913336 0.142863 0.377781
893 -0.638635 -0.0378421 -3.01903 -0.0495765 0.906155 0.155054 0.390363
894 -0.602303 -0.00752239 -2.9901 -0.0544483 0.908382 0.147222 0.38756
895 -0.604794 -0.0463441 -3.0129 -0.0526595 0.903821 0.155232 0.395269
896 -0.582822 -0.021918 -3.01784 -0.0584113 0.903581 0.147134 0.398096
897 -0.58928 0.000239415 -3.04763 -0.0540151 0.900014 0.143763 0.407909
898 -0.586841 -0.0337597 -3.0304 -0.057327 0.897449 0.147289 0.411832
899 -0.572928 0.0178484 -3.02537 -0.0544664 0.897532 0.13723 0.415497
900 -0.596134 -0.0150405 -3.05652 -0.0540803 0.889587 0.145382 0.429621
901 -0.593714 -0.0288345 -3.05148 -0.0569274 0.8866 0.14541 0.43538
902 -0.555194 -0.0182567 -3.0294 -0.057756 0.887707 0.143576 0.43362
903 -0.535727 -0.021164 -3.03982 -0.0650069 0.879086 0.141346 0.450558
904 -0.531072 -0.00886771 -3.04795 -0.064782 0.876423 0.139769 0.456235
905 -0.548111 -0.0196227 -3.06779 -0.0597388 0.871744 0.14309 0.464778
906 -0.568491 0.00965321 -3.09177 -0.0555109 0.865717 0.139968 0.477348
907 -0.541001 0.00737918 -3.07641 -0.0587807 0.865515 0.140508 0.477165
908 -0.558611 -0.00284887 -3.08598 -0.0603017 0.861182 0.139577 0.485024
909 -0.551841 0.0182604 -3.08791 -0.0616583 0.858694 0.13423 0.49074
910 -0.538573 0.0317244 -3.09678 -0.0626604 0.856105 0.131697 0.495797
911 -0.516754 0.0119502 -3.06166 -0.0662612 0.856553 0.13494 0.493678
912 -0.50554 0.0126848 -3.07256 -0.0680085 0.854408 0.13401 0.497396
913 -0.496662 0.00242562 -3.0315 -0.0710759 0.856288 0.135104 0.493423
914 -0.489771 -0.0051678 -3.05085 -0.0684472 0.852926 0.137671 0.498878
915 -0.484649 0.0197479 -3.07473 -0.0692217 0.849521 0.132785 0.505856
916 -0.484716 0.0362514 -3.08019 -0.064628 0.847048 0.132309 0.510712
917 -0.490643 0.0706902 -3.11111 -0.0578761 0.843446 0.126622 0.51886
918 -0.467798 0.0697426 -3.09591 -0.0566891 0.843369 0.126596 0.519123
919 -0.461268 -0.00418357 -3.07455 -0.0715082 0.843469 0.133734 0.515327
920 -0.452178 0.014054 -3.07375 -0.0679457 0.842591 0.131287 0.517869
921 -0.457597 0.0231547 -3.09875 -0.0671838 0.838796 0.129986 0.524415
922 -0.447027 0.0752745 -3.11222 -0.0595093 0.836646 0.1249 0.529983
923 -0.460048 0.0373046 -3.13269 -0.0645444 0.832258 0.127094 0.53575
924 -0.435824 0.084024 -3.10789 -0.0592985 0.831685 0.118684 0.539163
925 -0.380551 -0.0431215 -3.06646 -0.078273 0.833284 0.136761 0.529913
926 -0.389763 -0.00412909 -3.08665 -0.0692115 0.830744 0.130164 0.536779
927 -0.361278 -0.0363432 -3.09619 -0.0779532 0.82683 0.136019 0.540161
928 -0.372692 -0.0310823 -3.11125 -0.0754888 0.823682 0.134654 0.545635
929 -0.33601 -0.115653 -3.10197 -0.0915531 0.820452 0.145596 0.545232
930 -0.355932 -0.125328 -3.13121 -0.0955768 0.814247 0.146746 0.553473
931 -0.391356 0.0539325 -3.16897 -0.060587 0.811634 0.121447 0.568181
932 -0.390785 0.114213 -3.18611 -0.0545306 0.80866 0.110201 0.575284
933 -0.373688 0.161755 -3.18953 -0.0432341 0.806912 0.103223 0.579973
934 -0.362447 0.112573 -3.16202 -0.0544281 0.807185 0.109583 0.577479
935 -0.410531 0.0550921 -3.21014 -0.0690482 0.798476 0.114198 0.587049
936 -0.486948 0.4676 -4.11589 -0.0271854 0.673857 0.0487444 0.736751
937 -0.54235 0.43723 -4.00687 -0.0337383 0.692062 0.050215 0.719298
938 -0.495761 0.613113 -3.92922 -0.00483602 0.704534 0.0170735 0.709449
939 -0.581357 0.348779 -3.84869 -0.051177 0.71542 0.0515746 0.694906
940 -0.589017 -0.110413 -3.766 -0.119845 0.717459 0.115472 0.676429
941 -0.45918 0.393598 -3.93324 -0.0253574 0.685541 0.0567172 0.725378
942 -0.246083 -1.08032 -4.01015 -0.260232 0.630696 0.279009 0.675763
943 -0.243288 0.930542 -3.51648 0.0726996 0.739547 -0.0271776 0.668616
944 0.0208165 1.43861 -3.79713 0.140539 0.690125 -0.133068 0.69733
945 -0.283998 0.877166 -3.63106 0.0511012 0.720734 -0.0229265 0.690946
946 -0.112877 1.28947 -3.87099 0.0968947 0.680433 -0.105926 0.718611
947 0.104197 1.4445 -3.60018 0.147415 0.705329 -0.134996 0.680114
948 -0.366809 -0.214056 -3.56654 -0.130981 0.707398 0.148651 0.678479
949 -0.382516 -0.394019 -3.70676 -0.162952 0.67937 0.174841 0.693782
950 -0.089991 0.267279 -3.91187 -0.0288792 0.620355 0.109013 0.776171
951 -0.294681 0.474867 -3.4849 -0.0108536 0.72197 0.0392959 0.690722
952 0.0634533 -1.11015 -3.76467 -0.293574 0.608931 0.313033 0.667104
953 0.0843283 -1.05965 -3.47556 -0.291332 0.652773 0.30882 0.627409
954 0.0759621 -0.962992 -3.42742 -0.27189 0.661744 0.300512 0.630764
955 -0.0914341 -0.713562 -3.53805 -0.228213 0.662502 0.235287 0.673536
956 -0.0549059 -0.770517 -3.4663 -0.234289 0.66796 0.257684 0.657675
957 0.141371 -1.08616 -3.43487 -0.294074 0.644182 0.32054 0.62913
958 0.4365 -1.2521 -3.36621 -0.344978 0.625557 0.374158 0.591332
959 -0.0277985 -0.78534 -3.44945 -0.230146 0.659134 0.26625 0.664595
960 0.421198 -1.26673 -3.36356 -0.34626 0.620041 0.369623 0.599193
961 0.138377 -0.935112 -3.53523 -0.284301 0.620248 0.275036 0.677363
962 0.0819956 -0.950721 -3.43582 -0.284626 0.638925 0.271285 0.661186
963 0.0130966 -0.879474 -3.4148 -0.259854 0.648817 0.267372 0.663343
964 0.144906 -1.1407 -3.26568 -0.323143 0.649523 0.298829 0.62
965 -0.02736 -0.893153 -3.22522 -0.254338 0.677375 0.272384 0.634257
966 0.214921 -1.16665 -3.32415 -0.326033 0.627421 0.317787 0.63171
967 0.128999 -1.0977 -3.29923 -0.304197 0.637312 0.306011 0.638479
968 0.209574 -0.893923 -3.52823 -0.279186 0.595731 0.279836 0.699179
969 0.173109 -0.857021 -3.45876 -0.275153 0.610477 0.265206 0.69374
970 -0.148886 -0.172668 -3.40736 -0.128993 0.662017 0.139236 0.725057
971 0.148512 -1.00929 -3.37958 -0.304371 0.612533 0.27627 0.675157
972 0.125868 -0.758972 -3.50997 -0.250457 0.599266 0.247644 0.718905
973 0.242088 -0.967216 -3.50072 -0.301407 0.578116 0.278843 0.705111
974 0.397904 -0.968915 -3.51978 -0.311046 0.555666 0.303671 0.70871
975 -0.0685629 -0.601137 -3.41877 -0.203646 0.622938 0.22384 0.721369
976 -0.0790413 0.905987 -2.8315 0.106526 0.742291 -0.0188116 0.661289
977 0.526302 -0.842339 -3.66413 -0.29773 0.500198 0.29954 0.755933
978 -0.0916349 -0.108319 -3.52603 -0.112104 0.605285 0.144303 0.774751
979 -0.0060746 -0.507702 -3.31528 -0.217255 0.629182 0.180806 0.724044
980 0.0601446 -0.599006 -3.43045 -0.208735 0.591405 0.23896 0.741329
981 0.0192449 -0.595243 -3.26344 -0.229911 0.626117 0.205144 0.716264
982 0.0491296 -0.260682 -3.49221 -0.163927 0.58772 0.14702 0.778524
983 -0.0827787 -0.253008 -3.32862 -0.153969 0.623809 0.148284 0.751777
984 0.00770681 -0.0370115 -3.41986 -0.112445 0.602535 0.112188 0.782126
985 0.120883 -0.381953 -3.42517 -0.195537 0.57849 0.173629 0.772637
986 0.0458244 0.150891 -3.4541 -0.0547179 0.57747 0.106468 0.807588
987 0.119427 -0.550037 -3.26444 -0.229094 0.599233 0.206902 0.738666
988 0.0618059 -0.511501 -3.20686 -0.219248 0.61393 0.19804 0.731984
989 0.120902 -0.400641 -3.36986 -0.198732 0.57854 0.176811 0.771061
990 0.124428 0.0211239 -3.42057 -0.0794444 0.562497 0.136174 0.811629
991 0.200456 0.7711 -3.11084 0.0820675 0.639639 -0.0367636 0.763397
992 0.148098 -0.299581 -3.44563 -0.17391 0.555867 0.159949 0.796984
993 0.0481266 0.272791 -3.26834 -0.0337592 0.607396 0.0613263 0.791308
994 0.0587826 -0.228266 -3.24134 -0.154483 0.604376 0.145468 0.767922
995 0.153473 -0.435091 -3.24121 -0.204462 0.587751 0.187088 0.760093
996 0.089652 0.272907 -3.23041 -0.0327368 0.606542 0.0649398 0.791718
997 0.210627 -0.684954 -3.06552 -0.268759 0.60351 0.234971 0.712975
998 0.21635 -0.330178 -3.48377 -0.196762 0.52374 0.153837 0.814442
999 0.23652 -0.615088 -3.1886 -0.252237 0.573887 0.223318 0.746431
1000 0.257423 -0.578596 -3.28826 -0.246333 0.549449 0.21574 0.768689
1001 0.175858 -0.349259 -3.37274 -0.188999 0.540775 0.169309 0.801983
1002 0.269222 -0.34049 -3.45068 -0.190832 0.512609 0.168713 0.81997
1003 0.191739 -0.187888 -3.3976 -0.153327 0.534129 0.133852 0.820537
1004 0.10454 -0.187899 -3.25091 -0.147691 0.570797 0.138229 0.795783
1005 0.228985 -0.488112 -3.26134 -0.231955 0.544327 0.184977 0.784658
1006 0.124356 0.197998 -3.06029 -0.0635883 0.62281 0.0519483 0.778052
1007 0.2081 -0.626139 -3.07809 -0.25195 0.57873 0.222179 0.743121
1008 0.14096 -0.431249 -3.01523 -0.207922 0.603503 0.181216 0.74814
1009 0.20296 -0.565425 -3.13982 -0.23923 0.559508 0.206556 0.766195
1010 0.159668 -0.150843 -3.03435 -0.123862 0.595159 0.14663 0.780348
1011 0.159113 0.182666 -2.88036 -0.0742958 0.655279 0.0479501 0.750194
1012 0.114005 -0.335515 -2.79185 -0.197545 0.64724 0.159154 0.718837
1013 0.156748 -0.227238 -2.74739 -0.174997 0.659954 0.138201 0.717452
1014 0.214301 -0.460622 -3.08194 -0.206327 0.561335 0.198359 0.776522
1015 0.148461 -0.020046 -2.8505 -0.0988431 0.636592 0.113278 0.756405
1016 0.400618 0.904056 -2.99032 0.122804 0.582817 -0.102929 0.796649
1017 0.205102 -0.297262 -2.85068 -0.167826 0.614868 0.178764 0.749543
1018 0.225474 0.199552 -2.7698 -0.0763262 0.65745 0.0441095 0.748323
1019 0.234096 -0.438885 -3.08696 -0.206879 0.545584 0.20044 0.786996
1020 0.198657 0.51841 -2.98128 0.0168857 0.589514 -0.0108004 0.80751
1021 0.37296 0.618114 -2.79472 0.0616932 0.632687 -0.0454727 0.770606
1022 0.194958 0.00469054 -2.72419 -0.114898 0.650606 0.0961027 0.744497
1023 0.306114 -0.372952 -3.20028 -0.201209 0.502171 0.181173 0.821289
1024 0.285181 -0.516015 -3.02335 -0.239303 0.534707 0.209708 0.782844
1025 0.519662 0.908036 -2.83842 0.152309 0.575153 -0.113831 0.79564
1026 0.465893 -0.254796 -3.42432 -0.185111 0.415017 0.145213 0.878868
1027 0.23996 0.084087 -2.63373 -0.0934827 0.658173 0.0770681 0.743054
1028 0.250906 -0.0187432 -2.5005 -0.142804 0.686737 0.0841092 0.70776
1029 0.427445 -0.322793 -3.32879 -0.192356 0.429007 0.165966 0.866837
1030 0.222036 0.188848 -2.63062 -0.0677682 0.649311 0.0502273 0.75583
1031 0.236553 -0.091713 -2.46782 -0.17689 0.683134 0.0923563 0.702502
1032 0.557779 0.895245 -2.57361 0.195481 0.60117 -0.09487 0.769013
1033 0.273215 0.142734 -2.6756 -0.0658029 0.620021 0.0679536 0.778862
1034 0.344081 -0.374081 -2.64858 -0.203155 0.597675 0.200633 0.749172
1035 0.311293 -0.430638 -2.60942 -0.228502 0.603491 0.199211 0.737496
1036 0.255583 -0.203586 -2.78415 -0.172079 0.566585 0.140273 0.793532
1037 0.257925 0.285981 -2.67882 -0.0304326 0.608276 0.0356081 0.792342
1038 0.239556 0.0583538 -2.5975 -0.0916493 0.621834 0.0900554 0.772536
1039 0.414531 0.78375 -2.84672 0.104694 0.528688 -0.0847538 0.83806
1040 0.357092 0.489637 -2.56552 0.0318667 0.625343 -0.0196329 0.779451
1041 0.243607 -0.0456188 -2.59567 -0.127651 0.605914 0.101872 0.778585
1042 0.271204 0.30087 -2.65222 -0.0323863 0.595762 0.00995908 0.802446
1043 0.289982 0.0176683 -2.50008 -0.116041 0.627201 0.0757947 0.766426
1044 0.28128 0.235723 -2.50944 -0.050298 0.626914 0.0206668 0.777188
1045 0.252549 0.212448 -2.4685 -0.0595843 0.63552 0.0314823 0.769138
1046 0.298385 0.309225 -2.54537 -0.0233077 0.605513 0.00986785 0.795433
1047 0.671858 0.9452 -2.92665 0.183579 0.416289 -0.135928 0.880072
1048 0.296946 0.12025 -3.05658 -0.0775387 0.440599 0.0550386 0.892654
1049 0.102687 0.0510815 -3.06174 -0.100492 0.449764 0.0682684 0.884846
1050 0.119116 0.152224 -3.06789 -0.0927762 0.445719 0.0490561 0.889
1051 0.0449181 0.220626 -3.08531 -0.0839442 0.45113 0.0309975 0.887961
1052 0.696457 0.0507608 -2.98126 -0.0885355 0.381298 0.0514472 0.918763
1053 0.284812 0.228297 -3.07661 -0.0931891 0.409479 0.0200065 0.907327
1054 -0.415826 0.0787444 -3.14617 -0.114949 0.459691 0.0755206 0.877364
1055 -0.228254 0.102454 -3.14846 -0.105075 0.44421 0.0622947 0.887556
1056 -0.339508 -0.0425743 -3.15368 -0.113965 0.446901 0.0935564 0.882348
1057 -0.327898 0.0388429 -3.13056 -0.107578 0.444531 0.0736777 0.886223
1058 -0.364456 -0.0888568 -3.16257 -0.108046 0.44436 0.101693 0.883475
1059 -0.080471 0.00712798 -3.11395 -0.0977293 0.419307 0.0741385 0.899519
1060 -0.00739281 0.0585815 -3.1142 -0.0900957 0.411742 0.0583456 0.904957
1061 0.0188935 0.0254134 -3.10774 -0.0935759 0.404569 0.0671593 0.907225
1062 0.0986758 0.0221463 -3.09683 -0.0939393 0.393333 0.0648605 0.912281
1063 0.200082 0.0452312 -3.08654 -0.0901918 0.382842 0.0551458 0.917745
1064 0.242261 0.0561385 -3.06735 -0.088746 0.377267 0.0484815 0.920567
1065 0.221554 0.0579182 -3.06661 -0.088625 0.376654 0.0480344 0.920853
1066 0.324114 0.0447413 -3.03555 -0.0894037 0.363622 0.0511937 0.925832
1067 0.344848 0.0431305 -3.02955 -0.0894107 0.357113 0.0510628 0.928369
1068 0.174571 0.052097 -3.07205 -0.08594 0.372446 0.0390672 0.92324
1069 0.223329 0.0473713 -3.04635 -0.0823542 0.364871 0.0408683 0.926508
1070 0.264912 0.0573542 -3.03759 -0.0812625 0.359394 0.0383946 0.928848
1071 0.275264 0.0389115 -3.03717 -0.0834856 0.355348 0.0402978 0.930126
1072 0.302862 0.0348129 -3.01607 -0.0840338 0.352775 0.0383046 0.93114
1073 0.3372 0.0448188 -3.01008 -0.0820252 0.346314 0.0365165 0.933812
1074 0.405394 0.0649329 -2.98561 -0.0775425 0.33882 0.0256136 0.9373
1075 0.345821 0.0488552 -3.00283 -0.0785798 0.342135 0.0316621 0.935824
1076 0.39166 0.0591099 -2.98124 -0.0776603 0.337474 0.0222338 0.937862
1077 0.389229 0.0701722 -2.97604 -0.0782152 0.336281 0.0183359 0.938329
1078 0.316102 0.0599635 -2.99255 -0.0801371 0.341886 0.0192134 0.936121
1079 0.380378 0.0541059 -2.96163 -0.0807707 0.33328 0.020495 0.939138
1080 0.340995 0.0422065 -2.97096 -0.082839 0.335245 0.0208282 0.938251
1081 0.40096 0.0548672 -2.95747 -0.0804042 0.325568 0.01953 0.941891
1082 0.441737 0.0513461 -2.94281 -0.0799764 0.318316 0.0199837 0.944394
1083 0.442112 0.055676 -2.94287 -0.0778792 0.316 0.0169883 0.945405
1084 0.427425 0.0592941 -2.94232 -0.0763307 0.317041 0.0121095 0.945258
1085 0.45793 0.0694901 -2.93243 -0.0743621 0.309476 0.0131318 0.947904
1086 0.451671 0.0593143 -2.93661 -0.0754139 0.308113 0.0166961 0.948209
1087 0.441214 0.0348824 -2.93713 -0.0782875 0.30533 0.0222079 0.948763
1088 0.494738 0.0298477 -2.90931 -0.0799394 0.296899 0.0203541 0.951339
1089 0.532139 0.0514109 -2.89251 -0.0734586 0.285037 0.0240459 0.955395
1090 0.497155 0.0355706 -2.90382 -0.0757006 0.28919 0.0172364 0.954118
1091 0.508879 0.0510978 -2.89875 -0.0713595 0.28429 0.0174311 0.95592
1092 0.528809 0.0415845 -2.87671 -0.0717248 0.280917 0.0138866 0.956947
1093 0.46797 0.0368755 -2.90011 -0.0709339 0.285759 0.0118538 0.955599
1094 0.513286 0.0500648 -2.87431 -0.069742 0.277684 0.00978615 0.958088
1095 0.506065 0.0336028 -2.87625 -0.0716542 0.274853 0.0173354 0.958656
1096 0.554922 0.0231052 -2.86822 -0.0696107 0.260384 0.018109 0.962822
1097 0.52416 0.0448801 -2.84625 -0.0698167 0.265896 0.00606425 0.961451
1098 0.515749 0.0434032 -2.86373 -0.0693916 0.264265 0.00494163 0.961938
1099 0.523051 0.0297303 -2.85247 -0.0705386 0.261019 0.00694134 0.962728
1100 0.50958 0.0327909 -2.84671 -0.0703999 0.259317 0.00311537 0.963218
1101 0.532507 0.0324577 -2.836 -0.0734761 0.256653 0.00598459 0.963688
1102 0.528317 0.0229197 -2.84523 -0.0714601 0.249567 0.00783977 0.965685
1103 0.525905 0.0142409 -2.85442 -0.0717097 0.246325 0.00823949 0.966496
1104 0.498314 -0.0872434 -2.82278 -0.0996409 0.254159 -0.0069189 0.961991
1105 0.532194 0.0439644 -2.80399 -0.0638391 0.241914 0.00613313 0.968176
1106 0.550624 0.033647 -2.81438 -0.0643637 0.235361 0.00583012 0.969757
1107 0.55507 0.00284634 -2.82242 -0.0662884 0.231693 0.00714244 0.970502
1108 0.528937 0.0343578 -2.77826 -0.0603447 0.234488 0.00519098 0.97023
1109 0.543831 0.0274302 -2.77863 -0.0624279 0.230848 0.00603575 0.970966
1110 0.54735 0.0388072 -2.78138 -0.0596549 0.228145 0.00170121 0.971796
1111 0.554942 0.0240443 -2.77506 -0.0601402 0.22444 0.000707604 0.97263
1112 0.553649 0.0382112 -2.77391 -0.0555637 0.222972 0.000918787 0.973239
1113 0.566897 0.0425983 -2.75921 -0.0541189 0.219989 7.1688e-05 0.974
1114 0.549942 0.050306 -2.74268 -0.0531691 0.220891 0.00328188 0.973843
1115 0.589119 0.031789 -2.75496 -0.0552391 0.213133 0.00454873 0.97545
1116 0.576757 0.0307775 -2.717 -0.0549477 0.21322 0.00230717 0.975455
1117 0.565275 0.0147474 -2.71474 -0.0574033 0.214056 0.00517389 0.975119
1118 0.564946 0.028654 -2.71337 -0.055647 0.212837 0.00272319 0.975498
1119 0.553845 0.0319611 -2.72235 -0.0534793 0.212102 0.00291006 0.975779
1120 0.585451 0.0452598 -2.7153 -0.051399 0.203683 0.00667273 0.977664
1121 0.57367 0.0485689 -2.69858 -0.0506649 0.202411 0.00377008 0.977982
1122 0.55741 0.0206577 -2.67712 -0.0537872 0.201802 1.43002e-05 0.977948
1123 0.556264 0.0593774 -2.6384 -0.0465162 0.200248 0.0002021 0.97864
1124 0.580483 0.0256211 -2.66993 -0.051322 0.193148 0.00149334 0.979825
1125 0.573714 0.0402554 -2.65842 -0.048082 0.192145 0.00160442 0.980187
1126 0.596592 0.0350103 -2.65951 -0.0493086 0.186025 0.00144435 0.981306
1127 0.572086 0.0393334 -2.64889 -0.0480408 0.187696 0.00094273 0.981051
1128 0.596244 0.0196158 -2.65405 -0.0499564 0.181127 0.00123515 0.982189
1129 0.579504 0.0461305 -2.61993 -0.0456969 0.182618 0.002986 0.982117
1130 0.581321 0.0579581 -2.64419 -0.0427578 0.179585 0.00219174 0.98281
1131 0.566693 0.0476618 -2.61561 -0.0452388 0.181163 0.00177638 0.98241
1132 0.582682 0.0755399 -2.63178 -0.0410882 0.176654 0.00157123 0.983414
1133 0.585684 0.0549351 -2.61088 -0.0436082 0.174398 0.00316065 0.983704
1134 0.586707 0.0530038 -2.60682 -0.0438062 0.172485 0.00125984 0.984037
1135 0.590236 0.0306455 -2.61332 -0.0462864 0.168992 0.0024457 0.984527
1136 0.620073 0.0794714 -2.61639 -0.0370531 0.162947 0.00144298 0.985938
1137 0.583484 0.0375762 -2.59483 -0.0433173 0.166977 -0.000822556 0.985008
1138 0.63682 0.0936517 -2.62093 -0.032729 0.156436 -0.00174839 0.987144
1139 0.590209 0.0504764 -2.58777 -0.0401709 0.162243 0.000198997 0.985933
1140 0.597849 0.0459193 -2.60554 -0.0399432 0.157131 -0.000677001 0.986769
1141 0.601856 0.0311314 -2.57899 -0.0421171 0.155219 -0.00522985 0.986968
1142 0.606401 0.0516624 -2.58906 -0.0384533 0.152809 0.00287006 0.987503
1143 0.619588 0.044504 -2.59331 -0.0392633 0.14986 -0.00140927 0.987926
1144 0.597747 0.0204109 -2.56761 -0.0419846 0.151327 -0.00164884 0.98759
1145 0.629848 0.0214149 -2.55456 -0.0408881 0.145084 -0.000357885 0.988574
1146 0.61033 0.0151375 -2.55365 -0.0413733 0.146162 -0.00165327 0.988394
1147 0.603276 0.0481434 -2.56224 -0.0360053 0.146524 -0.000581918 0.988551
1148 0.59954 -0.00205052 -2.53847 -0.0429145 0.14623 -0.0032006 0.988314
1149 0.629706 0.0328655 -2.5497 -0.0371658 0.140263 -0.00417809 0.989408
1150 0.568365 0.00120344 -2.51428 -0.0409488 0.150072 -0.0035183 0.98782
1151 0.617023 0.0150337 -2.53592 -0.0369167 0.141998 -0.00208506 0.989176
1152 0.614537 0.0214605 -2.52179 -0.0357914 0.142659 -0.00442934 0.989115
1153 0.616749 0.027613 -2.51401 -0.0347378 0.141592 -0.00358547 0.989309
1154 0.616706 -0.00073551 -2.5082 -0.0373188 0.141047 -0.000390081 0.989299
1155 0.631581 -0.013257 -2.50663 -0.0390635 0.136696 -0.0012298 0.989842
1156 0.612454 -0.0256528 -2.47198 -0.0365498 0.138317 -0.00216003 0.989711
1157 0.626451 -0.025264 -2.47385 -0.0337681 0.135457 -0.0028681 0.990203
1158 0.627581 0.0293254 -2.48499 -0.0248386 0.134236 0.00054631 0.990638
1159 0.617307 -0.00406961 -2.49281 -0.0296101 0.135147 -0.00073616 0.990383
1160 0.61018 -0.0406915 -2.44512 -0.0347278 0.136052 0.000904104 0.990092
1161 0.591385 -0.000811829 -2.44536 -0.0266653 0.138929 0.00249144 0.98994
1162 0.613431 -0.0133075 -2.43269 -0.028602 0.136774 0.0012636 0.990189
1163 0.622419 -0.0160921 -2.43836 -0.0283715 0.135129 0.00225824 0.990419
1164 0.634559 0.0137443 -2.45694 -0.0221713 0.133185 0.00300809 0.990839
1165 0.617507 -0.0324357 -2.41414 -0.0294657 0.136707 0.000729669 0.990173
1166 0.623765 -0.00265695 -2.43064 -0.0210856 0.135585 0.00408402 0.990533
1167 0.628407 -0.0280431 -2.40093 -0.0236037 0.136439 0.000977148 0.990367
1168 0.628975 -0.023925 -2.39214 -0.022599 0.137252 0.00162415 0.990277
1169 0.641731 -0.000343739 -2.40324 -0.0184124 0.133996 0.00476536 0.990799
1170 0.657694 0.00883495 -2.4046 -0.0145863 0.131164 0.00442822 0.991244
1171 0.620693 -0.028742 -2.38928 -0.0178545 0.136959 0.00310178 0.990411
1172 0.629423 -0.0422161 -2.37877 -0.0179163 0.134827 0.00424654 0.990698
1173 0.635338 -0.0601392 -2.34612 -0.0175087 0.134696 0.00178348 0.990731
1174 0.652587 -0.0120511 -2.3692 -0.00739333 0.130944 0.00454068 0.991352
1175 0.647699 0.00752447 -2.37658 -0.00451438 0.131327 0.00374716 0.991322
1176 0.670079 -0.0106819 -2.36514 -0.0047418 0.126369 0.00450335 0.991962
1177 0.597992 -0.0774631 -2.32116 -0.0146511 0.139787 0.00473973 0.990062
1178 0.647302 -0.0863085 -2.3188 -0.0150744 0.132524 0.004741 0.991054
1179 0.615739 -0.0236714 -2.32983 -0.00331472 0.137156 0.00596528 0.990526
1180 0.647357 -0.0393063 -2.34079 -0.00633905 0.130652 0.00568952 0.991392
1181 0.626567 -0.0565332 -2.31033 -0.0121725 0.133421 0.00839034 0.990949
1182 0.675242 -0.0352354 -2.31654 -0.00965408 0.123776 0.00899407 0.992222
1183 0.639285 -0.00715298 -2.31434 -0.0034341 0.127614 0.00475928 0.991807
1184 0.621846 0.0069337 -2.31175 -0.00122532 0.131691 0.00444658 0.99128
1185 0.657957 -0.0261224 -2.29528 -0.00729355 0.125276 0.00328247 0.99209
1186 0.635375 0.0376296 -2.32447 0.0039596 0.128835 0.00620795 0.991639
1187 0.643178 0.0104268 -2.29807 -0.00235133 0.127145 0.00657549 0.99186
1188 0.623321 -0.021913 -2.28064 -0.00898448 0.1285 0.00764147 0.991639
1189 0.639084 -0.0019384 -2.27387 -0.00625609 0.123552 0.00932166 0.992275
1190 0.646667 -0.0148023 -2.27405 -0.00989869 0.120644 0.00796956 0.992615
1191 0.634107 0.00575112 -2.26777 -0.00559371 0.122539 0.0117056 0.992379
1192 0.621869 -0.0402269 -2.26296 -0.0129232 0.124603 0.00646075 0.992101
1193 0.638801 -0.0230919 -2.23927 -0.010777 0.122074 0.0106074 0.992406
1194 0.580469 -0.035521 -2.21016 -0.0136058 0.132047 0.0101096 0.991099
1195 0.620835 -0.0778103 -2.21564 -0.0182698 0.126253 0.00986124 0.991781
1196 0.62295 -0.0454199 -2.21329 -0.0125806 0.126767 0.0101602 0.991801
1197 0.641301 -0.089687 -2.19753 -0.0196584 0.123624 0.00705758 0.992109
1198 0.624233 -0.0602883 -2.19666 -0.0149912 0.127383 0.00470051 0.991729
1199 0.666403 -0.0555941 -2.17267 -0.0162985 0.121947 0.0098026 0.992354
1200 0.623419 -0.0975563 -2.15854 -0.0240222 0.129147 0.0121463 0.99126
1201 0.676761 -0.0371185 -2.18536 -0.0131453 0.120833 0.00793417 0.992554
1202 0.650829 -0.101465 -2.13777 -0.0245925 0.125964 0.0152648 0.991612
1203 0.647193 -0.0267711 -2.16634 -0.0112047 0.127521 0.0154009 0.991653
1204 0.676452 -0.039431 -2.14893 -0.0123852 0.123692 0.0131596 0.992156
1205 0.681015 -0.0443582 -2.16385 -0.0125098 0.124387 0.0140559 0.992055
1206 0.702177 -0.0344615 -2.15989 -0.0105429 0.122205 0.011855 0.992378
1207 0.631661 -0.0902564 -2.12413 -0.0209383 0.135595 0.01594 0.990415
1208 0.645953 -0.141652 -2.09866 -0.0317223 0.134862 0.0135657 0.990264
1209 0.635887 -0.128254 -2.09815 -0.0308134 0.134746 0.0130343 0.990315
1210 0.709351 -0.053419 -2.10659 -0.0185614 0.120138 0.0137641 0.992488
1211 0.665083 -0.10425 -2.07977 -0.0263016 0.128057 0.01173 0.991349
1212 0.689966 -0.0210761 -2.1213 -0.0109244 0.120372 0.0132007 0.992581
1213 0.652703 -0.0603121 -2.10573 -0.018867 0.125026 0.00835557 0.991939
1214 0.671956 -0.0469991 -2.08612 -0.0168488 0.116765 0.00931567 0.992973
1215 0.662624 -0.08765 -2.06781 -0.0246759 0.115412 0.0101353 0.992959
1216 0.639481 -0.0558925 -2.07334 -0.0180582 0.116804 0.00862724 0.992953
1217 0.671354 -0.0707187 -2.06808 -0.0202871 0.110008 0.00837467 0.993688
1218 0.674014 -0.0892179 -2.07172 -0.0231832 0.10677 0.00204955 0.994011
1219 0.652117 -0.0594022 -2.05835 -0.0193309 0.110928 0.00622284 0.993621
1220 0.676946 -0.114707 -2.03774 -0.0301171 0.10556 0.00385012 0.993949
1221 0.636233 -0.0701597 -2.04188 -0.0220519 0.109187 0.00413587 0.993768
1222 0.629099 -0.139103 -2.00966 -0.0345941 0.108223 0.000813146 0.993524
1223 0.652231 -0.144138 -2.00327 -0.0363791 0.102308 0.000638229 0.994087
1224 0.637693 -0.0650529 -2.0315 -0.0204371 0.10022 -0.00241695 0.994752
1225 0.643981 -0.124399 -1.98799 -0.0332205 0.099167 -0.00264037 0.994513
1226 0.628894 -0.129541 -1.99659 -0.0347658 0.0995321 -0.00102801 0.994426
1227 0.638902 -0.110883 -2.00662 -0.0295176 0.0935554 -0.0036836 0.99517
1228 0.663814 -0.0657677 -2.01326 -0.021585 0.0850737 -0.0061615 0.996122
1229 0.64874 -0.0578661 -2.00778 -0.0194807 0.08615 -0.0053129 0.996078
1230 0.658043 -0.0583165 -2.01225 -0.0195762 0.0826218 -0.0094674 0.996344
1231 0.668757 -0.0861148 -2.00039 -0.0240205 0.079506 -0.0091624 0.996503
1232 0.676691 -0.0633336 -1.99065 -0.0205224 0.0771551 -0.0101126 0.996757
1233 0.653462 -0.0864517 -1.97583 -0.0258088 0.079399 -0.00849336 0.996473
1234 0.639567 -0.0747745 -1.98487 -0.0235029 0.0812756 -0.00705272 0.99639
1235 0.648217 -0.0717344 -1.9742 -0.0237616 0.0782983 -0.00697983 0.996622
1236 0.660952 -0.0527837 -1.96681 -0.0214452 0.075229 -0.00479563 0.996924
1237 0.631569 -0.0768383 -1.95104 -0.0275255 0.0798163 -0.0064562 0.996409
1238 0.646856 -0.0810904 -1.94881 -0.0287976 0.0763988 -0.00514183 0.996648
1239 0.64291 -0.135056 -1.92146 -0.0386584 0.0780463 -0.00614475 0.996181
