0 0 0 -2.5 0 0 0 1
1 -0.001264 0.004009 -2.49997 0.002137 -0.000607 -0.000311 0.999997
2 -0.00168 0.00313 -2.50063 0.001032 -0.001769 0.000123 0.999998
3 -0.000247 -0.00085 -2.4985 1.9e-05 -0.002884 0.001187 0.999995
4 0.001721 0.005841 -2.49899 0.002629 -0.00394 0.000719 0.999989
5 0.001855 0.012501 -2.5011 0.003522 -0.003555 0.000276 0.999987
6 0.000331 0.011252 -2.50181 0.001239 -0.002565 0.000344 0.999996
7 -0.000376 0.008771 -2.49985 -6.9e-05 -0.002304 0.001522 0.999996
8 -0.001691 0.013831 -2.50108 0.00123 -0.002338 0.001725 0.999995
9 -0.001735 0.011301 -2.50186 -0.000538 -0.002908 0.001998 0.999994
10 -0.001095 0.004831 -2.49982 -0.002157 -0.003825 0.002678 0.999987
11 0.000223 0.006241 -2.49974 -0.000476 -0.004462 0.002591 0.999987
12 0.002083 0.011272 -2.50147 0.001339 -0.005405 0.002129 0.999982
13 0.003937 0.010143 -2.50154 0.000381 -0.005898 0.001644 0.999981
14 0.004653 0.009293 -2.50136 0.000223 -0.005756 0.001773 0.999982
15 0.004449 0.011774 -2.50257 0.000695 -0.006066 0.001555 0.99998
16 0.003972 0.011103 -2.5035 -5.8e-05 -0.005915 0.001501 0.999981
17 0.004261 0.008394 -2.50334 -0.001197 -0.006205 0.002118 0.999978
18 0.003983 0.009404 -2.50509 -0.000659 -0.006123 0.003181 0.999976
19 0.005606 0.007384 -2.50494 -0.000677 -0.006117 0.004141 0.999972
20 0.005697 0.005554 -2.50472 -0.00067 -0.005807 0.004493 0.999973
21 0.007446 0.009856 -2.50754 0.001544 -0.003854 0.005011 0.999979
22 0.00881 0.009076 -2.50755 0.001109 -0.002676 0.005562 0.99998
23 0.008898 0.011056 -2.50978 0.00192 -0.00092 0.00549 0.999983
24 0.007694 0.011186 -2.51062 0.002103 0.000946 0.005422 0.999983
25 0.008437 0.014026 -2.5124 0.00311 0.002309 0.005689 0.999976
26 0.007659 0.015416 -2.51354 0.003229 0.004278 0.005539 0.99997
27 0.008417 0.016827 -2.51454 0.003395 0.006385 0.006158 0.999955
28 0.010575 0.016237 -2.51495 0.003017 0.008023 0.006551 0.999942
29 0.013765 0.015519 -2.51605 0.002802 0.009735 0.007108 0.999923
30 0.013979 0.013429 -2.51707 0.001692 0.012471 0.007821 0.99989
31 0.014804 0.010939 -2.51739 0.000754 0.015094 0.009064 0.999845
32 0.020246 0.009431 -2.51939 0.000237 0.019842 0.010281 0.99975
33 0.019731 0.010302 -2.5208 0.000729 0.023286 0.010146 0.999677
34 0.020012 0.011882 -2.52342 0.000788 0.02667 0.009887 0.999595
35 0.021692 0.012533 -2.52526 0.000458 0.03004 0.009794 0.999501
36 0.021523 0.012453 -2.52579 0.000258 0.03377 0.009722 0.999382
37 0.022034 0.012014 -2.52676 0.000243 0.037188 0.010121 0.999257
38 0.024004 0.011954 -2.52761 0.000168 0.040148 0.011428 0.999128
39 0.027626 0.010956 -2.52866 -0.000993 0.046606 0.012911 0.998829
40 0.027842 0.011036 -2.52987 -0.001174 0.050135 0.013269 0.998654
41 0.029 0.011197 -2.53121 -0.00145 0.053443 0.013822 0.998474
42 0.030266 0.010618 -2.53167 -0.001816 0.056865 0.01423 0.998279
43 0.031452 0.009708 -2.53279 -0.002156 0.060362 0.015655 0.998051
44 0.03235 0.009279 -2.53357 -0.002523 0.063679 0.016784 0.997826
45 0.033468 0.00768 -2.53417 -0.003657 0.067048 0.017505 0.997589
46 0.034713 0.006971 -2.53438 -0.004195 0.070556 0.018072 0.997335
47 0.035453 0.008751 -2.53597 -0.003542 0.073965 0.018956 0.997074
48 0.032172 0.007201 -2.53773 -0.004568 0.07812 0.019386 0.996745
49 0.031553 0.004251 -2.5375 -0.005778 0.081912 0.020027 0.996422
50 0.031618 0.005841 -2.53802 -0.004802 0.085482 0.020466 0.996118
51 0.031825 0.008882 -2.53989 -0.003961 0.088837 0.020795 0.995821
52 0.03189 0.008021 -2.53998 -0.004771 0.092774 0.02161 0.995441
53 0.032391 0.006552 -2.54031 -0.005245 0.096455 0.022219 0.995075
54 0.033283 0.007172 -2.54124 -0.004938 0.099861 0.022953 0.994724
55 0.033448 0.009083 -2.54313 -0.004701 0.103463 0.023759 0.994338
56 0.035769 0.008194 -2.54309 -0.005719 0.106977 0.02531 0.993923
57 0.038181 0.006505 -2.5439 -0.006284 0.110449 0.026905 0.993498
58 0.040325 0.009556 -2.54598 -0.00538 0.114095 0.027992 0.993061
59 0.04005 0.011336 -2.54736 -0.005313 0.118524 0.028614 0.992525
60 0.041244 0.010596 -2.54738 -0.0059 0.122518 0.029673 0.992005
61 0.045407 0.009727 -2.54771 -0.006071 0.125519 0.030683 0.991598
62 0.046925 0.012578 -2.55066 -0.005189 0.129231 0.031134 0.991112
63 0.047459 0.011878 -2.55098 -0.005972 0.13351 0.031759 0.99052
64 0.045467 0.014918 -2.55261 -0.00544 0.137785 0.031768 0.989938
65 0.045492 0.015978 -2.55417 -0.006468 0.141381 0.032779 0.989391
66 0.048811 0.017809 -2.55471 -0.007414 0.144592 0.034088 0.988876
67 0.049664 0.01744 -2.55587 -0.008359 0.148517 0.03504 0.988254
68 0.051267 0.016581 -2.55665 -0.009309 0.15191 0.036198 0.987687
69 0.052877 0.016252 -2.55811 -0.010099 0.155001 0.037355 0.987156
70 0.053878 0.016522 -2.55902 -0.010492 0.158304 0.038331 0.98659
71 0.055515 0.014943 -2.56081 -0.010938 0.161457 0.039522 0.986027
72 0.056641 0.015224 -2.56317 -0.011093 0.16498 0.04118 0.985374
73 0.060222 0.015386 -2.56443 -0.011788 0.168097 0.04238 0.984788
74 0.062374 0.014457 -2.56594 -0.012528 0.171916 0.043391 0.984076
75 0.064094 0.014138 -2.56701 -0.012777 0.176058 0.044447 0.983293
76 0.066003 0.015799 -2.56972 -0.012202 0.179814 0.044748 0.982607
77 0.068325 0.01494 -2.57042 -0.012712 0.183737 0.045792 0.981826
78 0.070752 0.015251 -2.57267 -0.012716 0.187445 0.046348 0.981099
79 0.074291 0.016222 -2.5741 -0.012952 0.191375 0.046789 0.980316
80 0.076837 0.017213 -2.57604 -0.013187 0.195604 0.047061 0.979464
81 0.077908 0.017374 -2.57787 -0.014031 0.199937 0.047632 0.97855
82 0.081924 0.017595 -2.58002 -0.015338 0.203111 0.04802 0.977857
83 0.088806 0.015378 -2.58031 -0.01665 0.205756 0.048184 0.977275
84 0.090381 0.013749 -2.58217 -0.016616 0.209235 0.047091 0.97659
85 0.091714 0.01413 -2.58439 -0.016178 0.212595 0.04624 0.975912
86 0.095181 0.012201 -2.58513 -0.016464 0.215632 0.045842 0.975259
87 0.097006 0.012012 -2.58624 -0.015914 0.219218 0.046325 0.974446
88 0.09884 0.011923 -2.58757 -0.015872 0.22243 0.046494 0.97371
89 0.102893 0.011844 -2.58844 -0.015887 0.225208 0.047721 0.973012
90 0.108972 0.010107 -2.58862 -0.016038 0.227307 0.049358 0.972439
91 0.11426 0.007519 -2.58979 -0.015935 0.229584 0.050419 0.971851
92 0.11971 0.008031 -2.59172 -0.014934 0.232124 0.049958 0.971288
93 0.123591 0.007993 -2.59368 -0.014171 0.235717 0.049758 0.970444
94 0.128417 0.008815 -2.59529 -0.013583 0.239034 0.049076 0.969675
95 0.13351 0.007767 -2.59759 -0.01417 0.241683 0.049239 0.969002
96 0.139048 0.007679 -2.59834 -0.014386 0.24395 0.04909 0.968438
97 0.144423 0.008022 -2.59979 -0.014109 0.246148 0.047988 0.967941
98 0.149331 0.007664 -2.60029 -0.014407 0.248663 0.047749 0.967305
99 0.154985 0.006166 -2.60131 -0.014777 0.250328 0.047027 0.966905
100 0.15799 0.006507 -2.60284 -0.014436 0.252155 0.045909 0.966489
101 0.163316 0.00421 -2.60242 -0.015327 0.253142 0.045756 0.966225
102 0.170222 0.002433 -2.60291 -0.015645 0.25331 0.045561 0.966185
103 0.17458 0.001505 -2.60314 -0.015434 0.254223 0.044783 0.965985
104 0.179216 0.002666 -2.60486 -0.014919 0.2546 0.043644 0.965946
105 0.184424 0.003229 -2.6057 -0.014926 0.255131 0.043352 0.965819
106 0.190174 0.003051 -2.60689 -0.014886 0.255273 0.042807 0.965806
107 0.201497 0.003276 -2.60856 -0.016064 0.255312 0.043218 0.965759
108 0.209544 0.002619 -2.60899 -0.016796 0.25449 0.044105 0.965923
109 0.216068 0.003202 -2.61011 -0.016453 0.254406 0.044206 0.965947
110 0.219926 0.006064 -2.61196 -0.015904 0.254816 0.044737 0.965823
111 0.22591 0.006486 -2.61234 -0.016902 0.254479 0.044746 0.965895
112 0.233127 0.006509 -2.61292 -0.017881 0.254473 0.04526 0.965855
113 0.239753 0.007851 -2.61384 -0.018482 0.255065 0.045869 0.965658
114 0.244934 0.009863 -2.61502 -0.019026 0.256357 0.046144 0.965293
115 0.249787 0.011575 -2.61591 -0.020273 0.257845 0.047145 0.964822
116 0.255826 0.011607 -2.61625 -0.022686 0.259023 0.048339 0.964394
117 0.265116 0.01121 -2.61506 -0.024576 0.25978 0.049894 0.964065
118 0.272525 0.009933 -2.61421 -0.025448 0.260835 0.049992 0.963752
119 0.278096 0.010766 -2.6154 -0.02545 0.262798 0.04916 0.963262
120 0.283947 0.010288 -2.61593 -0.026559 0.265234 0.048271 0.962609
121 0.291306 0.0086 -2.61481 -0.027736 0.267578 0.048368 0.961922
122 0.295385 0.007592 -2.61292 -0.027471 0.270759 0.048148 0.96105
123 0.297524 0.007782 -2.61225 -0.026907 0.273985 0.047413 0.960188
124 0.303603 0.007735 -2.61125 -0.027731 0.275593 0.047924 0.959678
125 0.310272 0.007837 -2.60993 -0.028289 0.276956 0.048257 0.959253
126 0.318031 0.006959 -2.60781 -0.028828 0.278416 0.049017 0.958776
127 0.325289 0.006132 -2.60559 -0.028029 0.280141 0.049698 0.958262
128 0.329598 0.005573 -2.60414 -0.026873 0.282322 0.049398 0.95767
129 0.333956 0.006054 -2.60221 -0.026123 0.284128 0.047816 0.957237
130 0.341024 0.005627 -2.59976 -0.02611 0.285229 0.047329 0.956934
131 0.347972 0.004979 -2.59689 -0.025607 0.286238 0.047254 0.95665
132 0.35366 0.005151 -2.59525 -0.025107 0.287625 0.04549 0.956333
133 0.360039 0.004243 -2.59309 -0.026454 0.289201 0.044279 0.955878
134 0.369347 -0.000724 -2.58899 -0.027771 0.289858 0.045763 0.955571
135 0.372696 -0.003413 -2.58653 -0.025847 0.29089 0.044864 0.955354
136 0.375124 -0.002722 -2.58469 -0.024365 0.291349 0.043038 0.955338
137 0.381041 -0.003231 -2.58134 -0.024492 0.290784 0.042935 0.955511
138 0.386618 -0.004069 -2.57788 -0.024281 0.29041 0.043252 0.955616
139 0.392406 -0.004658 -2.5746 -0.023904 0.289747 0.043126 0.955832
140 0.399723 -0.004955 -2.57108 -0.023373 0.288927 0.042708 0.956112
141 0.40569 -0.006384 -2.56756 -0.022968 0.28897 0.042054 0.956138
142 0.409678 -0.006472 -2.56463 -0.022513 0.289199 0.04066 0.95614
143 0.414985 -0.00687 -2.56109 -0.023206 0.28895 0.040175 0.956219
144 0.421461 -0.007908 -2.55695 -0.023675 0.288651 0.040545 0.956282
145 0.427738 -0.010547 -2.55282 -0.023492 0.287849 0.040461 0.956532
146 0.430586 -0.010376 -2.5497 -0.022439 0.287879 0.038943 0.956612
147 0.434473 -0.009996 -2.54675 -0.022507 0.287346 0.038586 0.956785
148 0.43977 -0.012114 -2.54263 -0.023701 0.286081 0.039735 0.957088
149 0.445067 -0.013432 -2.5394 -0.023968 0.284697 0.040623 0.957456
150 0.453892 -0.01304 -2.53323 -0.023804 0.283371 0.041782 0.957804
151 0.459079 -0.013588 -2.52961 -0.023423 0.282768 0.043203 0.957929
152 0.463196 -0.014687 -2.52625 -0.022868 0.282773 0.043049 0.957947
153 0.466054 -0.014697 -2.52343 -0.022397 0.282621 0.042065 0.958047
154 0.471921 -0.015806 -2.51961 -0.022926 0.281521 0.040775 0.958414
155 0.476338 -0.016735 -2.51558 -0.022478 0.281409 0.039503 0.958511
156 0.479414 -0.017444 -2.51172 -0.021931 0.281104 0.038254 0.958664
157 0.484381 -0.018983 -2.50708 -0.021968 0.279992 0.036598 0.959053
158 0.493344 -0.021731 -2.49735 -0.020777 0.278171 0.034477 0.959688
159 0.49614 -0.02334 -2.49279 -0.019942 0.27738 0.032879 0.95999
160 0.499636 -0.024989 -2.48752 -0.01949 0.275707 0.03226 0.960503
161 0.504141 -0.025559 -2.48196 -0.01869 0.273185 0.030992 0.96128
162 0.509456 -0.025568 -2.47638 -0.018037 0.270645 0.02968 0.962053
163 0.515301 -0.027616 -2.47029 -0.017814 0.268393 0.028462 0.962724
164 0.520727 -0.030375 -2.46406 -0.017341 0.26618 0.026862 0.963393
165 0.523722 -0.031774 -2.45844 -0.015947 0.264143 0.024709 0.964035
166 0.528588 -0.033493 -2.45236 -0.01547 0.261309 0.023542 0.964844
167 0.534542 -0.036632 -2.44503 -0.01539 0.258368 0.022715 0.965657
168 0.538488 -0.037602 -2.43932 -0.014434 0.255797 0.021276 0.966389
169 0.544822 -0.039551 -2.43226 -0.014671 0.253277 0.021175 0.967051
170 0.550277 -0.04132 -2.42524 -0.013358 0.251236 0.021102 0.967604
171 0.552933 -0.041259 -2.4203 -0.01134 0.24958 0.020902 0.968062
172 0.558607 -0.042709 -2.41359 -0.01157 0.247273 0.021664 0.968635
173 0.565172 -0.045157 -2.40642 -0.011622 0.24501 0.022141 0.969198
174 0.569756 -0.046826 -2.39965 -0.010379 0.243545 0.022002 0.969584
175 0.572991 -0.046846 -2.39409 -0.008458 0.242075 0.01997 0.970015
176 0.575917 -0.047026 -2.38876 -0.008019 0.240699 0.018154 0.970397
177 0.580012 -0.048775 -2.38246 -0.008915 0.238746 0.017936 0.970875
178 0.584337 -0.049695 -2.37616 -0.008756 0.23594 0.017303 0.971574
179 0.586972 -0.050195 -2.37005 -0.008229 0.233435 0.017165 0.972186
180 0.590997 -0.051454 -2.36401 -0.008232 0.229959 0.016888 0.973019
181 0.594651 -0.052923 -2.35745 -0.00817 0.22638 0.016772 0.97386
182 0.598477 -0.053403 -2.35211 -0.007346 0.222879 0.016056 0.974686
183 0.601083 -0.053142 -2.34777 -0.006812 0.219872 0.015423 0.975383
184 0.604838 -0.054242 -2.34128 -0.007328 0.21711 0.015146 0.976002
185 0.608243 -0.055022 -2.33619 -0.00688 0.214519 0.014092 0.976594
186 0.61107 -0.055632 -2.33154 -0.006284 0.212389 0.013851 0.977067
187 0.613236 -0.055541 -2.32709 -0.005785 0.210248 0.013598 0.977536
188 0.616751 -0.055981 -2.32151 -0.005595 0.207814 0.014253 0.978049
189 0.619346 -0.057301 -2.31588 -0.005475 0.206079 0.013661 0.978425
190 0.621232 -0.058361 -2.31015 -0.005036 0.204894 0.01344 0.978679
191 0.624933 -0.059601 -2.29968 -0.002977 0.202405 0.013127 0.979209
192 0.627418 -0.061241 -2.29372 -0.002988 0.200882 0.013158 0.979523
193 0.630617 -0.062251 -2.28122 -0.001708 0.199413 0.013284 0.979824
194 0.630832 -0.061632 -2.27544 -0.000911 0.199318 0.01252 0.979854
195 0.632577 -0.062152 -2.2686 -0.00129 0.19864 0.012844 0.979988
196 0.63396 -0.062593 -2.26124 -0.000947 0.197891 0.012728 0.980141
197 0.634054 -0.062094 -2.25455 -0.000184 0.197769 0.01191 0.980176
198 0.635458 -0.062714 -2.24726 -0.000484 0.197706 0.011486 0.980194
199 0.637011 -0.062615 -2.23966 0.000252 0.198272 0.011228 0.980083
200 0.636775 -0.062866 -2.23295 0.001022 0.199861 0.010974 0.979762
201 0.636599 -0.063067 -2.22602 0.001455 0.201542 0.010809 0.979419
202 0.636614 -0.063979 -2.21905 0.000983 0.203027 0.011335 0.979107
203 0.637287 -0.06506 -2.21137 0.000363 0.20425 0.012782 0.978835
204 0.637661 -0.066361 -2.20339 -0.000207 0.205551 0.014098 0.978545
205 0.638194 -0.067862 -2.19497 -0.00014 0.206459 0.014952 0.978341
206 0.637938 -0.069794 -2.18723 0.000194 0.207162 0.016042 0.978175
207 0.638011 -0.070715 -2.17949 0.000951 0.207212 0.016798 0.978151
208 0.638444 -0.071706 -2.17147 0.001158 0.207332 0.017105 0.97812
209 0.638687 -0.073027 -2.16334 0.001769 0.208346 0.017982 0.977888
210 0.637981 -0.074108 -2.15528 0.002667 0.210015 0.018673 0.977516
211 0.637045 -0.075339 -2.1478 0.003475 0.211904 0.019291 0.977094
212 0.636479 -0.07672 -2.14043 0.003823 0.213505 0.020138 0.976727
213 0.636533 -0.078811 -2.13247 0.00364 0.214783 0.020644 0.976437
214 0.636906 -0.080332 -2.12437 0.004471 0.215815 0.0201 0.976217
215 0.63608 -0.081444 -2.11729 0.005959 0.217511 0.019416 0.975847
216 0.634874 -0.082485 -2.1104 0.006872 0.219701 0.018647 0.975365
217 0.632929 -0.083217 -2.10375 0.007604 0.221955 0.017976 0.974862
218 0.630633 -0.083469 -2.09757 0.007635 0.223934 0.01756 0.974416
219 0.630807 -0.08502 -2.08963 0.006739 0.224873 0.017769 0.974203
220 0.629701 -0.085522 -2.08258 0.00721 0.225798 0.017308 0.973994
221 0.627825 -0.085493 -2.0763 0.007393 0.226661 0.017355 0.973791
222 0.626699 -0.085875 -2.06942 0.006484 0.227015 0.0177 0.973709
223 0.626543 -0.086956 -2.06183 0.005453 0.226384 0.018265 0.973852
224 0.627321 -0.088468 -2.0471 0.004819 0.224374 0.018513 0.974315
225 0.627465 -0.08991 -2.03995 0.005058 0.224115 0.018444 0.974375
226 0.62583 -0.090892 -2.03397 0.00525 0.224477 0.018856 0.974283
227 0.626004 -0.091952 -2.02651 0.004854 0.223922 0.020374 0.974382
228 0.626508 -0.092753 -2.01963 0.005369 0.222867 0.021289 0.974602
229 0.626087 -0.093745 -2.00716 0.004318 0.222097 0.020518 0.974799
230 0.626571 -0.095476 -1.9991 0.003351 0.221003 0.019878 0.975065
231 0.627154 -0.097276 -1.99091 0.003954 0.219032 0.018789 0.975529
232 0.626619 -0.099127 -1.98357 0.005332 0.217084 0.017793 0.975976
233 0.626653 -0.099998 -1.97616 0.007407 0.214583 0.016858 0.976532
234 0.627737 -0.100509 -1.9696 0.009465 0.212151 0.016142 0.977058
235 0.628301 -0.10235 -1.96213 0.010343 0.210789 0.014736 0.977366
236 0.628835 -0.103521 -1.95486 0.011131 0.209794 0.013779 0.977585
237 0.630099 -0.105122 -1.94762 0.011275 0.208791 0.012434 0.977816
238 0.629914 -0.105792 -1.94128 0.01145 0.208798 0.011484 0.977824
239 0.628718 -0.106853 -1.93484 0.010092 0.209172 0.011391 0.97776
240 0.629552 -0.108425 -1.92671 0.007705 0.208529 0.012598 0.977905
241 0.631574 -0.110065 -1.91751 0.006052 0.207272 0.012872 0.97818
242 0.632518 -0.112546 -1.9094 0.005568 0.206138 0.012887 0.978422
243 0.632522 -0.113098 -1.90291 0.005816 0.20505 0.0124 0.978656
244 0.633666 -0.114969 -1.89502 0.004971 0.203911 0.012384 0.978898
245 0.63382 -0.116709 -1.88718 0.005132 0.203149 0.012534 0.979054
246 0.633794 -0.118751 -1.88038 0.005203 0.202145 0.013253 0.979252
247 0.634788 -0.119491 -1.87313 0.005315 0.200965 0.01318 0.979495
248 0.635182 -0.120742 -1.86585 0.00597 0.200259 0.012954 0.979639
249 0.634927 -0.121273 -1.85965 0.007129 0.198907 0.012525 0.979912
250 0.635322 -0.122374 -1.85309 0.007599 0.19701 0.01251 0.980292
251 0.635537 -0.123565 -1.84667 0.008316 0.195255 0.012232 0.980641
252 0.635811 -0.124825 -1.84029 0.009011 0.193277 0.012945 0.981017
253 0.635436 -0.125997 -1.83403 0.009268 0.191577 0.012743 0.981351
254 0.634792 -0.126637 -1.82878 0.008896 0.189864 0.0116 0.981702
255 0.634267 -0.127978 -1.82277 0.007312 0.188141 0.010042 0.982063
256 0.634502 -0.129319 -1.8162 0.005914 0.186285 0.00888 0.982438
257 0.634067 -0.13021 -1.81073 0.00525 0.184886 0.007314 0.982719
258 0.632533 -0.131322 -1.80562 0.003649 0.183728 0.006028 0.982952
259 0.631818 -0.132593 -1.79906 0.0018 0.181956 0.005604 0.983289
260 0.632453 -0.133564 -1.79274 0.000677 0.17954 0.00566 0.983734
261 0.632177 -0.134645 -1.78618 -7.5e-05 0.177777 0.005689 0.984054
262 0.631162 -0.135006 -1.7807 -8e-05 0.175449 0.005022 0.984476
263 0.630308 -0.135297 -1.77549 -0.000565 0.173036 0.004604 0.984905
264 0.630843 -0.136078 -1.76955 -0.001538 0.170813 0.004413 0.985292
265 0.630338 -0.137039 -1.76368 -0.002549 0.169458 0.003899 0.985526
266 0.629623 -0.13852 -1.75731 -0.003638 0.168113 0.00329 0.985756
267 0.628518 -0.139102 -1.75108 -0.003919 0.166911 0.002484 0.985961
268 0.627193 -0.140763 -1.74494 -0.00473 0.166078 0.00187 0.9861
269 0.625827 -0.142094 -1.73823 -0.00511 0.16506 0.0014 0.986269
270 0.623972 -0.143337 -1.73201 -0.004899 0.164124 0.001401 0.986427
271 0.621477 -0.143568 -1.726 -0.004267 0.163617 0.001599 0.986513
272 0.620491 -0.14495 -1.71899 -0.003985 0.162737 0.002003 0.986659
273 0.618786 -0.147291 -1.71258 -0.003328 0.162321 0.002575 0.986729
274 0.616342 -0.146713 -1.7074 -0.002658 0.162498 0.00306 0.986701
275 0.616106 -0.148134 -1.69991 -0.002741 0.162612 0.003783 0.986679
276 0.612671 -0.148856 -1.69408 -0.001614 0.163742 0.003788 0.986495
277 0.609495 -0.148958 -1.68798 -0.001595 0.164143 0.003423 0.986429
278 0.60784 -0.15062 -1.68082 -0.002233 0.164364 0.003329 0.986392
279 0.606435 -0.153131 -1.67455 -0.00294 0.164432 0.00351 0.986378
280 0.60413 -0.153803 -1.66885 -0.002908 0.16516 0.003806 0.986255
281 0.601995 -0.155895 -1.66258 -0.004081 0.166042 0.004148 0.986102
282 0.59864 -0.157648 -1.65536 -0.004525 0.166828 0.00451 0.985965
283 0.595475 -0.15804 -1.64949 -0.003982 0.166845 0.004766 0.985964
284 0.596339 -0.160171 -1.64239 -0.003983 0.166046 0.00609 0.986091
285 0.594625 -0.162382 -1.63649 -0.001369 0.166767 0.006465 0.985974
286 0.589881 -0.162944 -1.63215 0.000844 0.168286 0.006641 0.985715
287 0.586137 -0.161976 -1.62739 0.001777 0.168738 0.006984 0.985635
288 0.584262 -0.162597 -1.62146 0.001029 0.168439 0.006621 0.985689
289 0.582667 -0.164299 -1.61585 0.00053 0.168083 0.006409 0.985752
290 0.580633 -0.16468 -1.61071 0.000934 0.167977 0.006227 0.985771
291 0.57952 -0.166141 -1.60632 0.00042 0.167446 0.00615 0.985862
292 0.576856 -0.165683 -1.60202 0.000266 0.1675 0.00527 0.985858
293 0.576031 -0.166264 -1.59676 -0.001143 0.166621 0.004209 0.986011
294 0.574437 -0.166736 -1.59152 -0.00217 0.165752 0.002299 0.986162
295 0.571603 -0.166907 -1.58664 -0.003585 0.165095 3.8e-05 0.986271
296 0.569747 -0.166869 -1.58059 -0.005587 0.163239 -0.001651 0.986569
297 0.568602 -0.16677 -1.57495 -0.007085 0.160745 -0.002607 0.986967
298 0.567528 -0.166502 -1.56963 -0.00903199 0.158267 -0.003577 0.987349
299 0.567002 -0.167062 -1.56301 -0.01151 0.155713 -0.004287 0.987726
300 0.566667 -0.167333 -1.55701 -0.012866 0.153113 -0.004713 0.988114
301 0.565392 -0.166944 -1.55176 -0.014085 0.150672 -0.005211 0.98847
302 0.564746 -0.167615 -1.5451 -0.016295 0.147873 -0.005717 0.988856
303 0.564191 -0.168226 -1.53842 -0.017137 0.145213 -0.005613 0.989236
304 0.562495 -0.168927 -1.53226 -0.017941 0.142332 -0.005727 0.98964
305 0.56126 -0.170198 -1.52552 -0.018957 0.138624 -0.006192 0.990144
306 0.560704 -0.170769 -1.51868 -0.019158 0.1348 -0.00717 0.990662
307 0.559878 -0.17126 -1.51224 -0.01913 0.13106 -0.008075 0.991157
308 0.559273 -0.173151 -1.50524 -0.019262 0.127607 -0.009614 0.991591
309 0.558537 -0.174782 -1.49814 -0.018295 0.12452 -0.011645 0.99198
310 0.558002 -0.174123 -1.49271 -0.016545 0.121297 -0.013126 0.992392
311 0.557396 -0.174944 -1.48596 -0.016503 0.117849 -0.01422 0.992793
312 0.556421 -0.175786 -1.47952 -0.015825 0.114641 -0.015151 0.993165
313 0.555676 -0.176486 -1.47377 -0.016134 0.111477 -0.015765 0.993511
314 0.556371 -0.176126 -1.46815 -0.01655 0.108381 -0.015602 0.993849
315 0.555986 -0.176907 -1.46198 -0.018093 0.10655 -0.01531 0.994025
316 0.555801 -0.177958 -1.45587 -0.019698 0.105216 -0.014718 0.994145
317 0.554185 -0.179789 -1.44884 -0.020613 0.104176 -0.015246 0.994228
318 0.55271 -0.180601 -1.4426 -0.020053 0.101814 -0.016344 0.994467
319 0.551535 -0.182132 -1.43607 -0.019732 0.09827 -0.018015 0.994801
320 0.55084 -0.183794 -1.4297 -0.019107 0.094139 -0.019454 0.995186
321 0.550145 -0.184925 -1.42401 -0.018137 0.089873 -0.021277 0.995561
322 0.549421 -0.185216 -1.41898 -0.017224 0.085708 -0.022951 0.995907
323 0.549326 -0.185677 -1.41379 -0.017348 0.08155 -0.024744 0.996211
324 0.548662 -0.186307 -1.40797 -0.018129 0.077667 -0.026426 0.996464
325 0.546361 -0.18977 -1.39409 -0.01897 0.06869 -0.030677 0.996986
326 0.545186 -0.190411 -1.38835 -0.018066 0.063517 -0.032812 0.997278
327 0.543761 -0.191193 -1.38258 -0.01716 0.058443 -0.034196 0.997557
328 0.542967 -0.191483 -1.37722 -0.0162 0.053012 -0.035256 0.99784
329 0.542482 -0.191554 -1.37219 -0.015399 0.047433 -0.036333 0.998095
330 0.541787 -0.192575 -1.36652 -0.015252 0.041839 -0.036989 0.998323
331 0.541173 -0.193605 -1.361 -0.014829 0.03639 -0.037764 0.998514
332 0.540819 -0.193796 -1.35645 -0.013975 0.031072 -0.038847 0.998664
333 0.539374 -0.195848 -1.35013 -0.014152 0.025812 -0.040407 0.99875
334 0.53785 -0.196589 -1.34552 -0.012576 0.020583 -0.042112 0.998822
335 0.536807 -0.196309 -1.34161 -0.011176 0.015366 -0.044166 0.998844
336 0.534483 -0.196601 -1.33753 -0.011103 0.01069 -0.046564 0.998796
337 0.533189 -0.197922 -1.33201 -0.011767 0.005939 -0.048724 0.998725
338 0.530175 -0.198284 -1.32783 -0.011752 0.001991 -0.050913 0.998632
339 0.527691 -0.199166 -1.32257 -0.012368 -0.002252 -0.052772 0.998527
340 0.525236 -0.200787 -1.31674 -0.012684 -0.006643 -0.05435 0.998419
341 0.522332 -0.203239 -1.31068 -0.012215 -0.01129 -0.056203 0.998281
342 0.519649 -0.204661 -1.30628 -0.010429 -0.016539 -0.057547 0.998151
343 0.518545 -0.204123 -1.30266 -0.008166 -0.021849 -0.058749 0.998
344 0.516783 -0.204474 -1.29964 -0.007563 -0.025664 -0.059909 0.997845
345 0.514179 -0.204186 -1.29547 -0.008073 -0.029206 -0.061506 0.997647
346 0.511065 -0.204687 -1.29068 -0.009032 -0.032687 -0.063361 0.997414
347 0.50691 -0.20515 -1.28545 -0.009709 -0.036045 -0.065045 0.997184
348 0.502926 -0.206141 -1.28002 -0.009417 -0.039671 -0.066795 0.996933
349 0.499262 -0.207344 -1.27539 -0.008466 -0.043083 -0.068135 0.996709
350 0.49552 -0.207195 -1.27257 -0.006872 -0.046634 -0.069256 0.996485
351 0.492586 -0.206607 -1.26852 -0.006322 -0.051189 -0.070114 0.996205
352 0.488511 -0.208239 -1.26205 -0.006413 -0.055519 -0.071241 0.995892
353 0.484508 -0.208881 -1.2583 -0.004764 -0.059346 -0.071834 0.995638
354 0.480325 -0.208953 -1.25497 -0.003534 -0.063362 -0.072583 0.995341
355 0.475261 -0.209875 -1.25039 -0.003139 -0.066799 -0.073356 0.995061
356 0.471588 -0.209987 -1.2464 -0.002745 -0.069872 -0.073092 0.994871
357 0.465604 -0.21239 -1.24123 -0.003535 -0.071277 -0.073346 0.99475
358 0.454918 -0.214636 -1.23292 -0.002496 -0.07536 -0.07449 0.994367
359 0.448274 -0.217949 -1.22694 -0.002399 -0.077787 -0.074865 0.994152
360 0.43694 -0.217574 -1.22238 0.003231 -0.082378 -0.075034 0.993767
361 0.433077 -0.216805 -1.21954 0.003677 -0.084539 -0.075318 0.993563
362 0.427983 -0.217158 -1.21538 0.002867 -0.085662 -0.075279 0.993472
363 0.42244 -0.21726 -1.21183 0.002685 -0.087094 -0.075272 0.993349
364 0.411323 -0.221436 -1.20187 0.001151 -0.090005 -0.075154 0.993101
365 0.404771 -0.224288 -1.19829 0.002146 -0.092006 -0.075474 0.992892
366 0.398718 -0.224721 -1.1955 0.005123 -0.09463 -0.07545 0.992636
367 0.392977 -0.223353 -1.19438 0.008684 -0.096954 -0.075274 0.9924
368 0.387605 -0.222415 -1.19315 0.009595 -0.098791 -0.075014 0.99223
369 0.381322 -0.223919 -1.18858 0.00838 -0.100635 -0.075466 0.992022
370 0.375429 -0.225141 -1.18498 0.008446 -0.102385 -0.076238 0.991783
371 0.368817 -0.226084 -1.18183 0.009006 -0.103754 -0.077095 0.99157
372 0.361275 -0.227027 -1.17957 0.009727 -0.105225 -0.078398 0.991306
373 0.354294 -0.226711 -1.17853 0.010456 -0.106652 -0.079166 0.991085
374 0.34815 -0.226394 -1.17477 0.010306 -0.108883 -0.079126 0.990847
375 0.334106 -0.227049 -1.16954 0.009636 -0.113895 -0.078265 0.990358
376 0.327993 -0.227332 -1.16661 0.009583 -0.117163 -0.077894 0.990007
377 0.322901 -0.227034 -1.16432 0.009604 -0.120364 -0.07774 0.989635
378 0.317858 -0.226186 -1.16158 0.009384 -0.123336 -0.078366 0.989221
379 0.312355 -0.227159 -1.15729 0.008886 -0.126762 -0.079872 0.988672
380 0.305454 -0.227051 -1.15643 0.009726 -0.129309 -0.081395 0.98821
381 0.299653 -0.227044 -1.15429 0.009177 -0.133361 -0.082979 0.987545
382 0.293799 -0.227946 -1.15036 0.008542 -0.137949 -0.084583 0.986784
383 0.288397 -0.228059 -1.1481 0.009288 -0.142286 -0.085446 0.986087
384 0.283395 -0.228201 -1.14567 0.009443 -0.14639 -0.086005 0.985436
385 0.278993 -0.228803 -1.14268 0.009393 -0.150649 -0.087149 0.984694
386 0.2746 -0.229386 -1.13982 0.00924 -0.154949 -0.088223 0.983932
387 0.269178 -0.230318 -1.13679 0.008812 -0.158775 -0.089295 0.983229
388 0.263706 -0.2306 -1.13431 0.009154 -0.163132 -0.090688 0.982385
389 0.259043 -0.230873 -1.1316 0.00907 -0.16796 -0.091153 0.981529
390 0.25437 -0.231455 -1.12788 0.009075 -0.172939 -0.092383 0.980548
391 0.249688 -0.231287 -1.12554 0.009717 -0.177311 -0.092479 0.979752
392 0.245153 -0.231439 -1.12289 0.009074 -0.18202 -0.092851 0.978859
393 0.240595 -0.231951 -1.1183 0.00827 -0.187128 -0.093528 0.977838
394 0.235625 -0.233134 -1.11447 0.008361 -0.191748 -0.093979 0.976899
395 0.231392 -0.232665 -1.11243 0.009391 -0.19544 -0.094294 0.976127
396 0.227757 -0.233037 -1.10723 0.009148 -0.199956 -0.094618 0.975183
397 0.222252 -0.23426 -1.10456 0.009584 -0.203095 -0.095608 0.974433
398 0.218605 -0.233482 -1.1019 0.010461 -0.207404 -0.0960091 0.973476
399 0.214556 -0.232944 -1.0987 0.00999199 -0.211142 -0.0964429 0.972635
400 0.210501 -0.233336 -1.09379 0.00877 -0.214914 -0.097258 0.971739
401 0.206247 -0.233769 -1.0894 0.008415 -0.218247 -0.097665 0.970958
402 0.201473 -0.233581 -1.08619 0.008663 -0.221548 -0.097817 0.970192
403 0.197673 -0.233122 -1.08313 0.008263 -0.225061 -0.098211 0.969347
404 0.193263 -0.233945 -1.07709 0.007022 -0.229436 -0.099644 0.968184
405 0.188055 -0.235427 -1.07316 0.007131 -0.232805 -0.100757 0.967264
406 0.184233 -0.235929 -1.06978 0.007796 -0.236621 -0.101968 0.966205
407 0.1794 -0.236681 -1.06492 0.008255 -0.240262 -0.103203 0.965171
408 0.175753 -0.237033 -1.06203 0.009226 -0.243408 -0.103701 0.96432
409 0.171635 -0.237265 -1.05967 0.008925 -0.245582 -0.104152 0.963723
410 0.167571 -0.237317 -1.05579 0.007538 -0.249078 -0.104704 0.962777
411 0.163179 -0.2384 -1.05067 0.006287 -0.252953 -0.106229 0.961608
412 0.158576 -0.239601 -1.04683 0.00595 -0.256458 -0.107617 0.960527
413 0.154012 -0.241274 -1.04201 0.005921 -0.26077 -0.109294 0.959176
414 0.149996 -0.242215 -1.03906 0.006817 -0.26458 -0.11027 0.958014
415 0.146453 -0.242667 -1.03622 0.007085 -0.268292 -0.111276 0.956863
416 0.138526 -0.243821 -1.02949 0.004803 -0.276272 -0.11222 0.954493
417 0.134113 -0.244924 -1.02473 0.003514 -0.281875 -0.113047 0.952762
418 0.129879 -0.246195 -1.02031 0.003131 -0.287593 -0.113824 0.95096
419 0.126116 -0.246737 -1.01639 0.003739 -0.293582 -0.114403 0.949056
420 0.122449 -0.246949 -1.01273 0.004096 -0.299478 -0.115394 0.94709
421 0.119035 -0.247051 -1.00878 0.004349 -0.304915 -0.117012 0.945154
422 0.110627 -0.248715 -1.00161 0.005737 -0.314336 -0.120811 0.941576
423 0.107279 -0.249406 -0.998844 0.006422 -0.319654 -0.122134 0.939608
424 0.103166 -0.250609 -0.995038 0.006869 -0.325327 -0.123997 0.937411
425 0.099144 -0.25193 -0.991652 0.008196 -0.330964 -0.125397 0.935239
426 0.095452 -0.253402 -0.988605 0.009907 -0.33673 -0.126543 0.933007
427 0.091706 -0.253694 -0.986718 0.011589 -0.342287 -0.127252 0.930866
428 0.088075 -0.253935 -0.983962 0.012256 -0.348389 -0.127572 0.928547
429 0.084578 -0.253696 -0.981055 0.013085 -0.354218 -0.127983 0.926271
430 0.080677 -0.254048 -0.977628 0.013225 -0.359838 -0.127916 0.92411
431 0.077749 -0.254981 -0.974721 0.013976 -0.365185 -0.127789 0.922017
432 0.073757 -0.255782 -0.972815 0.014188 -0.369451 -0.128184 0.920257
433 0.069926 -0.254794 -0.971498 0.014869 -0.374082 -0.127934 0.918409
434 0.066219 -0.254616 -0.969281 0.014495 -0.379021 -0.128571 0.916298
435 0.061711 -0.255417 -0.966895 0.013826 -0.383601 -0.128651 0.914389
436 0.057995 -0.254439 -0.965018 0.014847 -0.388349 -0.128159 0.912436
437 0.05439 -0.25434 -0.963121 0.014316 -0.393057 -0.128177 0.910424
438 0.050615 -0.254112 -0.961444 0.013902 -0.397382 -0.128399 0.90852
439 0.046482 -0.253864 -0.960198 0.013396 -0.401495 -0.128559 0.906694
440 0.042762 -0.252914 -0.959141 0.013216 -0.405703 -0.128804 0.904787
441 0.038676 -0.253587 -0.957585 0.011543 -0.409643 -0.129223 0.902973
442 0.03479 -0.253179 -0.955698 0.011034 -0.413748 -0.129075 0.901127
443 0.03125 -0.25298 -0.954382 0.010461 -0.417282 -0.129176 0.899489
444 0.027271 -0.252342 -0.953095 0.009497 -0.420643 -0.129801 0.897842
445 0.023188 -0.252033 -0.950549 0.008574 -0.424519 -0.130188 0.895969
446 0.0185 -0.251946 -0.949063 0.008535 -0.428086 -0.130509 0.894224
447 0.014628 -0.251257 -0.948146 0.009307 -0.431664 -0.129912 0.892582
448 0.010897 -0.250258 -0.946919 0.00961 -0.434944 -0.129121 0.8911
449 0.00149 -0.249242 -0.943867 0.007859 -0.441369 -0.1289 0.887984
450 -0.002658 -0.248994 -0.941971 0.00677901 -0.445053 -0.128593 0.886197
451 -0.007142 -0.247906 -0.940285 0.006339 -0.447914 -0.128961 0.884704
452 -0.012309 -0.247888 -0.937769 0.004972 -0.450837 -0.129573 0.883138
453 -0.017118 -0.24791 -0.935294 0.00501 -0.453876 -0.12936 0.881611
454 -0.021038 -0.246952 -0.934067 0.005895 -0.45659 -0.129019 0.880253
455 -0.025859 -0.246683 -0.932091 0.005593 -0.459534 -0.128059 0.878862
456 -0.030848 -0.246625 -0.930686 0.004772 -0.462719 -0.126371 0.877439
457 -0.035331 -0.245787 -0.92954 0.004453 -0.465944 -0.125065 0.87592
458 -0.039445 -0.244939 -0.928243 0.003381 -0.468586 -0.124241 0.874631
459 -0.044372 -0.243941 -0.926317 0.001787 -0.470884 -0.123821 0.873461
460 -0.049316 -0.243424 -0.924032 0.000817001 -0.473759 -0.123254 0.871986
461 -0.053231 -0.243385 -0.923485 -0.000633 -0.476025 -0.122325 0.870883
462 -0.057943 -0.242367 -0.922909 -0.001973 -0.478219 -0.122463 0.869658
463 -0.062694 -0.241509 -0.920723 -0.003423 -0.481552 -0.122644 0.867787
464 -0.067056 -0.240591 -0.918697 -0.004249 -0.484366 -0.122386 0.866252
465 -0.071302 -0.240823 -0.917741 -0.00577 -0.486876 -0.122601 0.864805
466 -0.074894 -0.240194 -0.917814 -0.006837 -0.488859 -0.123164 0.863598
467 -0.079419 -0.240016 -0.916188 -0.009505 -0.491234 -0.122838 0.86227
468 -0.083539 -0.239218 -0.915602 -0.010702 -0.493339 -0.122393 0.861117
469 -0.093281 -0.236032 -0.91444 -0.01708 -0.499383 -0.122361 0.857527
470 -0.096716 -0.235173 -0.913343 -0.018552 -0.501765 -0.122402 0.856099
471 -0.098213 -0.233814 -0.914064 -0.018696 -0.503696 -0.123084 0.854863
472 -0.099866 -0.232535 -0.913795 -0.020964 -0.505387 -0.123799 0.853709
473 -0.102459 -0.231846 -0.912637 -0.024223 -0.507277 -0.124165 0.852447
474 -0.106237 -0.229958 -0.91224 -0.027884 -0.510877 -0.12565 0.849964
475 -0.107943 -0.228398 -0.912501 -0.030583 -0.512628 -0.127137 0.848595
476 -0.112673 -0.2267 -0.908176 -0.034243 -0.518543 -0.127871 0.844742
477 -0.113268 -0.226711 -0.907736 -0.034664 -0.521331 -0.128497 0.842912
478 -0.113576 -0.226291 -0.908096 -0.036189 -0.523615 -0.129789 0.841233
479 -0.11493 -0.225801 -0.907087 -0.037936 -0.526431 -0.131424 0.839142
480 -0.115679 -0.226012 -0.906658 -0.039533 -0.529121 -0.133221 0.83709
481 -0.116601 -0.225232 -0.905549 -0.040932 -0.531829 -0.134907 0.835034
482 -0.116712 -0.224943 -0.904729 -0.04167 -0.53559 -0.136204 0.832379
483 -0.11692 -0.224933 -0.904429 -0.043531 -0.539163 -0.138526 0.82959
484 -0.118114 -0.224874 -0.9022 -0.045951 -0.543294 -0.139822 0.826541
485 -0.118271 -0.224914 -0.90048 -0.04724 -0.547963 -0.141082 0.823165
486 -0.118868 -0.224255 -0.898491 -0.047827 -0.552537 -0.142804 0.81977
487 -0.120946 -0.224566 -0.894602 -0.048339 -0.557234 -0.143953 0.816352
488 -0.120677 -0.225116 -0.893602 -0.047774 -0.561098 -0.145092 0.813532
489 -0.12103 -0.225436 -0.891203 -0.047997 -0.565064 -0.146711 0.810478
490 -0.120947 -0.225606 -0.888993 -0.048212 -0.568801 -0.147702 0.807666
491 -0.119956 -0.226635 -0.888662 -0.049516 -0.572182 -0.149188 0.804922
492 -0.12122 -0.226567 -0.885143 -0.051084 -0.576398 -0.15159 0.801359
493 -0.122226 -0.226548 -0.881084 -0.050815 -0.580807 -0.153476 0.797826
494 -0.122874 -0.227209 -0.877985 -0.049534 -0.584923 -0.155255 0.794548
495 -0.1226 -0.228209 -0.876905 -0.047963 -0.588387 -0.157002 0.791739
496 -0.122509 -0.22866 -0.874965 -0.047568 -0.592143 -0.158393 0.78868
497 -0.123026 -0.22839 -0.871785 -0.046941 -0.596677 -0.15869 0.785233
498 -0.123199 -0.229071 -0.869705 -0.046875 -0.600998 -0.15849 0.781975
499 -0.123394 -0.229382 -0.867835 -0.046656 -0.605852 -0.158736 0.778184
500 -0.123909 -0.229622 -0.865436 -0.04677 -0.610958 -0.159309 0.774057
501 -0.12528 -0.230162 -0.863047 -0.04698 -0.616075 -0.159838 0.769868
502 -0.126112 -0.230253 -0.860738 -0.046264 -0.621636 -0.159724 0.765452
503 -0.127163 -0.230765 -0.858979 -0.045591 -0.627135 -0.159941 0.760948
504 -0.127613 -0.230885 -0.857319 -0.044708 -0.632506 -0.160426 0.756439
505 -0.128665 -0.230606 -0.85534 -0.0438 -0.637745 -0.160642 0.752035
506 -0.130603 -0.230247 -0.852871 -0.042263 -0.643107 -0.160312 0.747614
507 -0.131206 -0.229957 -0.850852 -0.039669 -0.648335 -0.15999 0.743298
508 -0.131478 -0.230507 -0.850982 -0.037828 -0.652385 -0.161556 0.739501
509 -0.132915 -0.230348 -0.849603 -0.036688 -0.656615 -0.163184 0.735446
510 -0.134901 -0.230739 -0.848095 -0.035364 -0.660818 -0.16442 0.731461
511 -0.135454 -0.231019 -0.848296 -0.033941 -0.664319 -0.166002 0.727991
512 -0.137157 -0.23113 -0.846927 -0.033702 -0.668165 -0.166969 0.724252
513 -0.138361 -0.230961 -0.846578 -0.033684 -0.671783 -0.167243 0.720835
514 -0.139843 -0.230832 -0.846709 -0.033712 -0.675258 -0.167319 0.717561
515 -0.14102 -0.230442 -0.84738 -0.034043 -0.678645 -0.167181 0.714375
516 -0.142508 -0.229852 -0.847382 -0.034659 -0.682137 -0.167247 0.710997
517 -0.145072 -0.229644 -0.846694 -0.035625 -0.68579 -0.167178 0.707442
518 -0.146734 -0.228435 -0.846375 -0.035642 -0.689307 -0.16652 0.704171
519 -0.148641 -0.227985 -0.847027 -0.035114 -0.692598 -0.166487 0.700969
520 -0.151038 -0.227156 -0.846939 -0.033695 -0.696247 -0.165935 0.697546
521 -0.151722 -0.227696 -0.850499 -0.032063 -0.698505 -0.16725 0.695047
522 -0.153203 -0.226736 -0.85111 -0.030975 -0.701062 -0.169163 0.692053
523 -0.155702 -0.225177 -0.850913 -0.030283 -0.703726 -0.169261 0.689349
524 -0.15793 -0.225498 -0.852964 -0.029116 -0.706306 -0.169517 0.686694
525 -0.160056 -0.225498 -0.855666 -0.0284 -0.708689 -0.170543 0.68401
526 -0.16341 -0.2241 -0.855579 -0.027313 -0.71203 -0.170775 0.680517
527 -0.166625 -0.223451 -0.856802 -0.025676 -0.71501 -0.170489 0.677521
528 -0.168653 -0.223951 -0.859774 -0.024336 -0.717013 -0.170845 0.675361
529 -0.171163 -0.223282 -0.861686 -0.023951 -0.719029 -0.171203 0.673137
530 -0.174513 -0.222993 -0.862919 -0.02353 -0.721511 -0.172049 0.670275
531 -0.177293 -0.222614 -0.864521 -0.022953 -0.723721 -0.172732 0.667731
532 -0.180304 -0.220994 -0.865584 -0.021907 -0.726058 -0.173218 0.665098
533 -0.184245 -0.220096 -0.865697 -0.020964 -0.729076 -0.172873 0.661909
534 -0.187164 -0.219887 -0.86769 -0.019801 -0.731311 -0.172348 0.659612
535 -0.190243 -0.220238 -0.870723 -0.01898 -0.732992 -0.172458 0.657739
536 -0.193683 -0.220548 -0.873156 -0.018778 -0.734734 -0.172273 0.655847
537 -0.196845 -0.219719 -0.874578 -0.018557 -0.736775 -0.171952 0.653644
538 -0.200568 -0.219501 -0.876032 -0.018293 -0.739298 -0.171929 0.650803
539 -0.204272 -0.218772 -0.877055 -0.017789 -0.742468 -0.171056 0.64743
540 -0.207504 -0.216773 -0.877847 -0.016249 -0.746119 -0.169011 0.643799
541 -0.210778 -0.215344 -0.87995 -0.014062 -0.74948 -0.167145 0.640425
542 -0.216389 -0.213186 -0.886625 -0.008074 -0.754332 -0.162897 0.635911
543 -0.21977 -0.214736 -0.890718 -0.00660699 -0.755602 -0.162282 0.634575
544 -0.22289 -0.214216 -0.89402 -0.005107 -0.756713 -0.161691 0.633416
545 -0.22612 -0.212637 -0.896943 -0.002828 -0.75818 -0.159917 0.632125
546 -0.230093 -0.215698 -0.901177 -0.002035 -0.759291 -0.160042 0.630761
547 -0.233766 -0.217619 -0.904851 -0.001556 -0.760624 -0.161408 0.628807
548 -0.236293 -0.21269 -0.906882 0.001236 -0.762538 -0.159618 0.626943
549 -0.239264 -0.211801 -0.911085 0.003871 -0.763916 -0.158017 0.625659
550 -0.243064 -0.216022 -0.916539 0.004337 -0.764925 -0.158835 0.624213
551 -0.24598 -0.216752 -0.920151 0.004442 -0.766157 -0.159272 0.622588
552 -0.249053 -0.215283 -0.923154 0.005221 -0.767877 -0.159048 0.620517
553 -0.251823 -0.215843 -0.927506 0.00635901 -0.769238 -0.159193 0.618782
554 -0.254376 -0.214773 -0.930888 0.007821 -0.770836 -0.158897 0.616849
555 -0.25753 -0.216324 -0.935411 0.00918501 -0.772323 -0.159892 0.61471
556 -0.260023 -0.215605 -0.939403 0.010712 -0.773911 -0.159847 0.612696
557 -0.26246 -0.214595 -0.943535 0.012291 -0.775516 -0.159592 0.610699
558 -0.264645 -0.213945 -0.949067 0.014168 -0.777241 -0.159405 0.608511
559 -0.267034 -0.213695 -0.953719 0.01455 -0.779095 -0.159305 0.606153
560 -0.269756 -0.210756 -0.955991 0.015687 -0.781814 -0.158214 0.602902
561 -0.27195 -0.209447 -0.960053 0.016892 -0.783805 -0.157138 0.600558
562 -0.274284 -0.210157 -0.964865 0.017906 -0.785653 -0.157582 0.597994
563 -0.27975 -0.211928 -0.9748 0.018605 -0.789387 -0.15991 0.59241
564 -0.282435 -0.209618 -0.979112 0.018562 -0.791566 -0.159594 0.589583
565 -0.284939 -0.209088 -0.983744 0.019305 -0.793585 -0.160273 0.586652
566 -0.287474 -0.210369 -0.988967 0.019241 -0.795529 -0.161365 0.583716
567 -0.290175 -0.210308 -0.994089 0.01961 -0.797728 -0.162067 0.580501
568 -0.292654 -0.207849 -0.997531 0.019753 -0.800248 -0.161023 0.577308
569 -0.294481 -0.205269 -1.00211 0.019599 -0.80215 -0.160033 0.574944
570 -0.296824 -0.208679 -1.00779 0.018479 -0.803768 -0.16185 0.572206
571 -0.299932 -0.208089 -1.01182 0.017006 -0.80585 -0.16315 0.568945
572 -0.303405 -0.20749 -1.01666 0.017061 -0.808238 -0.164197 0.565242
573 -0.305501 -0.206501 -1.02211 0.017473 -0.810414 -0.164427 0.562039
574 -0.308179 -0.203261 -1.02607 0.017771 -0.813093 -0.163462 0.558432
575 -0.311244 -0.201462 -1.0311 0.019376 -0.815412 -0.1628 0.555178
576 -0.312937 -0.201952 -1.03629 0.020467 -0.817055 -0.162161 0.552905
577 -0.314119 -0.201111 -1.04212 0.019584 -0.818461 -0.161212 0.551136
578 -0.31524 -0.200871 -1.04707 0.018248 -0.82049 -0.161341 0.548117
579 -0.319083 -0.200742 -1.05153 0.01669 -0.823087 -0.163493 0.543617
580 -0.324387 -0.197393 -1.05586 0.017866 -0.826211 -0.164152 0.538617
581 -0.326218 -0.197312 -1.06062 0.018879 -0.828615 -0.164748 0.534695
582 -0.328897 -0.197013 -1.06531 0.018634 -0.830903 -0.166325 0.530651
583 -0.333622 -0.195484 -1.07018 0.018015 -0.833603 -0.167176 0.52615
584 -0.336129 -0.194365 -1.07433 0.017159 -0.836211 -0.167471 0.521929
585 -0.339633 -0.194206 -1.07866 0.016293 -0.838815 -0.16893 0.517289
586 -0.34469 -0.192898 -1.08335 0.015805 -0.84149 -0.170329 0.512477
587 -0.349302 -0.190968 -1.08841 0.016206 -0.843782 -0.171205 0.508389
588 -0.353647 -0.189599 -1.0935 0.01674 -0.845707 -0.172056 0.504871
589 -0.35822 -0.18829 -1.09837 0.0171 -0.847685 -0.172324 0.501438
590 -0.362723 -0.18804 -1.10378 -0.016954 0.849694 0.17258 -0.497945
591 -0.36709 -0.188101 -1.10904 -0.016391 0.851964 0.173171 -0.493863
592 -0.372431 -0.186342 -1.11408 -0.017641 0.85493 0.173496 -0.488552
593 -0.378564 -0.183973 -1.11946 -0.019902 0.857811 0.173054 -0.483546
594 -0.383861 -0.182325 -1.12486 -0.022985 0.860203 0.172047 -0.479501
595 -0.386646 -0.182655 -1.13033 -0.024277 0.861595 0.171789 -0.477025
596 -0.392677 -0.182216 -1.13591 -0.024734 0.863711 0.172426 -0.472927
597 -0.398704 -0.181907 -1.14198 -0.024562 0.86625 0.172565 -0.468218
598 -0.403064 -0.180948 -1.14747 -0.023763 0.868701 0.172321 -0.463787
599 -0.408468 -0.180099 -1.15313 -0.022843 0.871176 0.172621 -0.459057
600 -0.42008 -0.178722 -1.1649 -0.021603 0.875927 0.172589 -0.449999
601 -0.426627 -0.178014 -1.17041 -0.021269 0.87831 0.173599 -0.444952
602 -0.435 -0.176447 -1.17657 -0.022435 0.8814 0.173481 -0.438789
603 -0.439623 -0.176328 -1.18239 -0.023935 0.884273 0.172551 -0.43326
604 -0.443536 -0.176168 -1.18836 -0.025107 0.88651 0.172499 -0.428619
605 -0.448424 -0.175289 -1.19436 -0.026011 0.888378 0.172869 -0.424529
606 -0.454106 -0.174371 -1.20071 -0.026663 0.890199 0.173139 -0.420546
607 -0.459869 -0.174132 -1.20647 -0.027038 0.892278 0.173172 -0.416077
608 -0.46352 -0.173642 -1.21226 -0.027614 0.894325 0.172852 -0.411756
609 -0.467023 -0.173093 -1.21824 -0.027659 0.896177 0.173482 -0.407437
610 -0.471746 -0.172064 -1.22427 -0.027488 0.898026 0.174436 -0.402946
611 -0.476782 -0.171555 -1.23058 -0.026757 0.899842 0.175353 -0.398523
612 -0.481604 -0.170926 -1.23611 -0.026844 0.902036 0.175959 -0.393254
613 -0.485669 -0.170497 -1.24227 -0.026934 0.90393 0.176704 -0.388537
614 -0.490914 -0.169847 -1.24884 -0.02625 0.905757 0.177088 -0.384129
615 -0.495926 -0.169528 -1.25523 -0.026323 0.907599 0.176722 -0.379922
616 -0.499026 -0.169429 -1.26138 -0.026834 0.909179 0.176181 -0.376342
617 -0.501475 -0.169439 -1.26667 -0.026069 0.910631 0.176301 -0.372814
618 -0.510208 -0.16845 -1.28009 -0.024634 0.914083 0.177209 -0.363927
619 -0.513468 -0.16756 -1.28595 -0.024342 0.915735 0.177696 -0.359528
620 -0.518297 -0.166051 -1.29286 -0.024307 0.917338 0.177876 -0.355331
621 -0.52204 -0.165261 -1.29925 -0.02486 0.918641 0.178065 -0.351814
622 -0.525893 -0.164402 -1.30574 -0.025445 0.919675 0.178391 -0.348894
623 -0.529728 -0.163632 -1.31298 -0.025311 0.920564 0.178652 -0.346418
624 -0.534503 -0.163103 -1.32032 -0.025681 0.921568 0.178867 -0.343597
625 -0.537973 -0.162334 -1.32716 -0.026495 0.922494 0.178154 -0.341416
626 -0.541596 -0.161134 -1.33395 -0.026945 0.923334 0.177418 -0.339485
627 -0.546235 -0.160835 -1.34245 -0.02733 0.923988 0.17695 -0.337916
628 -0.549084 -0.160215 -1.34919 -0.027471 0.924614 0.175454 -0.336971
629 -0.551173 -0.159515 -1.35593 -0.027626 0.924802 0.175206 -0.336571
630 -0.555732 -0.158496 -1.36453 -0.026543 0.925047 0.175014 -0.336084
631 -0.559869 -0.157396 -1.3726 -0.026769 0.925427 0.173932 -0.335583
632 -0.561775 -0.156516 -1.37931 -0.02736 0.925478 0.173063 -0.335844
633 -0.562222 -0.156015 -1.38494 -0.027762 0.925096 0.174236 -0.336256
634 -0.568313 -0.155007 -1.39441 -0.025763 0.924815 0.176877 -0.335809
635 -0.574285 -0.155008 -1.40403 -0.025177 0.925286 0.176464 -0.334772
636 -0.574311 -0.155037 -1.41037 -0.02512 0.925805 0.174785 -0.334223
637 -0.577249 -0.154497 -1.41819 -0.024394 0.926275 0.174303 -0.333223
638 -0.579979 -0.153707 -1.42652 -0.02419 0.926718 0.173286 -0.332535
639 -0.581559 -0.153127 -1.43396 -0.024241 0.927127 0.172718 -0.331688
640 -0.583692 -0.152087 -1.44199 -0.024772 0.92746 0.172918 -0.33061
641 -0.585452 -0.151126 -1.44984 -0.026028 0.927791 0.173447 -0.329307
642 -0.58786 -0.149756 -1.45744 -0.026413 0.928279 0.174065 -0.32757
643 -0.591437 -0.149027 -1.46588 -0.026809 0.928934 0.174457 -0.325464
644 -0.59335 -0.148326 -1.47405 -0.027492 0.929654 0.174124 -0.323524
645 -0.595033 -0.148186 -1.48192 -0.027936 0.930357 0.173704 -0.321688
646 -0.595402 -0.147085 -1.48811 -0.028256 0.93115 0.173429 -0.319507
647 -0.598338 -0.145875 -1.49623 -0.027618 0.931914 0.174342 -0.316826
648 -0.601198 -0.144445 -1.50454 -0.028057 0.933115 0.174362 -0.31322
649 -0.602891 -0.142955 -1.51152 -0.029237 0.934208 0.174538 -0.309737
650 -0.604408 -0.141745 -1.51919 -0.029811 0.934955 0.175623 -0.306802
651 -0.607583 -0.139675 -1.52757 -0.030181 0.936051 0.176389 -0.302961
652 -0.609838 -0.137744 -1.53508 -0.031092 0.937202 0.176849 -0.299015
653 -0.612175 -0.135454 -1.54262 -0.031882 0.938262 0.177337 -0.295294
654 -0.615131 -0.133754 -1.55035 -0.031778 0.939125 0.17835 -0.291934
655 -0.618762 -0.131654 -1.55833 -0.032323 0.940018 0.178632 -0.28881
656 -0.62034 -0.129853 -1.56496 -0.033136 0.940843 0.178574 -0.286055
657 -0.623203 -0.128534 -1.57285 -0.033107 0.941604 0.179278 -0.283098
658 -0.625367 -0.126753 -1.58045 -0.032897 0.942481 0.179203 -0.280239
659 -0.628067 -0.125383 -1.58836 -0.032357 0.943185 0.180057 -0.277371
660 -0.6317 -0.124114 -1.59675 -0.031845 0.943948 0.180773 -0.274354
661 -0.635182 -0.123324 -1.6058 -0.0314 0.944782 0.18095 -0.271402
662 -0.638023 -0.121783 -1.61401 -0.03196 0.945738 0.180271 -0.268442
663 -0.643715 -0.120443 -1.63089 -0.031617 0.947053 0.182337 -0.262382
664 -0.647095 -0.120392 -1.64039 -0.031933 0.947919 0.182415 -0.259141
665 -0.649371 -0.119952 -1.64856 -0.031461 0.948793 0.181877 -0.256365
666 -0.653069 -0.119352 -1.65787 -0.030756 0.949692 0.181186 -0.253594
667 -0.655235 -0.119182 -1.66623 -0.029928 0.950631 0.179732 -0.2512
668 -0.657257 -0.119621 -1.67481 -0.028382 0.951391 0.17952 -0.24864
669 -0.661053 -0.118371 -1.68385 -0.02723 0.952473 0.179039 -0.244947
670 -0.664451 -0.116881 -1.69257 -0.027516 0.953594 0.178319 -0.241046
671 -0.667009 -0.115491 -1.70139 -0.029153 0.954474 0.177879 -0.237673
672 -0.66765 -0.114399 -1.70932 -0.030297 0.955146 0.178004 -0.234717
673 -0.668763 -0.112879 -1.71772 -0.030984 0.955902 0.179153 -0.230643
674 -0.671314 -0.111948 -1.72691 -0.031056 0.95684 0.180535 -0.22561
675 -0.67386 -0.111199 -1.73562 -0.031812 0.957938 0.181185 -0.220261
676 -0.675974 -0.110849 -1.74315 -0.032449 0.959018 0.181474 -0.215174
677 -0.677969 -0.109928 -1.75089 -0.034161 0.960009 0.181818 -0.210137
678 -0.679933 -0.109468 -1.75755 -0.035266 0.960813 0.182439 -0.205696
679 -0.681923 -0.109008 -1.76484 -0.035693 0.961384 0.183592 -0.201895
680 -0.684507 -0.108817 -1.77277 -0.035062 0.961872 0.184585 -0.198752
681 -0.688003 -0.108508 -1.78101 -0.034613 0.962545 0.184581 -0.195547
682 -0.688549 -0.107167 -1.78738 -0.036534 0.963143 0.183944 -0.192833
683 -0.688807 -0.106746 -1.79404 -0.036889 0.963273 0.185495 -0.190618
684 -0.692664 -0.106137 -1.80304 -0.036683 0.963569 0.187382 -0.18729
685 -0.69524 -0.104797 -1.81079 -0.038031 0.964156 0.18719 -0.184164
686 -0.696795 -0.104717 -1.81736 -0.038828 0.964487 0.187877 -0.181546
687 -0.70029 -0.104116 -1.8264 -0.039102 0.964873 0.188467 -0.178807
688 -0.70076 -0.103775 -1.83356 -0.039854 0.965396 0.187675 -0.176633
689 -0.702042 -0.102885 -1.84087 -0.03952 0.965774 0.187866 -0.174431
690 -0.70371 -0.101184 -1.84923 -0.0389 0.966108 0.18788 -0.172693
691 -0.705128 -0.100443 -1.85735 -0.037696 0.966499 0.187239 -0.171464
692 -0.70635 -0.098912 -1.86543 -0.037157 0.966873 0.186311 -0.170481
693 -0.707892 -0.096672 -1.87362 -0.036605 0.967153 0.185186 -0.170238
694 -0.709371 -0.095341 -1.882 -0.036224 0.967285 0.184461 -0.170357
695 -0.712138 -0.090329 -1.89941 -0.037526 0.967665 0.183109 -0.169372
696 -0.712173 -0.088148 -1.90648 -0.03854 0.967451 0.18406 -0.169335
697 -0.714001 -0.089147 -1.91623 -0.037762 0.966963 0.186593 -0.169525
698 -0.714507 -0.089516 -1.92614 -0.036951 0.966938 0.186285 -0.170185
699 -0.713293 -0.088635 -1.93407 -0.036348 0.967231 0.184593 -0.170497
700 -0.71329 -0.088824 -1.94269 -0.034514 0.967357 0.184383 -0.170387
701 -0.71538 -0.087293 -1.95268 -0.033545 0.967668 0.183489 -0.169782
702 -0.714885 -0.084811 -1.96109 -0.033021 0.96806 0.181451 -0.169838
703 -0.715039 -0.08194 -1.97032 -0.033542 0.968276 0.180929 -0.16906
704 -0.715349 -0.079359 -1.9793 -0.034725 0.968364 0.181511 -0.167687
705 -0.715389 -0.079308 -1.9892 -0.035273 0.968272 0.183171 -0.166294
706 -0.717393 -0.080187 -1.99983 -0.035962 0.968396 0.184299 -0.164166
707 -0.717598 -0.078326 -2.00911 -0.038225 0.968782 0.183007 -0.162812
708 -0.715615 -0.077744 -2.01582 -0.039892 0.968917 0.182656 -0.162004
709 -0.716433 -0.077073 -2.0245 -0.041112 0.96895 0.183486 -0.160554
710 -0.716564 -0.075522 -2.03233 -0.042003 0.96917 0.18329 -0.159214
711 -0.715407 -0.073451 -2.03916 -0.042597 0.969227 0.18378 -0.158143
712 -0.715863 -0.07303 -2.0469 -0.042195 0.969138 0.185463 -0.156826
713 -0.717064 -0.07429 -2.05701 -0.041711 0.969127 0.186879 -0.155336
714 -0.717184 -0.073848 -2.06575 -0.042417 0.969577 0.186323 -0.152988
715 -0.716254 -0.071227 -2.07159 -0.044712 0.970086 0.185404 -0.150197
716 -0.716682 -0.070697 -2.07772 -0.045501 0.97026 0.186263 -0.147757
717 -0.718571 -0.070106 -2.08642 -0.045772 0.970435 0.187258 -0.145241
718 -0.719867 -0.069285 -2.0942 -0.045636 0.970824 0.187482 -0.142371
719 -0.719216 -0.070024 -2.10163 -0.044742 0.97109 0.187991 -0.14015
720 -0.723063 -0.071194 -2.11043 -0.043099 0.971576 0.188572 -0.136469
721 -0.72699 -0.070775 -2.11843 -0.042644 0.972354 0.187272 -0.132811
722 -0.729107 -0.070784 -2.1248 -0.042013 0.973053 0.185778 -0.129957
723 -0.732093 -0.070974 -2.13289 -0.040885 0.973545 0.185126 -0.127542
724 -0.733863 -0.069403 -2.14201 -0.040652 0.974222 0.18321 -0.125193
725 -0.740914 -0.068354 -2.15605 -0.039122 0.975262 0.182299 -0.118749
726 -0.74815 -0.067745 -2.16602 -0.039445 0.975944 0.180826 -0.115238
727 -0.750179 -0.064125 -2.17129 -0.042483 0.976647 0.17754 -0.113289
728 -0.752001 -0.064135 -2.17752 -0.044522 0.976788 0.177295 -0.111667
729 -0.757702 -0.065846 -2.18735 -0.04514 0.977012 0.177344 -0.109354
730 -0.761352 -0.066686 -2.19499 -0.046435 0.977466 0.175696 -0.107404
731 -0.763632 -0.068476 -2.20198 -0.047052 0.977792 0.174368 -0.106326
732 -0.769043 -0.071127 -2.21066 -0.046926 0.978199 0.173357 -0.104269
733 -0.772312 -0.069967 -2.21722 -0.048687 0.978878 0.170007 -0.102597
734 -0.774034 -0.070607 -2.22279 -0.049967 0.979206 0.168254 -0.101734
735 -0.777495 -0.073767 -2.23136 -0.05077 0.979326 0.167982 -0.100622
736 -0.780659 -0.074528 -2.23861 -0.052028 0.979931 0.165068 -0.098902
737 -0.780974 -0.073358 -2.24246 -0.053434 0.980497 0.162027 -0.09756
738 -0.782587 -0.073037 -2.2485 -0.053744 0.980769 0.161088 -0.096195
739 -0.783992 -0.073217 -2.25585 -0.053705 0.981031 0.160408 -0.094678
740 -0.785583 -0.073817 -2.26287 -0.053328 0.981418 0.159372 -0.092604
741 -0.787728 -0.075087 -2.26896 -0.052522 0.981857 0.158445 -0.089965
742 -0.791903 -0.076207 -2.27534 -0.052588 0.982352 0.15709 -0.086841
743 -0.79396 -0.076547 -2.27924 -0.052709 0.982898 0.154498 -0.085224
744 -0.797175 -0.077048 -2.28496 -0.052488 0.983427 0.152122 -0.083523
745 -0.793957 -0.076136 -2.28839 -0.053043 0.98397 0.148588 -0.083131
746 -0.792526 -0.074066 -2.29046 -0.053209 0.984297 0.147261 -0.081496
747 -0.795273 -0.074036 -2.29613 -0.052762 0.984416 0.148072 -0.078845
748 -0.797407 -0.075596 -2.30318 -0.051789 0.984691 0.147827 -0.076479
749 -0.798311 -0.074685 -2.3067 -0.051988 0.985185 0.14575 -0.07392
750 -0.799997 -0.073926 -2.30946 -0.052587 0.985469 0.144735 -0.07167
751 -0.802887 -0.076216 -2.31601 -0.052486 0.98565 0.14461 -0.06948
752 -0.802168 -0.074265 -2.31939 -0.053866 0.986089 0.141848 -0.067864
753 -0.799358 -0.072384 -2.32083 -0.054512 0.986333 0.140449 -0.066704
754 -0.800814 -0.072163 -2.32601 -0.054305 0.986453 0.140733 -0.064465
755 -0.802156 -0.071533 -2.33074 -0.054172 0.986729 0.13985 -0.062238
756 -0.803773 -0.071723 -2.33535 -0.053862 0.986979 0.139028 -0.060353
757 -0.804551 -0.073453 -2.3422 -0.054088 0.987126 0.13847 -0.059016
758 -0.802165 -0.071701 -2.34582 -0.054772 0.987476 0.136024 -0.058217
759 -0.801883 -0.070801 -2.34917 -0.055355 0.987734 0.134864 -0.055932
760 -0.804006 -0.070751 -2.35455 -0.055698 0.987965 0.134194 -0.053053
761 -0.804219 -0.06905 -2.35987 -0.056704 0.98828 0.132278 -0.050882
762 -0.803429 -0.0699 -2.36462 -0.05682 0.988438 0.131532 -0.049605
763 -0.802922 -0.069138 -2.37054 -0.057064 0.98863 0.130475 -0.048279
764 -0.799673 -0.065577 -2.37301 -0.057985 0.988828 0.128986 -0.047124
765 -0.799577 -0.065626 -2.37989 -0.057708 0.988875 0.129265 -0.045684
766 -0.799314 -0.064815 -2.38621 -0.058394 0.989034 0.128378 -0.043824
767 -0.795128 -0.060874 -2.38769 -0.059906 0.989209 0.126769 -0.042505
768 -0.794434 -0.060533 -2.39309 -0.059682 0.989187 0.127763 -0.040305
769 -0.794376 -0.059172 -2.39991 -0.059778 0.989245 0.128127 -0.037477
770 -0.790085 -0.05632 -2.40381 -0.060122 0.989292 0.128178 -0.035452
771 -0.786326 -0.055008 -2.4084 -0.060039 0.989208 0.129534 -0.032906
772 -0.787366 -0.055518 -2.41508 -0.059257 0.989163 0.131262 -0.02856
773 -0.788653 -0.055058 -2.42094 -0.059172 0.98919 0.131916 -0.024495
774 -0.789423 -0.054948 -2.42571 -0.0591 0.9892 0.132435 -0.021264
775 -0.786726 -0.054206 -2.43019 -0.059289 0.989155 0.132977 -0.019361
776 -0.787174 -0.054084 -2.43555 -0.059154 0.989126 0.133678 -0.016168
777 -0.786888 -0.056014 -2.44131 -0.058815 0.989009 0.134996 -0.013336
778 -0.786595 -0.059583 -2.44768 -0.057716 0.988967 0.136033 -0.010382
779 -0.783205 -0.059781 -2.45306 -0.057226 0.989125 0.135247 -0.008058
780 -0.780321 -0.058549 -2.4577 -0.056644 0.989273 0.134544 -0.005235
781 -0.777265 -0.058338 -2.4608 -0.055378 0.989357 0.134541 -0.002189
782 -0.776703 -0.058037 -2.46718 -0.053991 0.989449 0.134439 0.001642
783 -0.777501 -0.056736 -2.4714 -0.053436 0.989609 0.133354 0.005887
784 -0.7748 -0.053675 -2.4742 -0.054373 0.989693 0.132174 0.009057
785 -0.772713 -0.051764 -2.47699 -0.054799 0.989677 0.131843 0.012379
786 -0.771001 -0.051493 -2.48079 -0.054736 0.989627 0.13189 0.015747
787 -0.769919 -0.051292 -2.48539 -0.054263 0.989604 0.131777 0.019331
788 -0.768692 -0.050952 -2.48788 -0.053101 0.989622 0.131546 0.022892
789 -0.769262 -0.051941 -2.49306 -0.051104 0.989612 0.131717 0.026582
790 -0.769511 -0.04987 -2.49676 -0.05011 0.98976 0.130331 0.029634
791 -0.767692 -0.047699 -2.49754 -0.049411 0.989818 0.129669 0.031702
792 -0.768876 -0.048258 -2.50321 -0.04837 0.989706 0.130255 0.034305
793 -0.769816 -0.047588 -2.50694 -0.047923 0.989761 0.1293 0.036853
794 -0.767822 -0.046117 -2.50879 -0.047938 0.989787 0.128609 0.038525
795 -0.766531 -0.045836 -2.51197 -0.047501 0.989726 0.128597 0.040598
796 -0.767083 -0.044027 -2.51436 -0.046402 0.989712 0.128253 0.043232
797 -0.768765 -0.047376 -2.52073 -0.045106 0.989506 0.129363 0.045924
798 -0.770075 -0.043916 -2.52432 -0.045231 0.989627 0.127484 0.048377
799 -0.766234 -0.036864 -2.52191 -0.046496 0.989739 0.125608 0.049771
800 -0.7666 -0.036304 -2.52529 -0.046894 0.989332 0.127596 0.05236
801 -0.767529 -0.037054 -2.53079 -0.047037 0.98897 0.12925 0.054961
802 -0.767493 -0.034924 -2.5329 -0.047417 0.988797 0.129457 0.057211
803 -0.767765 -0.032323 -2.53617 -0.048437 0.98852 0.130324 0.059146
804 -0.764956 -0.03441 -2.54839 -0.049207 0.987739 0.133145 0.064984
805 -0.76483 -0.03533 -2.55269 -0.049434 0.987317 0.134182 0.068974
806 -0.765861 -0.039229 -2.55962 -0.049094 0.986749 0.135688 0.0742
807 -0.768716 -0.038509 -2.56541 -0.048433 0.986422 0.134947 0.080092
808 -0.768862 -0.03591 -2.56811 -0.049064 0.986106 0.13357 0.085711
809 -0.771096 -0.03156 -2.57289 -0.049909 0.985665 0.132492 0.091761
810 -0.769081 -0.026599 -2.57336 -0.051376 0.985234 0.131541 0.096808
811 -0.769401 -0.033369 -2.58251 -0.051018 0.984242 0.13507 0.102085
812 -0.773483 -0.040199 -2.59491 -0.05026 0.983396 0.1366 0.108386
813 -0.774716 -0.034108 -2.59644 -0.050383 0.983304 0.132671 0.1139
814 -0.775257 -0.031608 -2.59998 -0.04989 0.98286 0.131879 0.118766
815 -0.777464 -0.031557 -2.60593 -0.049367 0.982233 0.131943 0.123983
816 -0.780634 -0.029468 -2.61187 -0.048555 0.981781 0.130954 0.128841
817 -0.781897 -0.024988 -2.61523 -0.048629 0.981468 0.129552 0.132558
818 -0.781561 -0.025467 -2.61988 -0.049052 0.980926 0.130068 0.135868
819 -0.783711 -0.026007 -2.62624 -0.049481 0.980301 0.13051 0.139746
820 -0.785551 -0.024698 -2.63111 -0.049686 0.979857 0.129898 0.14331
821 -0.786437 -0.025247 -2.63588 -0.050371 0.979181 0.130116 0.147432
822 -0.789147 -0.026127 -2.64286 -0.050582 0.978449 0.129936 0.152303
823 -0.789135 -0.022207 -2.64556 -0.051438 0.978038 0.128223 0.156062
824 -0.787751 -0.023056 -2.64957 -0.051886 0.977449 0.128636 0.159228
825 -0.790765 -0.021625 -2.65659 -0.052598 0.976757 0.128302 0.163456
826 -0.79021 -0.015345 -2.65753 -0.053333 0.976437 0.126363 0.166608
827 -0.789227 -0.016354 -2.66199 -0.053328 0.975603 0.128256 0.170016
828 -0.794392 -0.019435 -2.67126 -0.052656 0.974402 0.130249 0.175511
829 -0.795287 -0.016965 -2.67503 -0.053192 0.973768 0.129123 0.179646
830 -0.792734 -0.014154 -2.67612 -0.054283 0.973307 0.128433 0.182296
831 -0.792068 -0.013793 -2.68144 -0.054721 0.972438 0.129673 0.185888
832 -0.794222 -0.012623 -2.68694 -0.054262 0.971468 0.130479 0.190477
833 -0.795211 -0.012382 -2.69313 -0.053922 0.970475 0.131168 0.195104
834 -0.795271 -0.012891 -2.69883 -0.053776 0.969517 0.131822 0.199418
835 -0.79492 -0.01171 -2.70358 -0.053634 0.96868 0.131859 0.20346
836 -0.794098 -0.009479 -2.70802 -0.053339 0.967899 0.131506 0.207444
837 -0.79221 -0.010157 -2.7156 -0.05359 0.966982 0.132401 0.211054
838 -0.78755 -0.006105 -2.71874 -0.053832 0.966494 0.131423 0.213821
839 -0.785126 -0.003994 -2.72338 -0.054018 0.965677 0.131771 0.217222
840 -0.784244 -0.003032 -2.72965 -0.054297 0.964585 0.133205 0.221097
841 -0.778891 -0.000578 -2.74093 -0.055292 0.962556 0.134852 0.228571
842 -0.777356 0.000243 -2.7477 -0.05497 0.961659 0.135765 0.231859
843 -0.77721 -0.001046 -2.75542 -0.054732 0.960627 0.137244 0.235295
844 -0.776652 -0.004575 -2.76332 -0.054312 0.959606 0.138371 0.238871
845 -0.773385 -0.005363 -2.7707 -0.053229 0.959065 0.137176 0.241957
846 -0.767469 -0.004109 -2.77599 -0.052966 0.958794 0.135514 0.244018
847 -0.76619 -0.001268 -2.78163 -0.052038 0.958414 0.134532 0.246242
848 -0.761084 0.000515 -2.78771 -0.051802 0.958158 0.134236 0.247447
849 -0.756216 0.002557 -2.79269 -0.051467 0.957927 0.13399 0.248542
850 -0.75383 0.00264 -2.79929 -0.052249 0.957438 0.134347 0.250066
851 -0.750037 0.001322 -2.80609 -0.05303 0.956958 0.134507 0.251648
852 -0.747942 0.001484 -2.81185 -0.053469 0.956375 0.133933 0.254067
853 -0.744871 0.003416 -2.81718 -0.053375 0.956062 0.133454 0.255511
854 -0.740209 0.003788 -2.82227 -0.053582 0.955583 0.134236 0.256849
855 -0.737552 0.00503 -2.82759 -0.053151 0.954842 0.134068 0.259764
856 -0.734123 0.006773 -2.83176 -0.053069 0.954087 0.133881 0.262638
857 -0.731284 0.005484 -2.83857 -0.053475 0.952956 0.135095 0.266016
858 -0.728367 0.005596 -2.84485 -0.053311 0.952095 0.135122 0.2691
859 -0.724704 0.007678 -2.84963 -0.052868 0.951405 0.134445 0.271954
860 -0.721557 0.00875 -2.85471 -0.052953 0.950592 0.134215 0.274876
861 -0.717565 0.008052 -2.85986 -0.052995 0.949785 0.134228 0.277637
862 -0.714926 0.006654 -2.8665 -0.053556 0.948669 0.133962 0.281449
863 -0.71114 0.010526 -2.87041 -0.053366 0.947852 0.132055 0.285115
864 -0.708868 0.018067 -2.87203 -0.052514 0.946987 0.130438 0.288867
865 -0.7056 0.02033 -2.88389 -0.052017 0.943817 0.132334 0.298315
866 -0.700879 0.021762 -2.88826 -0.051732 0.942416 0.132957 0.302486
867 -0.699468 0.021853 -2.89436 -0.051703 0.940653 0.133836 0.30755
868 -0.695982 0.022836 -2.9005 -0.051966 0.93925 0.134415 0.311514
869 -0.6915 0.025218 -2.90386 -0.052148 0.938369 0.134542 0.314074
870 -0.690185 0.02654 -2.90883 -0.052101 0.93709 0.135759 0.317359
871 -0.68466 0.023562 -2.91478 -0.053135 0.935936 0.137576 0.319803
872 -0.683958 0.023164 -2.92113 -0.05369 0.934611 0.138169 0.32331
873 -0.680367 0.020636 -2.92677 -0.05464 0.933379 0.138866 0.326397
874 -0.676926 0.021589 -2.93161 -0.054647 0.932496 0.138368 0.329118
875 -0.670909 0.024141 -2.93399 -0.054447 0.932033 0.137919 0.330649
876 -0.668272 0.026532 -2.93785 -0.054261 0.931162 0.138184 0.333015
877 -0.666052 0.024004 -2.94528 -0.05494 0.929668 0.139793 0.336388
878 -0.660316 0.025607 -2.94953 -0.054801 0.928908 0.13945 0.338644
879 -0.656835 0.027469 -2.95263 -0.054332 0.928002 0.1392 0.341296
880 -0.652151 0.027602 -2.95834 -0.053879 0.926825 0.139478 0.344439
881 -0.650618 0.028063 -2.965 -0.053448 0.925426 0.139319 0.348309
882 -0.644839 0.028196 -2.96912 -0.053223 0.924565 0.138791 0.350833
883 -0.639697 0.033368 -2.97179 -0.052216 0.923984 0.137113 0.353168
884 -0.638854 0.038639 -2.97596 -0.051844 0.922868 0.135852 0.35661
885 -0.636805 0.039251 -2.9833 -0.052083 0.921342 0.136342 0.360315
886 -0.633245 0.042264 -2.98799 -0.051519 0.920255 0.135839 0.363352
887 -0.630235 0.044416 -2.99296 -0.051265 0.918998 0.13647 0.366319
888 -0.627064 0.044028 -2.99935 -0.051664 0.917417 0.138075 0.369612
889 -0.622917 0.043201 -3.00762 -0.051829 0.915719 0.139442 0.373266
890 -0.619952 0.043243 -3.01397 -0.052125 0.91405 0.13972 0.377194
891 -0.614863 0.045076 -3.01815 -0.052614 0.912565 0.13953 0.380774
892 -0.609181 0.044099 -3.02276 -0.05406 0.910836 0.140235 0.384434
893 -0.605312 0.043551 -3.03022 -0.054891 0.908787 0.140782 0.388938
894 -0.601328 0.042453 -3.03612 -0.055097 0.906686 0.140594 0.39385
895 -0.595791 0.037786 -3.0442 -0.056486 0.90412 0.140627 0.399501
896 -0.590163 0.037239 -3.04888 -0.057116 0.902225 0.138755 0.40432
897 -0.585068 0.038732 -3.05417 -0.057102 0.899888 0.136698 0.41019
898 -0.578639 0.043884 -3.05698 -0.056234 0.897603 0.134451 0.416015
899 -0.57595 0.048316 -3.06054 -0.055952 0.894833 0.133472 0.422289
900 -0.571475 0.04824 -3.06999 -0.056878 0.891099 0.133776 0.429897
901 -0.566654 0.050722 -3.07508 -0.056943 0.887907 0.132828 0.436733
902 -0.557841 0.051375 -3.0732 -0.058327 0.885541 0.132601 0.441398
903 -0.540292 0.052195 -3.09212 -0.059637 0.875974 0.131995 0.460098
904 -0.535004 0.053888 -3.09787 -0.058582 0.873194 0.132039 0.465474
905 -0.530279 0.05751 -3.10144 -0.056974 0.870466 0.131523 0.470898
906 -0.526984 0.057122 -3.10616 -0.057184 0.86701 0.132436 0.476953
907 -0.519767 0.054875 -3.10917 -0.058478 0.864113 0.132653 0.481968
908 -0.513519 0.055478 -3.11034 -0.059093 0.86162 0.131616 0.486618
909 -0.509634 0.05703 -3.11209 -0.059783 0.858988 0.130767 0.491391
910 -0.504285 0.056752 -3.11664 -0.060958 0.85619 0.130766 0.496108
911 -0.49897 0.057455 -3.12007 -0.0617891 0.853653 0.130206 0.500507
912 -0.494765 0.059567 -3.12293 -0.061695 0.851364 0.129569 0.504564
913 -0.488547 0.059539 -3.12438 -0.0623441 0.849475 0.129674 0.507634
914 -0.482349 0.058232 -3.12796 -0.0630449 0.847241 0.130305 0.511104
915 -0.477767 0.061384 -3.13031 -0.0623421 0.845294 0.129692 0.514561
916 -0.473378 0.064566 -3.1332 -0.0613061 0.843325 0.130067 0.517812
917 -0.468042 0.063278 -3.13579 -0.0613931 0.841186 0.130597 0.521136
918 -0.463728 0.062621 -3.1403 -0.0608729 0.839009 0.130221 0.524785
919 -0.455787 0.060685 -3.14134 -0.0609661 0.837718 0.129232 0.527079
920 -0.448901 0.063717 -3.14247 -0.06017 0.836656 0.127409 0.529297
921 -0.443889 0.06529 -3.1437 -0.0600109 0.835296 0.127114 0.531524
922 -0.436085 0.062952 -3.14865 -0.0614781 0.833109 0.127824 0.534614
923 -0.428559 0.063106 -3.15222 -0.0616469 0.831042 0.126333 0.538152
924 -0.417017 0.062151 -3.15756 -0.0630941 0.826624 0.124908 0.545081
925 -0.408182 0.061495 -3.15946 -0.063272 0.824864 0.12383 0.547962
926 -0.402708 0.064587 -3.16164 -0.061802 0.82279 0.122704 0.55149
927 -0.396027 0.06672 -3.1638 -0.060939 0.820478 0.122549 0.555055
928 -0.388721 0.066964 -3.16616 -0.061086 0.817936 0.122445 0.558799
929 -0.383495 0.068826 -3.16943 -0.060582 0.815531 0.122093 0.562434
930 -0.375755 0.067629 -3.16984 -0.061518 0.813599 0.121873 0.565172
931 -0.368211 0.066542 -3.17306 -0.0623281 0.811576 0.1209 0.568194
932 -0.360836 0.065765 -3.17623 -0.063183 0.809499 0.11974 0.571298
933 -0.352837 0.065418 -3.17721 -0.063555 0.807522 0.118506 0.574306
934 -0.345269 0.066671 -3.17675 -0.063292 0.805661 0.117592 0.577128
935 -0.33739 0.067863 -3.17736 -0.063212 0.803617 0.116664 0.580165
936 -0.331928 0.070025 -3.17975 -0.06254 0.801122 0.116264 0.583759
937 -0.323809 0.068109 -3.18238 -0.062845 0.798168 0.116605 0.58769
938 -0.315642 0.066672 -3.18227 -0.062635 0.795921 0.116214 0.590831
939 -0.309619 0.068434 -3.18388 -0.06132 0.793433 0.11571 0.594403
940 -0.30376 0.070696 -3.18607 -0.0605011 0.790622 0.115391 0.598283
941 -0.295728 0.07105 -3.18628 -0.060675 0.788015 0.114726 0.601821
942 -0.289886 0.072012 -3.18579 -0.060428 0.785636 0.114253 0.605038
943 -0.281825 0.072994 -3.18485 -0.060915 0.783496 0.114365 0.607737
944 -0.27505 0.074286 -3.18572 -0.061199 0.780704 0.114604 0.611246
945 -0.268363 0.075799 -3.18808 -0.061872 0.777465 0.115696 0.615089
946 -0.261358 0.077442 -3.18894 -0.0624029 0.774279 0.11653 0.618884
947 -0.254535 0.077654 -3.19162 -0.063064 0.770678 0.117464 0.623122
948 -0.247295 0.077907 -3.19294 -0.0634961 0.767518 0.117811 0.626902
949 -0.240878 0.07926 -3.19378 -0.063758 0.764489 0.117906 0.630547
950 -0.234069 0.081032 -3.19565 -0.0638479 0.761416 0.118493 0.634135
951 -0.227048 0.081415 -3.19627 -0.064798 0.758712 0.119213 0.637139
952 -0.219638 0.082028 -3.19746 -0.065357 0.756217 0.119792 0.639933
953 -0.212753 0.081511 -3.19889 -0.065743 0.753435 0.120776 0.642983
954 -0.205008 0.082024 -3.20093 -0.0655639 0.750268 0.120918 0.646666
955 -0.197444 0.082478 -3.20335 -0.064861 0.747293 0.120476 0.650255
956 -0.191442 0.083871 -3.20566 -0.0638379 0.744473 0.119822 0.653702
957 -0.183593 0.082134 -3.20725 -0.064166 0.741363 0.120011 0.657161
958 -0.174145 0.079517 -3.20809 -0.064205 0.738282 0.1191 0.660782
959 -0.167888 0.08372 -3.2081 -0.0621171 0.735868 0.116054 0.664208
960 -0.160972 0.085373 -3.20868 -0.062501 0.733043 0.114676 0.667526
961 -0.152627 0.086636 -3.20991 -0.063656 0.730092 0.113339 0.670871
962 -0.145487 0.087878 -3.21008 -0.064784 0.727673 0.112015 0.673608
963 -0.137983 0.089451 -3.21233 -0.0654541 0.724666 0.111215 0.67691
964 -0.131196 0.090984 -3.21332 -0.064874 0.7212 0.111296 0.680643
965 -0.12332 0.091876 -3.21377 -0.0644339 0.717527 0.112031 0.684435
966 -0.116347 0.09335 -3.21585 -0.063429 0.713514 0.112277 0.688673
967 -0.109037 0.093533 -3.21615 -0.063211 0.710051 0.112044 0.692299
968 -0.103358 0.095074 -3.21871 -0.062518 0.706432 0.111852 0.696085
969 -0.09579 0.095088 -3.22055 -0.062909 0.702774 0.111404 0.699814
970 -0.088742 0.0951 -3.22168 -0.063615 0.699511 0.109828 0.70326
971 -0.081378 0.094983 -3.22237 -0.064651 0.696853 0.10731 0.706187
972 -0.075577 0.096205 -3.22157 -0.065053 0.694451 0.104837 0.708883
973 -0.069088 0.097287 -3.2214 -0.065965 0.691339 0.103578 0.712019
974 -0.062309 0.098359 -3.22163 -0.066917 0.688043 0.102763 0.715233
975 -0.054874 0.098412 -3.22189 -0.06788 0.684383 0.102521 0.71868
976 -0.04825 0.099564 -3.22044 -0.067915 0.680827 0.102379 0.722067
977 -0.042046 0.101096 -3.222 -0.068263 0.675809 0.103511 0.726573
978 -0.033818 0.10127 -3.22301 -0.069563 0.670665 0.104187 0.731105
979 -0.025146 0.100373 -3.22291 -0.0699021 0.666242 0.10375 0.735168
980 -0.020634 0.101274 -3.22207 -0.069273 0.662327 0.102839 0.738883
981 -0.013584 0.102067 -3.22158 -0.07021 0.657985 0.103024 0.742639
982 -0.005417 0.10207 -3.2219 -0.070912 0.653305 0.10296 0.746702
983 0.00064 0.103662 -3.22196 -0.070565 0.648881 0.10222 0.750683
984 0.006317 0.104465 -3.21987 -0.070894 0.645231 0.102198 0.753795
985 0.013163 0.105247 -3.21878 -0.071662 0.641509 0.102575 0.756842
986 0.020578 0.105809 -3.21833 -0.072226 0.637916 0.102658 0.759808
987 0.026919 0.106391 -3.21812 -0.072025 0.634522 0.102826 0.762641
988 0.03378 0.106244 -3.21754 -0.0720979 0.631445 0.102804 0.765187
989 0.040471 0.104896 -3.21505 -0.072642 0.629335 0.102229 0.766948
990 0.047225 0.103259 -3.21402 -0.072878 0.626911 0.101324 0.769029
991 0.053547 0.10172 -3.21076 -0.0727121 0.625016 0.0996491 0.770804
992 0.060221 0.101132 -3.20914 -0.072241 0.622899 0.0978339 0.772791
993 0.066068 0.101914 -3.20772 -0.071722 0.620841 0.096038 0.774719
994 0.072619 0.102476 -3.20591 -0.072536 0.618768 0.095101 0.776415
995 0.079948 0.102309 -3.20431 -0.0737361 0.616412 0.0942431 0.778279
996 0.086357 0.102831 -3.20326 -0.075246 0.613802 0.093404 0.780295
997 0.09503 0.099844 -3.20062 -0.077581 0.611544 0.0934259 0.781835
998 0.101248 0.100216 -3.20016 -0.077192 0.609154 0.092001 0.783906
999 0.107718 0.101028 -3.19937 -0.07693 0.606024 0.0914041 0.786424
1000 0.11508 0.100201 -3.19718 -0.078145 0.602832 0.091245 0.788772
1001 0.123 0.098543 -3.19542 -0.079319 0.599629 0.090589 0.791168
1002 0.129117 0.099085 -3.19371 -0.079186 0.596894 0.088855 0.793443
1003 0.135717 0.098897 -3.19243 -0.079464 0.594034 0.088141 0.795638
1004 0.14274 0.097249 -3.18957 -0.0802879 0.591851 0.0875809 0.797243
1005 0.149461 0.096261 -3.1869 -0.0803251 0.589598 0.0865071 0.799024
1006 0.155021 0.096553 -3.18472 -0.08003 0.587233 0.085238 0.800929
1007 0.160976 0.096165 -3.18214 -0.080201 0.584558 0.084379 0.802957
1008 0.16792 0.095698 -3.1797 -0.080189 0.581289 0.083372 0.805433
1009 0.173525 0.096219 -3.17835 -0.07961 0.577776 0.0821639 0.808137
1010 0.179218 0.097281 -3.17723 -0.07919 0.574315 0.082205 0.810638
1011 0.185502 0.096794 -3.17377 -0.0791339 0.571644 0.0826239 0.812486
1012 0.190559 0.096945 -3.17153 -0.0784421 0.568542 0.0827971 0.81471
1013 0.196247 0.098067 -3.17069 -0.077146 0.564854 0.083193 0.817354
1014 0.201557 0.099679 -3.16961 -0.075654 0.561045 0.083274 0.820104
1015 0.20646 0.09931 -3.16661 -0.07615 0.55848 0.083985 0.821735
1016 0.212391 0.099382 -3.16435 -0.076933 0.555458 0.084064 0.8237
1017 0.217196 0.099054 -3.16128 -0.0780301 0.552683 0.0838751 0.82548
1018 0.223307 0.098956 -3.15821 -0.0790551 0.549436 0.0838201 0.827553
1019 0.228944 0.098588 -3.15499 -0.0793421 0.546704 0.0834221 0.829373
1020 0.233991 0.098009 -3.15069 -0.079415 0.544331 0.083317 0.830936
1021 0.239006 0.09784 -3.14705 -0.079794 0.541526 0.083404 0.832722
1022 0.24543 0.097313 -3.1438 -0.080752 0.538277 0.083811 0.834693
1023 0.252089 0.096815 -3.13971 -0.080944 0.535014 0.083013 0.836849
1024 0.256336 0.096915 -3.13585 -0.08081 0.53247 0.081871 0.838596
1025 0.262224 0.097907 -3.13444 -0.081176 0.528399 0.081949 0.841124
1026 0.26988 0.096609 -3.12931 -0.082186 0.52436 0.081908 0.843554
1027 0.276029 0.096781 -3.12738 -0.080588 0.519742 0.080902 0.846657
1028 0.281826 0.097034 -3.12491 -0.080052 0.515301 0.0796 0.849541
1029 0.288123 0.097405 -3.12139 -0.080539 0.511132 0.07805 0.852154
1030 0.29418 0.097276 -3.11791 -0.082017 0.507235 0.076705 0.85446
1031 0.301107 0.096299 -3.11386 -0.084059 0.503546 0.075451 0.856553
1032 0.308104 0.09585 -3.11002 -0.084846 0.500164 0.073549 0.85862
1033 0.312401 0.095691 -3.10725 -0.084724 0.497541 0.071344 0.86034
1034 0.316988 0.097203 -3.10494 -0.085024 0.49426 0.070196 0.862294
1035 0.323756 0.097795 -3.10237 -0.086939 0.489488 0.070501 0.864796
1036 0.330293 0.096527 -3.09828 -0.088723 0.485289 0.07068 0.866964
1037 0.33681 0.095429 -3.09514 -0.089627 0.480929 0.070426 0.869318
1038 0.342058 0.093611 -3.09167 -0.089873 0.476981 0.06992 0.871506
1039 0.347397 0.093772 -3.09059 -0.089152 0.472114 0.069272 0.874278
1040 0.354523 0.092425 -3.08627 -0.089702 0.467207 0.067992 0.876954
1041 0.35895 0.091426 -3.08264 -0.088464 0.463317 0.065474 0.879332
1042 0.368727 0.090869 -3.079 -0.088615 0.455798 0.060741 0.883576
1043 0.373895 0.09046 -3.0761 -0.0893711 0.451963 0.058196 0.885638
1044 0.377711 0.089531 -3.07145 -0.089774 0.448324 0.056332 0.887566
1045 0.38266 0.089622 -3.06938 -0.090009 0.443227 0.055495 0.890151
1046 0.388326 0.089105 -3.06483 -0.09088 0.43843 0.054671 0.892486
1047 0.393433 0.088895 -3.06163 -0.090439 0.433475 0.053544 0.895016
1048 0.397751 0.088677 -3.05946 -0.089712 0.428568 0.053114 0.897474
1049 0.403289 0.089359 -3.05685 -0.089347 0.42343 0.052536 0.89998
1050 0.408075 0.088421 -3.05262 -0.089315 0.418963 0.051834 0.902112
1051 0.412473 0.087412 -3.0498 -0.089056 0.413982 0.051488 0.904454
1052 0.41702 0.087273 -3.04613 -0.088786 0.408452 0.0508 0.90703
1053 0.425534 0.087236 -3.0402 -0.088232 0.397882 0.050281 0.911799
1054 0.430071 0.087217 -3.03671 -0.088713 0.393561 0.050388 0.91362
1055 0.434348 0.086818 -3.03247 -0.088976 0.38949 0.05026 0.915344
1056 0.438663 0.08592 -3.0272 -0.088687 0.385348 0.049422 0.917169
1057 0.441721 0.08435 -3.02371 -0.088079 0.38099 0.048488 0.919096
1058 0.445027 0.083641 -3.01964 -0.087732 0.376916 0.047425 0.920863
1059 0.448614 0.082872 -3.01586 -0.087532 0.372775 0.046692 0.922603
1060 0.45201 0.081943 -3.01126 -0.087405 0.368874 0.045671 0.924233
1061 0.455887 0.081214 -3.00684 -0.0871291 0.364703 0.044112 0.925988
1062 0.459283 0.080764 -3.00283 -0.086648 0.361279 0.042468 0.927451
1063 0.46211 0.080035 -2.99927 -0.086634 0.35822 0.041309 0.928691
1064 0.465197 0.078885 -2.99496 -0.086918 0.354935 0.040428 0.929963
1065 0.468364 0.078146 -2.99126 -0.086774 0.351554 0.03921 0.931312
1066 0.470201 0.076915 -2.98722 -0.086573 0.348587 0.038421 0.932478
1067 0.474948 0.074856 -2.98244 -0.086383 0.344556 0.036912 0.934054
1068 0.478594 0.071597 -2.97726 -0.084588 0.341816 0.034553 0.935314
1069 0.48204 0.069987 -2.97137 -0.0809541 0.337937 0.032236 0.937126
1070 0.485237 0.068167 -2.96687 -0.081392 0.336073 0.031947 0.937768
1071 0.486902 0.067338 -2.96171 -0.081068 0.334706 0.030804 0.938323
1072 0.490839 0.065558 -2.95692 -0.080912 0.332238 0.029816 0.939246
1073 0.493374 0.063758 -2.95122 -0.07976 0.330895 0.029014 0.939843
1074 0.496122 0.061638 -2.94736 -0.078502 0.32852 0.027636 0.940823
1075 0.500089 0.06021 -2.94327 -0.077741 0.325921 0.026161 0.941832
1076 0.502226 0.05888 -2.93969 -0.07757 0.324572 0.024701 0.942351
1077 0.504813 0.05745 -2.93576 -0.07908 0.32265 0.023572 0.942914
1078 0.508468 0.05595 -2.92939 -0.080605 0.320472 0.02292 0.943544
1079 0.511034 0.05535 -2.92422 -0.0803419 0.31804 0.021835 0.944415
1080 0.51268 0.053819 -2.91927 -0.080858 0.315884 0.022124 0.945087
1081 0.515944 0.05298 -2.91239 -0.081043 0.312932 0.021985 0.946056
1082 0.519709 0.052059 -2.90576 -0.079733 0.310035 0.021491 0.947132
1083 0.521796 0.0501 -2.90167 -0.078015 0.307449 0.022221 0.948101
1084 0.524622 0.04899 -2.89698 -0.077716 0.304322 0.022075 0.949137
1085 0.526997 0.04796 -2.89123 -0.077448 0.301756 0.021792 0.949984
1086 0.528654 0.0474 -2.8869 -0.076868 0.298757 0.021984 0.950974
1087 0.53115 0.0469 -2.88194 -0.07704 0.295092 0.02184 0.952107
1088 0.533715 0.04577 -2.87545 -0.076948 0.291727 0.021548 0.953158
1089 0.53639 0.0448 -2.8695 -0.075637 0.287918 0.02032 0.954447
1090 0.537996 0.043089 -2.8643 -0.074467 0.284671 0.019283 0.955534
1091 0.540261 0.041999 -2.85801 -0.073056 0.281626 0.017905 0.956571
1092 0.541087 0.040269 -2.85315 -0.071448 0.279436 0.016802 0.957355
1093 0.541093 0.039378 -2.84879 -0.070713 0.277516 0.015997 0.957982
1094 0.542639 0.038028 -2.84358 -0.071696 0.274688 0.015536 0.958731
1095 0.544494 0.036527 -2.83651 -0.072727 0.271762 0.01483 0.959498
1096 0.546947 0.035617 -2.82907 -0.072188 0.267841 0.012515 0.960673
1097 0.548123 0.034047 -2.82402 -0.071047 0.264274 0.010511 0.96177
1098 0.548459 0.032376 -2.81881 -0.070996 0.261191 0.009543 0.962625
1099 0.550675 0.031246 -2.81301 -0.071103 0.25753 0.009319 0.963606
1100 0.55128 0.031066 -2.8073 -0.070741 0.25488 0.009069 0.964339
1101 0.552794 0.030625 -2.80077 -0.07076 0.251783 0.009483 0.965147
1102 0.553628 0.030784 -2.79364 -0.070178 0.248669 0.009304 0.965998
1103 0.555681 0.030504 -2.78595 -0.069442 0.244719 0.009054 0.967062
1104 0.557965 0.030343 -2.77838 -0.068164 0.240914 0.008364 0.968114
1105 0.560208 0.029833 -2.77099 -0.066473 0.237822 0.007411 0.969003
1106 0.562462 0.029763 -2.76388 -0.064346 0.235229 0.006447 0.969786
1107 0.563756 0.029152 -2.75695 -0.062477 0.233431 0.006091 0.970345
1108 0.56534 0.027552 -2.74994 -0.06204 0.231181 0.006021 0.970912
1109 0.567694 0.027362 -2.74279 -0.061606 0.228244 0.005165 0.971639
1110 0.570577 0.026612 -2.73451 -0.061272 0.22557 0.004617 0.972287
1111 0.57386 0.025242 -2.72603 -0.059424 0.223019 0.003483 0.972995
1112 0.575125 0.024671 -2.72028 -0.056763 0.221229 0.002249 0.973566
1113 0.577 0.023621 -2.71363 -0.056925 0.219671 0.00194 0.97391
1114 0.580503 0.022252 -2.70535 -0.057208 0.217625 0.00196 0.974352
1115 0.581847 0.020662 -2.69815 -0.056362 0.216136 0.002101 0.974733
1116 0.583782 0.020622 -2.6921 -0.055675 0.21364 0.002485 0.975322
1117 0.586475 0.020042 -2.68456 -0.056164 0.211645 0.002916 0.975727
1118 0.588499 0.019572 -2.67687 -0.055825 0.210234 0.003467 0.97605
1119 0.591103 0.018371 -2.6695 -0.05548 0.207596 0.003601 0.976633
1120 0.592737 0.017161 -2.6629 -0.055014 0.204388 0.00322 0.977338
1121 0.595611 0.015281 -2.6552 -0.054833 0.200258 0.003054 0.978203
1122 0.597935 0.014081 -2.64796 -0.053733 0.196548 0.002299 0.979018
1123 0.59968 0.012111 -2.64095 -0.05324 0.193392 0.001738 0.979674
1124 0.601314 0.01105 -2.63443 -0.05232 0.190742 0.001184 0.980244
1125 0.602529 0.010499 -2.62891 -0.051788 0.188526 0.001327 0.980701
1126 0.604534 0.010019 -2.62247 -0.051765 0.185788 0.001621 0.981224
1127 0.607148 0.009009 -2.61552 -0.051753 0.182943 0.001757 0.981759
1128 0.608843 0.008598 -2.6095 -0.051005 0.180475 0.001548 0.982255
1129 0.609998 0.008498 -2.60453 -0.050168 0.178279 0.001421 0.982699
1130 0.611884 0.008948 -2.59948 -0.049882 0.176136 0.001046 0.983101
1131 0.613588 0.009158 -2.5936 -0.050292 0.174481 0.000518 0.983375
1132 0.616063 0.008178 -2.58745 -0.050733 0.172633 0.000356 0.983679
1133 0.618149 0.008078 -2.58221 -0.050457 0.170358 -0.000426 0.984089
1134 0.620634 0.005788 -2.57624 -0.050699 0.167631 -0.000671 0.984545
1135 0.62158 0.004188 -2.57103 -0.049855 0.16537 -0.00099 0.98497
1136 0.622757 0.002968 -2.56632 -0.04892 0.163105 -0.001223 0.985394
1137 0.625203 0.001188 -2.56093 -0.048271 0.160704 -0.001543 0.98582
1138 0.62509 -2.2e-05 -2.55738 -0.047346 0.158984 -0.002371 0.986142
1139 0.625976 -0.000443 -2.5531 -0.04753 0.156634 -0.002412 0.986509
1140 0.628682 -0.002243 -2.54739 -0.047908 0.153734 -0.001976 0.986948
1141 0.631118 -0.002372 -2.54237 -0.046846 0.151263 -0.002312 0.98738
1142 0.632933 -0.002892 -2.53757 -0.04611 0.149278 -0.002183 0.987717
1143 0.63477 -0.004332 -2.53249 -0.046088 0.147581 -0.002349 0.987973
1144 0.637075 -0.004563 -2.52712 -0.045377 0.145655 -0.002528 0.988291
1145 0.638902 -0.005002 -2.52271 -0.044926 0.143878 -0.002681 0.988571
1146 0.640448 -0.005092 -2.51801 -0.044729 0.142436 -0.002966 0.988788
1147 0.642812 -0.005292 -2.51231 -0.044062 0.140754 -0.002668 0.98906
1148 0.644268 -0.005432 -2.50744 -0.043286 0.139265 -0.002975 0.989304
1149 0.646213 -0.005483 -2.50135 -0.042535 0.138015 -0.002729 0.989513
1150 0.648057 -0.005753 -2.49503 -0.041126 0.137309 -0.003227 0.989669
1151 0.648693 -0.005543 -2.48966 -0.039743 0.137309 -0.004169 0.989722
1152 0.649288 -0.005894 -2.48421 -0.03905 0.137301 -0.004246 0.98975
1153 0.649973 -0.008414 -2.47706 -0.039475 0.136788 -0.003636 0.989807
1154 0.651367 -0.009584 -2.47038 -0.038821 0.135251 -0.003128 0.990046
1155 0.653431 -0.010964 -2.46319 -0.037937 0.133647 -0.00244 0.9903
1156 0.6557 -0.014115 -2.44899 -0.034825 0.131456 -0.001939 0.990708
1157 0.656985 -0.015686 -2.44317 -0.032993 0.130324 -0.002304 0.99092
1158 0.65702 -0.018217 -2.43637 -0.032039 0.130124 -0.002233 0.990977
1159 0.657446 -0.020997 -2.43006 -0.031909 0.129532 -0.001365 0.991061
1160 0.65831 -0.022987 -2.42299 -0.031415 0.128985 -0.000885 0.991148
1161 0.658755 -0.023778 -2.41632 -0.030295 0.129085 -0.000576 0.99117
1162 0.65943 -0.025429 -2.41014 -0.03025 0.129136 0.000145 0.991165
1163 0.661324 -0.02865 -2.40237 -0.030592 0.128768 0.000823 0.991202
1164 0.661088 -0.030042 -2.39535 -0.029134 0.129421 0.000419 0.991162
1165 0.660944 -0.032183 -2.38901 -0.028273 0.130075 0.000904 0.991101
1166 0.661438 -0.032773 -2.38233 -0.026132 0.130157 0.000717 0.991149
1167 0.661023 -0.034124 -2.37638 -0.02476 0.130925 7e-06 0.991083
1168 0.660109 -0.035506 -2.37053 -0.024248 0.131898 0.000742 0.990966
1169 0.660524 -0.038727 -2.36283 -0.02417 0.131755 0.001989 0.990986
1170 0.659908 -0.041828 -2.35569 -0.022447 0.131545 0.002462 0.991053
1171 0.659543 -0.042389 -2.34896 -0.019469 0.131105 0.002607 0.991174
1172 0.659687 -0.04404 -2.3422 -0.017247 0.130926 0.003071 0.991237
1173 0.659282 -0.044121 -2.33661 -0.01505 0.13084 0.002583 0.991286
1174 0.658842 -0.046812 -2.32367 -0.013551 0.131023 0.002745 0.991283
1175 0.659507 -0.048433 -2.31694 -0.013118 0.130098 0.002832 0.99141
1176 0.660191 -0.047993 -2.31038 -0.011362 0.129536 0.002888 0.991505
1177 0.659626 -0.048174 -2.30484 -0.009412 0.129821 0.002672 0.991489
1178 0.659651 -0.049995 -2.29854 -0.008929 0.129986 0.004135 0.991467
1179 0.657606 -0.050477 -2.29286 -0.007539 0.130133 0.004568 0.991457
1180 0.654023 -0.048788 -2.28948 -0.007315 0.130074 0.004531 0.991467
1181 0.653916 -0.049069 -2.28229 -0.010445 0.128651 0.005486 0.99162
1182 0.656649 -0.050419 -2.27317 -0.011904 0.126572 0.006162 0.991867
1183 0.658542 -0.048909 -2.26641 -0.010731 0.125428 0.004976 0.992032
1184 0.658487 -0.04872 -2.26027 -0.010694 0.125794 0.003749 0.991992
1185 0.658941 -0.04992 -2.25335 -0.011506 0.125887 0.003391 0.991972
1186 0.658336 -0.049911 -2.24741 -0.011911 0.126084 0.003647 0.991941
1187 0.65754 -0.049232 -2.24164 -0.012523 0.125291 0.005066 0.992028
1188 0.658514 -0.049643 -2.23441 -0.014142 0.122866 0.006103 0.992304
1189 0.660167 -0.048744 -2.22717 -0.015033 0.120349 0.006147 0.992599
1190 0.663431 -0.048754 -2.21976 -0.015825 0.118397 0.006059 0.992822
1191 0.665684 -0.048364 -2.21313 -0.015111 0.117708 0.005915 0.992916
1192 0.665239 -0.047295 -2.20752 -0.014366 0.118012 0.005591 0.992893
1193 0.667333 -0.047666 -2.20005 -0.015192 0.117268 0.006258 0.992964
1194 0.670926 -0.048555 -2.19203 -0.014711 0.11625 0.006904 0.993087
1195 0.67341 -0.048746 -2.18484 -0.013509 0.11631 0.006475 0.9931
1196 0.674794 -0.049877 -2.17753 -0.01341 0.117035 0.005979 0.993019
1197 0.676368 -0.050097 -2.17046 -0.012236 0.117415 0.005145 0.992994
1198 0.676233 -0.048838 -2.16535 -0.012431 0.118268 0.004629 0.992893
1199 0.679536 -0.049607 -2.15742 -0.014905 0.118174 0.006181 0.992862
1200 0.682838 -0.050857 -2.14879 -0.015908 0.118237 0.00784 0.992827
1201 0.684453 -0.051148 -2.14201 -0.015092 0.118982 0.008447 0.992746
1202 0.686296 -0.051268 -2.13498 -0.015096 0.11955 0.010504 0.992658
1203 0.68852 -0.052558 -2.12735 -0.015175 0.120221 0.011308 0.992567
1204 0.690754 -0.053218 -2.12049 -0.014213 0.121143 0.01156 0.992466
1205 0.691919 -0.052779 -2.11457 -0.01334 0.122274 0.011353 0.992342
1206 0.694253 -0.053159 -2.10778 -0.013963 0.122966 0.011751 0.992243
1207 0.696547 -0.054379 -2.10069 -0.014588 0.123496 0.012443 0.99216
1208 0.696492 -0.05472 -2.09461 -0.015333 0.123816 0.012123 0.992113
1209 0.697916 -0.05482 -2.08831 -0.016811 0.122661 0.011768 0.992236
1210 0.701545 -0.057121 -2.07432 -0.018212 0.120168 0.010766 0.992528
1211 0.70147 -0.058161 -2.06875 -0.017709 0.119302 0.009369 0.992656
1212 0.700996 -0.058262 -2.06359 -0.017217 0.118195 0.008161 0.992808
1213 0.700682 -0.058503 -2.0582 -0.017458 0.116514 0.007029 0.993011
1214 0.701213 -0.060394 -2.04716 -0.018819 0.110817 0.004866 0.993651
1215 0.702058 -0.061144 -2.04155 -0.019494 0.107687 0.004833 0.993982
1216 0.702843 -0.062074 -2.03591 -0.019455 0.10504 0.003808 0.99427
1217 0.703629 -0.061654 -2.03139 -0.01865 0.102741 0.002652 0.99453
1218 0.703065 -0.062746 -2.02639 -0.019298 0.101377 0.001512 0.99466
1219 0.702561 -0.063607 -2.02132 -0.019596 0.10025 0.000353 0.994769
1220 0.701387 -0.065288 -2.01634 -0.020677 0.099036 -0.000325 0.994869
1221 0.701192 -0.06552 -2.01069 -0.021141 0.096696 -0.000563 0.995089
1222 0.701368 -0.06561 -2.00553 -0.02127 0.09373 -0.001242 0.99537
1223 0.700752 -0.065861 -1.99985 -0.021617 0.091299 -0.002409 0.995586
1224 0.699618 -0.066313 -1.99426 -0.021834 0.089212 -0.003581 0.995767
1225 0.698513 -0.066884 -1.98871 -0.022298 0.087178 -0.004309 0.995934
1226 0.697218 -0.068176 -1.98286 -0.02289 0.084743 -0.004992 0.996127
1227 0.695913 -0.068898 -1.97688 -0.022887 0.082048 -0.006082 0.996347
1228 0.694798 -0.069299 -1.97025 -0.022789 0.079411 -0.007369 0.996554
1229 0.694053 -0.06982 -1.96452 -0.022379 0.077238 -0.008299 0.996727
1230 0.692708 -0.070181 -1.95897 -0.022104 0.075738 -0.009414 0.996838
1231 0.690074 -0.070543 -1.95399 -0.02218 0.075104 -0.010088 0.996878
1232 0.687878 -0.070625 -1.94805 -0.022483 0.074015 -0.01039 0.99695
1233 0.686783 -0.070836 -1.94213 -0.022879 0.072422 -0.009623 0.997065
1234 0.684909 -0.070988 -1.93677 -0.023471 0.071621 -0.009397 0.997111
1235 0.684753 -0.071459 -1.93015 -0.024632 0.070587 -0.008921 0.997162
1236 0.684068 -0.07169 -1.92476 -0.025338 0.070041 -0.008816 0.997183
1237 0.682934 -0.073171 -1.91905 -0.026908 0.069985 -0.008767 0.997147
1238 0.682178 -0.074713 -1.91267 -0.027752 0.069754 -0.008613 0.997141
1239 0.680235 -0.075794 -1.90772 -0.027138 0.069892 -0.009005 0.997145
