0 -1.2424 1.9218 1.0546 0.4161 0.6814 -0.5137 -0.3141 
1 -1.2394 1.921 1.0549 0.4165 0.683 -0.5105 -0.3153 
2 -1.2375 1.9203 1.0553 0.4153 0.6832 -0.509 -0.3187 
3 -1.2353 1.9195 1.0566 0.4176 0.6802 -0.51 -0.3205 
4 -1.234 1.9191 1.0575 0.4208 0.6778 -0.5106 -0.3207 
5 -1.2324 1.9188 1.0578 0.422 0.6777 -0.5092 -0.3214 
6 -1.229 1.9171 1.0579 0.4218 0.6777 -0.5059 -0.327 
7 -1.2268 1.9156 1.0577 0.4201 0.6792 -0.506 -0.3257 
8 -1.2241 1.9132 1.0574 0.4182 0.6802 -0.5054 -0.3272 
9 -1.2222 1.9111 1.0573 0.4175 0.6795 -0.5052 -0.3298 
10 -1.2198 1.909 1.0574 0.4177 0.6785 -0.5066 -0.3295 
11 -1.216 1.9054 1.0571 0.4203 0.6774 -0.5066 -0.3282 
12 -1.2131 1.9021 1.0568 0.42 0.6758 -0.5074 -0.3308 
13 -1.2099 1.8988 1.0565 0.4197 0.6745 -0.5085 -0.3322 
14 -1.2051 1.8942 1.0565 0.4225 0.6741 -0.5077 -0.3307 
15 -1.2015 1.8898 1.0557 0.4232 0.6713 -0.51 -0.332 
16 -1.1979 1.8859 1.0552 0.4246 0.6694 -0.5111 -0.3321 
17 -1.1934 1.8805 1.0546 0.4266 0.6687 -0.5103 -0.3323 
18 -1.1865 1.8718 1.0535 0.4293 0.6668 -0.5112 -0.3313 
19 -1.1822 1.8657 1.0529 0.4316 0.6666 -0.5093 -0.3316 
20 -1.1791 1.8613 1.0527 0.4308 0.6673 -0.5092 -0.3313 
21 -1.1761 1.857 1.0527 0.4304 0.6686 -0.5086 -0.3303 
22 -1.173 1.8505 1.0524 0.4322 0.6651 -0.51 -0.3327 
23 -1.1705 1.8463 1.0523 0.4353 0.665 -0.5088 -0.3308 
24 -1.1679 1.8421 1.052 0.4376 0.6649 -0.5079 -0.3294 
25 -1.1652 1.8362 1.0512 0.4429 0.6611 -0.5081 -0.3295 
26 -1.163 1.8314 1.0504 0.4472 0.6591 -0.507 -0.3294 
27 -1.1607 1.8263 1.0497 0.4481 0.6585 -0.5076 -0.3286 
28 -1.1579 1.8195 1.0492 0.4491 0.6573 -0.5086 -0.328 
29 -1.1555 1.8143 1.0483 0.4524 0.6569 -0.5056 -0.3288 
30 -1.1534 1.8081 1.0475 0.4544 0.6559 -0.506 -0.3274 
31 -1.1505 1.7997 1.0468 0.4512 0.6578 -0.5085 -0.3242 
32 -1.1492 1.7938 1.0464 0.4518 0.6563 -0.5081 -0.3272 
33 -1.1484 1.7882 1.0462 0.4561 0.6533 -0.5058 -0.3307 
34 -1.1472 1.78 1.0461 0.4595 0.649 -0.508 -0.3313 
35 -1.1463 1.7738 1.0464 0.4616 0.6478 -0.5081 -0.3303 
36 -1.1463 1.7669 1.0462 0.4613 0.6459 -0.5077 -0.335 
37 -1.1458 1.7567 1.0455 0.46 0.6455 -0.507 -0.3388 
38 -1.1452 1.7485 1.0451 0.4584 0.6461 -0.5083 -0.3377 
39 -1.144 1.7377 1.0437 0.4551 0.6478 -0.5077 -0.3397 
40 -1.1426 1.7304 1.0431 0.4558 0.6496 -0.5036 -0.3415 
41 -1.1411 1.7227 1.043 0.4586 0.6491 -0.5018 -0.3414 
42 -1.1383 1.7128 1.0433 0.4597 0.6498 -0.5011 -0.3395 
43 -1.1366 1.7053 1.0438 0.4588 0.6492 -0.5014 -0.3415 
44 -1.1344 1.6955 1.0436 0.4599 0.6489 -0.4991 -0.3439 
45 -1.1328 1.6882 1.0431 0.4609 0.6496 -0.4983 -0.3423 
46 -1.1311 1.6812 1.0429 0.461 0.6501 -0.4979 -0.342 
47 -1.1295 1.6724 1.0426 0.4628 0.6492 -0.4957 -0.3446 
48 -1.1282 1.6658 1.0424 0.4632 0.6488 -0.4943 -0.3465 
49 -1.1267 1.6596 1.0423 0.4635 0.6487 -0.4948 -0.3458 
50 -1.1249 1.6515 1.0425 0.4662 0.6471 -0.4942 -0.346 
51 -1.1224 1.6403 1.0432 0.4662 0.6452 -0.4937 -0.3501 
52 -1.1205 1.6298 1.0439 0.4653 0.6446 -0.4954 -0.3501 
53 -1.1186 1.6239 1.0436 0.4664 0.6447 -0.4928 -0.3522 
54 -1.1177 1.62 1.0432 0.4674 0.6448 -0.4904 -0.354 
55 -1.1168 1.6145 1.0428 0.4677 0.6446 -0.4902 -0.3543 
56 -1.1158 1.6107 1.0425 0.4689 0.645 -0.4883 -0.3546 
57 -1.1152 1.6068 1.0419 0.468 0.6452 -0.4869 -0.3572 
58 -1.1143 1.6011 1.0415 0.4682 0.6438 -0.4872 -0.359 
59 -1.1133 1.5972 1.0412 0.4705 0.6443 -0.4851 -0.3581 
60 -1.1109 1.5823 1.0392 0.4725 0.6423 -0.4854 -0.3585 
61 -1.1107 1.5763 1.0379 0.475 0.6416 -0.4848 -0.3573 
62 -1.1107 1.5713 1.0368 0.4743 0.6414 -0.4855 -0.3575 
63 -1.1103 1.5664 1.0354 0.4751 0.642 -0.4842 -0.3572 
64 -1.1105 1.5594 1.0335 0.4757 0.6422 -0.4841 -0.3563 
65 -1.1105 1.554 1.0318 0.4779 0.6413 -0.4828 -0.3568 
66 -1.111 1.5484 1.0309 0.4808 0.6393 -0.4841 -0.3548 
67 -1.1112 1.5411 1.03 0.4828 0.639 -0.4843 -0.3522 
68 -1.1122 1.5358 1.0303 0.4818 0.638 -0.4852 -0.3541 
69 -1.1121 1.5305 1.0306 0.4844 0.6365 -0.4842 -0.3547 
70 -1.1125 1.523 1.0317 0.4834 0.6348 -0.4903 -0.3506 
71 -1.1122 1.5186 1.0324 0.4834 0.6357 -0.4895 -0.35 
72 -1.1124 1.5142 1.0328 0.4805 0.6359 -0.4905 -0.3523 
73 -1.1118 1.509 1.0332 0.4802 0.6377 -0.4897 -0.3507 
74 -1.112 1.5051 1.0329 0.4778 0.6386 -0.492 -0.3491 
75 -1.1117 1.5014 1.0319 0.4766 0.6409 -0.4894 -0.3501 
76 -1.111 1.4991 1.031 0.4778 0.6422 -0.4856 -0.3515 
77 -1.1109 1.4966 1.0309 0.4783 0.6413 -0.4872 -0.3502 
78 -1.1102 1.4945 1.0304 0.479 0.6416 -0.4868 -0.3493 
79 -1.1089 1.4918 1.0294 0.4788 0.6428 -0.4826 -0.3531 
80 -1.108 1.4896 1.0291 0.478 0.6431 -0.4821 -0.3543 
81 -1.1061 1.4869 1.0289 0.4792 0.6431 -0.4822 -0.3525 
82 -1.1039 1.4831 1.0281 0.4794 0.6427 -0.4824 -0.3526 
83 -1.1021 1.4806 1.0274 0.481 0.6425 -0.4804 -0.3535 
84 -1.1 1.4774 1.0266 0.4788 0.6426 -0.4824 -0.3537 
85 -1.0969 1.4726 1.025 0.4782 0.6437 -0.4817 -0.3535 
86 -1.0943 1.469 1.0236 0.4785 0.6449 -0.4785 -0.3552 
87 -1.0921 1.4653 1.0221 0.4784 0.644 -0.4796 -0.3556 
88 -1.0886 1.4597 1.021 0.48 0.6418 -0.4826 -0.3534 
89 -1.0856 1.4557 1.0212 0.4802 0.6408 -0.4827 -0.3546 
90 -1.0812 1.4505 1.0219 0.4797 0.6401 -0.483 -0.3562 
91 -1.0776 1.4461 1.0224 0.4799 0.6398 -0.4829 -0.3565 
92 -1.0738 1.4407 1.0232 0.4804 0.6375 -0.4841 -0.3585 
93 -1.0699 1.4367 1.0237 0.4828 0.637 -0.4823 -0.3586 
94 -1.0658 1.4326 1.0241 0.4833 0.6371 -0.4805 -0.36 
95 -1.0605 1.4274 1.0247 0.4829 0.6337 -0.4833 -0.3629 
96 -1.056 1.4232 1.0253 0.4844 0.6324 -0.4838 -0.3625 
97 -1.0519 1.4195 1.0253 0.4851 0.6326 -0.4826 -0.3628 
98 -1.0463 1.4142 1.0252 0.4851 0.6322 -0.4812 -0.3653 
99 -1.0422 1.4103 1.025 0.4854 0.6334 -0.4793 -0.3652 
100 -1.0375 1.4059 1.0248 0.4872 0.6323 -0.4789 -0.3655 
101 -1.0315 1.4002 1.025 0.4898 0.6321 -0.476 -0.3661 
102 -1.026 1.3953 1.0259 0.4919 0.6348 -0.471 -0.365 
103 -1.021 1.3903 1.0263 0.4915 0.6346 -0.4705 -0.3665 
104 -1.01 1.3778 1.0273 0.4952 0.6337 -0.4672 -0.3675 
105 -1.0051 1.372 1.0272 0.4972 0.632 -0.4666 -0.3684 
106 -0.9987 1.3639 1.0267 0.4987 0.6321 -0.4642 -0.369 
107 -0.9939 1.358 1.0262 0.5008 0.6305 -0.463 -0.3706 
108 -0.983 1.3436 1.0252 0.5037 0.6268 -0.4621 -0.3739 
109 -0.973 1.3309 1.0258 0.5068 0.6277 -0.4595 -0.3715 
110 -0.9614 1.316 1.0271 0.5049 0.6286 -0.4592 -0.3729 
111 -0.9566 1.3096 1.0268 0.5034 0.6286 -0.4579 -0.3765 
112 -0.9497 1.3022 1.0282 0.5058 0.6298 -0.4531 -0.377 
113 -0.9456 1.2963 1.0294 0.5047 0.627 -0.4563 -0.3793 
114 -0.9411 1.2904 1.0304 0.5064 0.6251 -0.4568 -0.3797 
115 -0.9356 1.2828 1.031 0.507 0.6236 -0.4583 -0.3796 
116 -0.9318 1.2766 1.0312 0.5046 0.6216 -0.4615 -0.3822 
117 -0.9233 1.2624 1.0339 0.5043 0.6214 -0.4606 -0.3839 
118 -0.9203 1.2564 1.0343 0.5033 0.6194 -0.464 -0.3844 
119 -0.9165 1.2501 1.0353 0.5055 0.6206 -0.4614 -0.3827 
120 -0.9125 1.2417 1.0355 0.5018 0.618 -0.4659 -0.3862 
121 -0.9052 1.2274 1.0364 0.5049 0.6159 -0.4657 -0.3857 
122 -0.902 1.2215 1.0369 0.5045 0.617 -0.4655 -0.385 
123 -0.8988 1.216 1.0371 0.506 0.6177 -0.463 -0.3849 
124 -0.896 1.2089 1.0374 0.5077 0.6151 -0.4614 -0.3886 
125 -0.8935 1.204 1.0379 0.5069 0.6142 -0.46 -0.3928 
126 -0.8905 1.1965 1.038 0.5071 0.6131 -0.4615 -0.3924 
127 -0.8887 1.1906 1.0377 0.5079 0.6157 -0.4574 -0.3922 
128 -0.8866 1.1851 1.0371 0.5084 0.6159 -0.4554 -0.3934 
129 -0.8847 1.1779 1.0369 0.5083 0.616 -0.4564 -0.3923 
130 -0.8836 1.1726 1.0372 0.5121 0.6152 -0.4541 -0.3912 
131 -0.883 1.1675 1.0375 0.5148 0.6128 -0.4536 -0.3921 
132 -0.8821 1.1597 1.0379 0.5128 0.6114 -0.4574 -0.3924 
133 -0.8813 1.1537 1.038 0.5134 0.6135 -0.4553 -0.3908 
134 -0.8813 1.1478 1.0377 0.5119 0.6128 -0.4565 -0.3924 
135 -0.8806 1.1396 1.0375 0.5118 0.6148 -0.4558 -0.3902 
136 -0.8809 1.1343 1.0372 0.5115 0.6135 -0.4577 -0.3906 
137 -0.8813 1.1287 1.0372 0.5129 0.6116 -0.458 -0.3913 
138 -0.8814 1.1212 1.037 0.5148 0.6095 -0.4601 -0.3896 
139 -0.8815 1.1153 1.0367 0.5155 0.6114 -0.4582 -0.3879 
140 -0.8812 1.1071 1.0356 0.5141 0.6104 -0.4599 -0.3895 
141 -0.881 1.1009 1.0347 0.513 0.61 -0.4613 -0.3897 
142 -0.8805 1.0942 1.0336 0.5145 0.6112 -0.4592 -0.3883 
143 -0.8804 1.0879 1.0323 0.5143 0.6101 -0.4606 -0.3888 
144 -0.8795 1.0793 1.0304 0.518 0.6098 -0.4578 -0.3875 
145 -0.8789 1.073 1.029 0.5172 0.6085 -0.4601 -0.388 
146 -0.8778 1.0658 1.0268 0.518 0.6031 -0.464 -0.3909 
147 -0.8764 1.057 1.0255 0.5174 0.6043 -0.462 -0.3919 
148 -0.8737 1.0447 1.0253 0.5256 0.604 -0.4553 -0.3894 
149 -0.8713 1.0358 1.0261 0.5302 0.6022 -0.4547 -0.3867 
150 -0.8696 1.0292 1.0264 0.5286 0.6032 -0.455 -0.3869 
151 -0.8683 1.0226 1.0262 0.5269 0.6047 -0.4532 -0.389 
152 -0.8675 1.0137 1.0258 0.5283 0.6043 -0.451 -0.3904 
153 -0.8672 1.0076 1.0259 0.5313 0.6026 -0.4503 -0.3897 
154 -0.8663 0.9992 1.0269 0.5339 0.5998 -0.4507 -0.3899 
155 -0.8653 0.9924 1.0277 0.5339 0.5998 -0.4503 -0.3904 
156 -0.8644 0.984 1.0282 0.5331 0.599 -0.4495 -0.3937 
157 -0.8644 0.9778 1.0286 0.5353 0.5966 -0.4504 -0.3934 
158 -0.8642 0.972 1.0283 0.5365 0.5971 -0.4495 -0.3919 
159 -0.8641 0.9645 1.028 0.538 0.595 -0.4476 -0.3952 
160 -0.8638 0.9589 1.0278 0.5403 0.5945 -0.4457 -0.395 
161 -0.8633 0.9532 1.0278 0.5403 0.5945 -0.446 -0.3946 
162 -0.8631 0.9462 1.0277 0.5427 0.5953 -0.4425 -0.3941 
163 -0.8634 0.9409 1.0273 0.5443 0.5942 -0.4407 -0.3956 
164 -0.8634 0.9351 1.0273 0.546 0.5941 -0.4404 -0.3936 
165 -0.8645 0.9278 1.0273 0.5443 0.5908 -0.4448 -0.396 
166 -0.8647 0.9218 1.0273 0.5482 0.5929 -0.4392 -0.3937 
167 -0.8654 0.9161 1.0272 0.546 0.5918 -0.4412 -0.3962 
168 -0.866 0.9082 1.0273 0.5453 0.5917 -0.4433 -0.3952 
169 -0.8662 0.9022 1.0271 0.5454 0.5916 -0.444 -0.3942 
170 -0.8665 0.897 1.0269 0.5493 0.5937 -0.4373 -0.3932 
171 -0.8676 0.8902 1.0265 0.5491 0.59 -0.4404 -0.3955 
172 -0.8683 0.8857 1.0261 0.5491 0.5876 -0.4438 -0.3953 
173 -0.8685 0.881 1.0258 0.552 0.5874 -0.4405 -0.3953 
174 -0.8689 0.8744 1.0255 0.5531 0.5871 -0.439 -0.3959 
175 -0.869 0.8696 1.0254 0.5522 0.5865 -0.4414 -0.3952 
176 -0.869 0.8635 1.0247 0.552 0.5881 -0.4383 -0.3966 
177 -0.869 0.859 1.0239 0.5511 0.5879 -0.4369 -0.3997 
178 -0.8685 0.8548 1.0234 0.5525 0.5882 -0.4364 -0.398 
179 -0.8679 0.849 1.0232 0.5546 0.5878 -0.4365 -0.3955 
180 -0.8675 0.8449 1.0227 0.5565 0.5883 -0.4327 -0.3963 
181 -0.867 0.839 1.0226 0.5541 0.5887 -0.432 -0.3997 
182 -0.8665 0.8345 1.0228 0.5539 0.5897 -0.4316 -0.3991 
183 -0.866 0.8301 1.0234 0.553 0.5897 -0.4327 -0.399 
184 -0.8658 0.8243 1.0241 0.5511 0.589 -0.4328 -0.4025 
185 -0.8653 0.8196 1.0246 0.55 0.5907 -0.4324 -0.4021 
186 -0.865 0.8151 1.0246 0.5472 0.591 -0.4339 -0.4038 
187 -0.8647 0.8089 1.0243 0.5472 0.5911 -0.4337 -0.4038 
188 -0.8643 0.8039 1.0241 0.5442 0.5924 -0.4346 -0.4049 
189 -0.8636 0.7988 1.0236 0.5408 0.5943 -0.4346 -0.4067 
190 -0.8624 0.7919 1.0229 0.539 0.5973 -0.4313 -0.4082 
191 -0.8612 0.7866 1.0228 0.5385 0.5978 -0.4315 -0.408 
192 -0.8601 0.781 1.023 0.5417 0.5971 -0.4295 -0.407 
193 -0.8582 0.773 1.0232 0.5413 0.5967 -0.43 -0.4074 
194 -0.8569 0.767 1.0234 0.5405 0.5963 -0.431 -0.4081 
195 -0.8552 0.7608 1.0235 0.54 0.5975 -0.4303 -0.4077 
196 -0.8535 0.7524 1.0233 0.5383 0.5971 -0.4326 -0.4082 
197 -0.8518 0.7462 1.023 0.5378 0.5985 -0.4313 -0.4081 
198 -0.8496 0.7378 1.023 0.5365 0.5986 -0.4309 -0.4101 
199 -0.8477 0.7318 1.0228 0.5387 0.5976 -0.4293 -0.4103 
200 -0.8461 0.7257 1.0228 0.5407 0.5954 -0.4298 -0.4103 
201 -0.8436 0.7168 1.0235 0.5422 0.5941 -0.4298 -0.4102 
202 -0.8419 0.71 1.0237 0.5427 0.5928 -0.4293 -0.412 
203 -0.8394 0.7026 1.0238 0.5424 0.5934 -0.4286 -0.4123 
204 -0.8357 0.6936 1.0244 0.5441 0.5921 -0.4295 -0.4111 
205 -0.8331 0.687 1.0248 0.5468 0.5899 -0.4287 -0.4114 
206 -0.8302 0.6806 1.0249 0.5491 0.5889 -0.4275 -0.411 
207 -0.8271 0.6715 1.0247 0.5507 0.5897 -0.4269 -0.4084 
208 -0.8258 0.6653 1.0242 0.5499 0.5904 -0.4247 -0.4107 
209 -0.824 0.6568 1.024 0.5516 0.5888 -0.4217 -0.4138 
210 -0.8223 0.6501 1.0246 0.5531 0.5883 -0.4219 -0.4123 
211 -0.8204 0.6433 1.0252 0.5541 0.586 -0.4232 -0.4129 
212 -0.8183 0.6366 1.0254 0.5552 0.5843 -0.4231 -0.414 
213 -0.8116 0.6204 1.0238 0.563 0.5819 -0.422 -0.4078 
214 -0.8079 0.612 1.0223 0.5679 0.5791 -0.4179 -0.4092 
215 -0.8045 0.6048 1.0217 0.5696 0.5788 -0.4165 -0.4088 
216 -0.8011 0.5972 1.0213 0.5702 0.5786 -0.4163 -0.4084 
217 -0.7967 0.5867 1.0209 0.5721 0.577 -0.4156 -0.4086 
218 -0.7931 0.5786 1.0203 0.5728 0.5775 -0.4149 -0.4077 
219 -0.7891 0.5703 1.0201 0.572 0.578 -0.4157 -0.4074 
220 -0.7842 0.5602 1.0198 0.5726 0.5782 -0.4161 -0.4059 
221 -0.7802 0.5524 1.019 0.572 0.5799 -0.4147 -0.4056 
222 -0.7762 0.5452 1.0181 0.5706 0.5821 -0.4128 -0.4064 
223 -0.7717 0.5371 1.0178 0.5708 0.582 -0.4125 -0.4066 
224 -0.7682 0.5316 1.0181 0.5734 0.5809 -0.4114 -0.4056 
225 -0.7651 0.5264 1.0184 0.5732 0.5803 -0.4107 -0.4075 
226 -0.7613 0.5198 1.0192 0.5718 0.5797 -0.4106 -0.4105 
227 -0.758 0.5147 1.0194 0.5712 0.5817 -0.409 -0.41 
228 -0.7547 0.5096 1.0192 0.5693 0.5832 -0.4081 -0.4114 
229 -0.7503 0.5029 1.0187 0.5684 0.5835 -0.4066 -0.4137 
230 -0.7468 0.4979 1.0183 0.5693 0.5836 -0.4058 -0.4131 
231 -0.7431 0.4936 1.0176 0.5711 0.583 -0.4039 -0.4133 
232 -0.7402 0.4889 1.0168 0.5716 0.5815 -0.4035 -0.4151 
233 -0.736 0.4823 1.0158 0.5736 0.5804 -0.4016 -0.4157 
234 -0.7331 0.4774 1.0152 0.5751 0.579 -0.4015 -0.4157 
235 -0.7295 0.4706 1.0148 0.5763 0.5765 -0.4019 -0.4171 
236 -0.7269 0.4659 1.0146 0.5774 0.5755 -0.4015 -0.4174 
237 -0.7247 0.461 1.0145 0.5786 0.5737 -0.4015 -0.4182 
238 -0.7215 0.4543 1.0144 0.5776 0.574 -0.4029 -0.4179 
239 -0.7192 0.4495 1.0143 0.5772 0.5746 -0.4025 -0.418 
240 -0.7173 0.4448 1.0142 0.5763 0.5754 -0.4018 -0.4188 
241 -0.7145 0.4384 1.0145 0.5746 0.5766 -0.4015 -0.4196 
242 -0.7125 0.4337 1.0149 0.5737 0.5772 -0.4018 -0.42 
243 -0.7103 0.4295 1.015 0.5743 0.5786 -0.3987 -0.42 
244 -0.7081 0.4237 1.0149 0.5726 0.58 -0.3972 -0.4218 
245 -0.7072 0.4195 1.0148 0.5715 0.5791 -0.3983 -0.4235 
246 -0.7056 0.414 1.0145 0.5753 0.5753 -0.3975 -0.4244 
247 -0.7047 0.4092 1.0146 0.5762 0.5744 -0.3976 -0.4242 
248 -0.7038 0.4039 1.0145 0.5736 0.576 -0.3981 -0.4252 
249 -0.7022 0.3968 1.0142 0.5736 0.578 -0.3933 -0.4267 
250 -0.7016 0.3915 1.0143 0.574 0.5771 -0.3932 -0.4276 
251 -0.7005 0.3841 1.0143 0.5739 0.5763 -0.3946 -0.4276 
252 -0.7003 0.3785 1.0142 0.5709 0.5761 -0.3953 -0.4312 
253 -0.6991 0.3636 1.0126 0.5701 0.5763 -0.3945 -0.4327 
254 -0.6983 0.3493 1.0103 0.5712 0.5745 -0.3934 -0.4345 
255 -0.6977 0.3414 1.0091 0.5725 0.5737 -0.394 -0.4336 
256 -0.6972 0.3328 1.0082 0.574 0.5733 -0.3948 -0.4312 
257 -0.6963 0.3208 1.0064 0.574 0.5754 -0.3935 -0.4297 
258 -0.695 0.3017 1.0039 0.5747 0.5751 -0.393 -0.4295 
259 -0.6933 0.2889 1.0035 0.5758 0.5747 -0.3924 -0.4292 
260 -0.6924 0.2802 1.0034 0.5775 0.5716 -0.3913 -0.4321 
261 -0.6917 0.2689 1.0031 0.5804 0.5678 -0.3905 -0.4339 
262 -0.6907 0.2604 1.0026 0.5842 0.564 -0.3913 -0.433 
263 -0.6896 0.2525 1.0018 0.5892 0.5607 -0.389 -0.4326 
264 -0.688 0.2408 1.0012 0.5919 0.5592 -0.3871 -0.4324 
265 -0.6864 0.2319 1.0009 0.5911 0.5598 -0.3881 -0.432 
266 -0.6847 0.2231 1.0007 0.5922 0.5598 -0.386 -0.4322 
267 -0.6824 0.2122 1.0 0.5922 0.5597 -0.3854 -0.433 
268 -0.6806 0.2044 0.9996 0.5947 0.5585 -0.3842 -0.4322 
269 -0.6786 0.1938 0.999 0.5964 0.5581 -0.3832 -0.4313 
270 -0.6773 0.186 0.9988 0.5951 0.5587 -0.3825 -0.4328 
271 -0.6761 0.1752 0.9987 0.5947 0.5591 -0.3819 -0.4336 
272 -0.6749 0.1594 0.9987 0.5934 0.5598 -0.3826 -0.4338 
273 -0.6747 0.1516 0.9989 0.5941 0.559 -0.3823 -0.4341 
274 -0.6745 0.1409 0.9988 0.594 0.5596 -0.3832 -0.4326 
275 -0.6744 0.1331 0.9988 0.5929 0.5605 -0.3829 -0.4332 
276 -0.6745 0.1253 0.999 0.5929 0.5601 -0.3826 -0.434 
277 -0.6745 0.1153 0.9993 0.5943 0.5588 -0.3841 -0.4325 
278 -0.6744 0.1081 0.9997 0.5945 0.5582 -0.3844 -0.4328 
279 -0.6745 0.1009 0.9998 0.5949 0.5577 -0.3846 -0.4327 
280 -0.6748 0.0916 0.9998 0.5941 0.5585 -0.3855 -0.4319 
281 -0.6753 0.0851 1.0001 0.594 0.5578 -0.3856 -0.4329 
282 -0.6755 0.0786 1.0006 0.5946 0.5574 -0.3862 -0.432 
283 -0.676 0.0707 1.0013 0.5943 0.5579 -0.3879 -0.4301 
284 -0.6766 0.065 1.0019 0.5939 0.5574 -0.3888 -0.4305 
285 -0.6771 0.0596 1.0024 0.5948 0.5562 -0.3895 -0.4303 
286 -0.678 0.0532 1.0028 0.5968 0.5561 -0.3895 -0.4277 
287 -0.6788 0.0486 1.0028 0.5971 0.5555 -0.39 -0.4276 
288 -0.6796 0.0439 1.0029 0.5969 0.5561 -0.3897 -0.4273 
289 -0.6809 0.0379 1.0032 0.5949 0.5578 -0.3903 -0.4273 
290 -0.6819 0.0333 1.0033 0.5944 0.5581 -0.3903 -0.4276 
291 -0.6831 0.0287 1.0033 0.5942 0.5579 -0.3912 -0.4273 
292 -0.6845 0.0227 1.0029 0.5931 0.5591 -0.3913 -0.4273 
293 -0.6854 0.018 1.0027 0.5921 0.56 -0.3907 -0.428 
294 -0.6867 0.0119 1.0021 0.5921 0.5599 -0.3902 -0.4286 
295 -0.6874 0.007 1.002 0.5921 0.5602 -0.3892 -0.4291 
296 -0.688 0.0022 1.0017 0.593 0.5588 -0.3895 -0.4293 
297 -0.6891 -0.004 1.0014 0.5967 0.5553 -0.3881 -0.43 
298 -0.6897 -0.0093 1.001 0.5984 0.5537 -0.3886 -0.4293 
299 -0.6909 -0.0171 0.9999 0.5969 0.5539 -0.3895 -0.4303 
300 -0.6914 -0.0232 0.9986 0.5977 0.5527 -0.3885 -0.4317 
301 -0.6919 -0.0295 0.9979 0.5997 0.5515 -0.388 -0.4308 
302 -0.692 -0.0382 0.9973 0.5988 0.5506 -0.3897 -0.4318 
303 -0.6921 -0.045 0.9969 0.5995 0.5493 -0.3886 -0.4335 
304 -0.6916 -0.0519 0.9962 0.6003 0.5489 -0.3882 -0.4331 
305 -0.6907 -0.0614 0.9962 0.6024 0.5463 -0.3877 -0.434 
306 -0.6896 -0.0679 0.9966 0.6052 0.5427 -0.3872 -0.4351 
307 -0.6886 -0.0751 0.9974 0.6068 0.5399 -0.3867 -0.4368 
308 -0.6861 -0.0849 0.9987 0.6081 0.5378 -0.3862 -0.438 
309 -0.684 -0.0917 0.9996 0.6098 0.5367 -0.3851 -0.4379 
310 -0.6822 -0.099 1.0002 0.6128 0.5344 -0.3829 -0.4386 
311 -0.6799 -0.1085 1.0012 0.6156 0.5317 -0.3838 -0.4371 
312 -0.678 -0.1158 1.0021 0.6167 0.5301 -0.3825 -0.4385 
313 -0.6757 -0.1259 1.0033 0.6164 0.5289 -0.3815 -0.4414 
314 -0.6735 -0.1334 1.004 0.6173 0.5284 -0.3822 -0.44 
315 -0.6686 -0.1498 1.0044 0.6186 0.5259 -0.378 -0.4448 
316 -0.6638 -0.1636 1.0052 0.6233 0.5215 -0.3773 -0.4442 
317 -0.661 -0.1737 1.0054 0.6212 0.5233 -0.3774 -0.4448 
318 -0.6585 -0.1807 1.0055 0.6194 0.5254 -0.3753 -0.4466 
319 -0.6559 -0.1899 1.0057 0.6224 0.524 -0.3738 -0.4452 
320 -0.6541 -0.1964 1.0061 0.6241 0.5228 -0.3745 -0.4438 
321 -0.6526 -0.203 1.0066 0.6238 0.5231 -0.3727 -0.4453 
322 -0.6492 -0.2187 1.0075 0.6214 0.524 -0.3735 -0.447 
323 -0.6477 -0.2252 1.0081 0.6218 0.5253 -0.3723 -0.446 
324 -0.6457 -0.2342 1.0089 0.6185 0.528 -0.3708 -0.4486 
325 -0.6445 -0.2408 1.0097 0.6168 0.5285 -0.3708 -0.4502 
326 -0.6431 -0.2472 1.0107 0.6172 0.5281 -0.3713 -0.4498 
327 -0.641 -0.2558 1.0119 0.6184 0.527 -0.3699 -0.4507 
328 -0.6395 -0.2621 1.0129 0.6172 0.5272 -0.3703 -0.4517 
329 -0.6378 -0.2687 1.0137 0.6172 0.5268 -0.3692 -0.453 
330 -0.6364 -0.2771 1.0146 0.6172 0.5249 -0.3706 -0.4541 
331 -0.6349 -0.2837 1.0152 0.6172 0.5244 -0.3712 -0.4542 
332 -0.6336 -0.2896 1.0156 0.6171 0.5241 -0.371 -0.4549 
333 -0.632 -0.2981 1.0162 0.6173 0.5234 -0.3707 -0.4555 
334 -0.6311 -0.3039 1.0167 0.6159 0.5238 -0.3716 -0.4564 
335 -0.6305 -0.3098 1.017 0.6155 0.5227 -0.3729 -0.4571 
336 -0.6295 -0.3178 1.0169 0.6159 0.523 -0.3728 -0.4562 
337 -0.6291 -0.3235 1.0168 0.6134 0.5254 -0.3736 -0.4562 
338 -0.6285 -0.3293 1.0167 0.6126 0.5264 -0.3738 -0.456 
339 -0.628 -0.3369 1.0169 0.6124 0.5278 -0.3735 -0.4548 
340 -0.6278 -0.342 1.0172 0.6113 0.5294 -0.3745 -0.4535 
341 -0.6277 -0.3485 1.0177 0.6111 0.5298 -0.3748 -0.4531 
342 -0.6278 -0.3535 1.0181 0.6094 0.5313 -0.3751 -0.4536 
343 -0.6285 -0.358 1.0178 0.6086 0.5309 -0.3764 -0.454 
344 -0.6292 -0.3639 1.0169 0.6101 0.5311 -0.3756 -0.4524 
345 -0.6295 -0.3685 1.0163 0.6093 0.5329 -0.375 -0.4518 
346 -0.6303 -0.373 1.0161 0.6086 0.5325 -0.375 -0.4533 
347 -0.6316 -0.379 1.0155 0.6086 0.5332 -0.3751 -0.4524 
348 -0.6328 -0.3836 1.0148 0.6095 0.5329 -0.3752 -0.4514 
349 -0.6353 -0.3893 1.0139 0.611 0.5314 -0.3746 -0.4515 
350 -0.6367 -0.3944 1.0138 0.611 0.5326 -0.3738 -0.4509 
351 -0.6398 -0.4051 1.0138 0.608 0.5345 -0.377 -0.4501 
352 -0.6419 -0.4105 1.0133 0.6064 0.536 -0.3762 -0.4512 
353 -0.6451 -0.4174 1.0123 0.6078 0.5345 -0.3762 -0.451 
354 -0.6475 -0.4225 1.0116 0.61 0.533 -0.3769 -0.4492 
355 -0.6498 -0.4279 1.0107 0.6104 0.532 -0.3773 -0.4494 
356 -0.6525 -0.436 1.0092 0.6116 0.5319 -0.3758 -0.4492 
357 -0.6547 -0.4423 1.0081 0.6118 0.5318 -0.3768 -0.4482 
358 -0.6572 -0.4487 1.007 0.6124 0.5307 -0.3777 -0.448 
359 -0.6604 -0.4574 1.0053 0.6124 0.53 -0.3776 -0.4488 
360 -0.6628 -0.4642 1.0045 0.6126 0.5295 -0.3785 -0.4484 
361 -0.6655 -0.4725 1.0036 0.6156 0.5275 -0.3782 -0.4469 
362 -0.6675 -0.4785 1.0034 0.6177 0.5252 -0.377 -0.4477 
363 -0.6692 -0.4848 1.0036 0.619 0.5233 -0.3771 -0.448 
364 -0.6708 -0.4915 1.0039 0.6193 0.5235 -0.3778 -0.4468 
365 -0.673 -0.5 1.004 0.6185 0.5244 -0.3776 -0.4471 
366 -0.6747 -0.5058 1.0038 0.6201 0.5228 -0.3759 -0.4482 
367 -0.6768 -0.5137 1.004 0.6205 0.5222 -0.3751 -0.449 
368 -0.6778 -0.5195 1.0044 0.6199 0.5231 -0.3744 -0.4494 
369 -0.679 -0.5253 1.0051 0.6206 0.522 -0.373 -0.4508 
370 -0.6802 -0.5325 1.0052 0.6226 0.5205 -0.3701 -0.4521 
371 -0.6812 -0.5386 1.006 0.624 0.5176 -0.3708 -0.4529 
372 -0.6819 -0.5445 1.0065 0.625 0.5171 -0.3702 -0.4527 
373 -0.6824 -0.5526 1.0071 0.6242 0.517 -0.3688 -0.455 
374 -0.6828 -0.5586 1.0076 0.6261 0.5147 -0.3675 -0.4562 
375 -0.6832 -0.5672 1.0079 0.627 0.5124 -0.3686 -0.4565 
376 -0.683 -0.5737 1.0083 0.6266 0.513 -0.368 -0.4569 
377 -0.6827 -0.5793 1.0086 0.6271 0.5118 -0.3646 -0.4603 
378 -0.6822 -0.5876 1.0091 0.6307 0.5091 -0.3642 -0.4586 
379 -0.6822 -0.5935 1.0091 0.6319 0.5069 -0.3649 -0.4589 
380 -0.6819 -0.5998 1.0088 0.6335 0.5063 -0.362 -0.4596 
381 -0.6817 -0.6075 1.0089 0.6342 0.5048 -0.3607 -0.4614 
382 -0.6814 -0.614 1.0093 0.6359 0.5034 -0.3617 -0.4598 
383 -0.6812 -0.62 1.0094 0.6366 0.5026 -0.3613 -0.46 
384 -0.6817 -0.6273 1.0093 0.6378 0.5005 -0.3587 -0.4626 
385 -0.6821 -0.6328 1.0097 0.6386 0.4993 -0.3601 -0.4618 
386 -0.6825 -0.638 1.0104 0.6388 0.4978 -0.3613 -0.4622 
387 -0.683 -0.6445 1.0117 0.638 0.4962 -0.3615 -0.4648 
388 -0.6834 -0.6494 1.0123 0.6368 0.4968 -0.362 -0.4655 
389 -0.6834 -0.654 1.0124 0.6372 0.497 -0.3613 -0.4652 
390 -0.6836 -0.66 1.0123 0.6392 0.4953 -0.3615 -0.4641 
391 -0.6836 -0.6642 1.0122 0.6383 0.4974 -0.3605 -0.4638 
392 -0.6837 -0.6702 1.0124 0.6371 0.4985 -0.3593 -0.4653 
393 -0.6839 -0.6746 1.0125 0.6374 0.4986 -0.3593 -0.4648 
394 -0.6842 -0.6785 1.0124 0.6378 0.4992 -0.3588 -0.4641 
395 -0.685 -0.6822 1.012 0.6394 0.4983 -0.3565 -0.4646 
396 -0.6863 -0.6877 1.0117 0.6394 0.4981 -0.3558 -0.4654 
397 -0.6873 -0.692 1.0117 0.6393 0.4992 -0.3552 -0.4646 
398 -0.6884 -0.6959 1.0122 0.641 0.4994 -0.3541 -0.4631 
399 -0.6901 -0.7016 1.013 0.6401 0.4983 -0.354 -0.4654 
400 -0.6913 -0.7062 1.0138 0.6406 0.4973 -0.3542 -0.4657 
401 -0.6927 -0.711 1.0144 0.6409 0.4967 -0.3557 -0.4648 
402 -0.6943 -0.7177 1.0148 0.6401 0.4974 -0.3552 -0.4655 
403 -0.6956 -0.7227 1.0147 0.6402 0.4972 -0.3547 -0.466 
404 -0.697 -0.7297 1.0149 0.6409 0.496 -0.3549 -0.4662 
405 -0.6979 -0.7352 1.0153 0.6405 0.4961 -0.3555 -0.466 
406 -0.6991 -0.7424 1.0152 0.6409 0.4949 -0.3539 -0.4681 
407 -0.6999 -0.7478 1.015 0.6424 0.493 -0.3526 -0.4689 
408 -0.7005 -0.7534 1.0147 0.6434 0.4917 -0.3526 -0.4689 
409 -0.7019 -0.7611 1.014 0.6446 0.4891 -0.3518 -0.4706 
410 -0.7026 -0.767 1.0136 0.6464 0.4874 -0.3495 -0.4716 
411 -0.7035 -0.7732 1.013 0.6468 0.4852 -0.3503 -0.4728 
412 -0.7037 -0.7822 1.0122 0.648 0.4867 -0.3475 -0.4716 
413 -0.7041 -0.7887 1.0121 0.6484 0.487 -0.3435 -0.4736 
414 -0.7047 -0.7949 1.0126 0.6491 0.485 -0.3435 -0.4749 
415 -0.7062 -0.8032 1.0127 0.6534 0.4805 -0.3446 -0.4728 
416 -0.7071 -0.8096 1.0127 0.6555 0.4789 -0.342 -0.4734 
417 -0.7081 -0.816 1.0128 0.6559 0.4779 -0.3406 -0.4747 
418 -0.7094 -0.8249 1.0137 0.6565 0.4758 -0.3421 -0.475 
419 -0.7102 -0.8319 1.0143 0.6572 0.4749 -0.3425 -0.4746 
420 -0.7113 -0.8411 1.015 0.6547 0.4766 -0.3419 -0.4769 
421 -0.7118 -0.8477 1.0154 0.6566 0.4754 -0.3409 -0.4761 
422 -0.7126 -0.854 1.016 0.6594 0.4719 -0.3421 -0.4748 
423 -0.7134 -0.8628 1.0167 0.6593 0.4713 -0.3428 -0.4751 
424 -0.7138 -0.8692 1.0174 0.6586 0.4709 -0.3415 -0.4773 
425 -0.7139 -0.8774 1.0184 0.6602 0.4685 -0.3409 -0.478 
426 -0.7137 -0.8893 1.0201 0.6613 0.4658 -0.3405 -0.4794 
427 -0.7133 -0.8952 1.0207 0.6612 0.4645 -0.3395 -0.4814 
428 -0.7129 -0.9011 1.0212 0.6625 0.4629 -0.3396 -0.4812 
429 -0.7122 -0.9088 1.0215 0.6647 0.4614 -0.3387 -0.4802 
430 -0.7121 -0.9145 1.0215 0.6644 0.4613 -0.3367 -0.4821 
431 -0.7119 -0.9202 1.0215 0.6643 0.4622 -0.3364 -0.4815 
432 -0.7116 -0.9281 1.0221 0.6638 0.4619 -0.3367 -0.4824 
433 -0.7114 -0.9334 1.0222 0.6635 0.4627 -0.3355 -0.4828 
434 -0.7113 -0.9382 1.022 0.6637 0.4621 -0.3348 -0.4836 
435 -0.7116 -0.9449 1.0219 0.6641 0.4614 -0.3337 -0.4845 
436 -0.712 -0.9502 1.0218 0.6642 0.4608 -0.3333 -0.4852 
437 -0.7124 -0.9551 1.0217 0.6648 0.4597 -0.3322 -0.4862 
438 -0.7132 -0.9616 1.0214 0.6646 0.4593 -0.3308 -0.4878 
439 -0.7137 -0.9671 1.0218 0.6645 0.4586 -0.3319 -0.4879 
440 -0.7145 -0.9729 1.0215 0.6654 0.4568 -0.3312 -0.4888 
441 -0.7151 -0.9781 1.0216 0.6665 0.4553 -0.3316 -0.4885 
442 -0.7158 -0.983 1.0216 0.666 0.454 -0.3334 -0.4891 
443 -0.7162 -0.9898 1.021 0.6653 0.4545 -0.3329 -0.4899 
444 -0.7169 -0.9947 1.0207 0.665 0.4545 -0.3325 -0.4905 
445 -0.7176 -1.0011 1.0206 0.6657 0.4535 -0.3341 -0.4894 
446 -0.7182 -1.0059 1.0206 0.6665 0.453 -0.335 -0.4882 
447 -0.719 -1.0101 1.0207 0.6672 0.451 -0.3341 -0.4897 
448 -0.7202 -1.016 1.0213 0.6663 0.4508 -0.3347 -0.4906 
449 -0.7212 -1.0207 1.022 0.6652 0.4525 -0.3361 -0.4896 
450 -0.7226 -1.0249 1.0221 0.6647 0.4521 -0.335 -0.4915 
451 -0.7244 -1.0305 1.0221 0.6665 0.4515 -0.3333 -0.4908 
452 -0.7261 -1.0349 1.0227 0.6663 0.4522 -0.3355 -0.489 
453 -0.7281 -1.0387 1.0235 0.6655 0.4528 -0.335 -0.4898 
454 -0.7316 -1.0436 1.0251 0.6652 0.4503 -0.3361 -0.4917 
455 -0.7345 -1.0466 1.0263 0.6664 0.4478 -0.3384 -0.4908 
456 -0.7374 -1.0499 1.0278 0.6663 0.4467 -0.3402 -0.4907 
457 -0.7409 -1.0543 1.0294 0.6634 0.4484 -0.3394 -0.4936 
458 -0.743 -1.058 1.0306 0.661 0.4504 -0.3393 -0.495 
459 -0.7457 -1.0618 1.0316 0.6593 0.4513 -0.3413 -0.4951 
460 -0.7495 -1.0657 1.0324 0.6577 0.4512 -0.3406 -0.4978 
461 -0.7521 -1.069 1.0333 0.6587 0.4488 -0.3406 -0.4987 
462 -0.755 -1.0737 1.0343 0.659 0.4469 -0.3439 -0.4977 
463 -0.7603 -1.0823 1.0348 0.6572 0.4474 -0.3442 -0.4994 
464 -0.7639 -1.0882 1.0347 0.6585 0.4467 -0.3442 -0.4983 
465 -0.7674 -1.0927 1.0354 0.6571 0.4441 -0.3482 -0.4998 
466 -0.7705 -1.0982 1.0349 -0.6571 -0.4434 0.346 0.5018 
467 -0.7722 -1.1025 1.0347 -0.6608 -0.4411 0.3434 0.5009 
468 -0.7771 -1.1127 1.0353 0.6648 0.4359 -0.3442 -0.4995 
469 -0.7821 -1.1225 1.0355 -0.6627 -0.4372 0.3433 0.5019 
470 -0.7867 -1.1338 1.0339 -0.6626 -0.439 0.3388 0.5035 
471 -0.7879 -1.1389 1.0338 -0.6625 -0.4393 0.3376 0.5041 
472 -0.7899 -1.1449 1.0332 -0.6643 -0.4361 0.3347 0.5064 
473 -0.7904 -1.1498 1.033 -0.6684 -0.4324 0.3325 0.5057 
474 -0.791 -1.1551 1.0331 -0.671 -0.4299 0.3311 0.5053 
475 -0.7921 -1.1624 1.0333 -0.6725 -0.4274 0.3287 0.507 
476 -0.7933 -1.1679 1.0332 -0.6736 -0.4271 0.3272 0.5067 
477 -0.7946 -1.1732 1.0334 -0.6751 -0.4243 0.3259 0.5079 
478 -0.797 -1.1801 1.0334 -0.6769 -0.4198 0.3255 0.5096 
479 -0.7986 -1.1854 1.0332 -0.6776 -0.4197 0.324 0.5096 
480 -0.8001 -1.1911 1.0331 -0.6779 -0.4195 0.3217 0.5109 
481 -0.8021 -1.198 1.0333 -0.6792 -0.4175 0.3198 0.5119 
482 -0.8035 -1.2038 1.034 -0.6809 -0.4156 0.3207 0.5106 
483 -0.8048 -1.2097 1.0346 -0.68 -0.4169 0.32 0.5112 
484 -0.8065 -1.2167 1.0348 -0.6793 -0.4181 0.3176 0.5128 
485 -0.8085 -1.2216 1.0349 -0.6813 -0.4141 0.3179 0.5132 
486 -0.8099 -1.2265 1.0349 -0.6826 -0.4129 0.3189 0.5117 
487 -0.8123 -1.2329 1.035 -0.6818 -0.4128 0.3181 0.5133 
488 -0.8136 -1.2377 1.0351 -0.6815 -0.4137 0.3159 0.5144 
489 -0.8153 -1.2434 1.036 -0.6819 -0.412 0.3177 0.5142 
490 -0.8173 -1.2472 1.0367 -0.683 -0.4088 0.3186 0.5147 
491 -0.8184 -1.2509 1.0368 -0.684 -0.4086 0.3148 0.5158 
492 -0.8205 -1.2556 1.0371 -0.6825 -0.4111 0.3139 0.5164 
493 -0.8219 -1.2588 1.0371 -0.6828 -0.4115 0.3137 0.5158 
494 -0.8247 -1.2629 1.0373 -0.6843 -0.4079 0.3133 0.5169 
495 -0.8263 -1.2655 1.0373 -0.6849 -0.4081 0.3133 0.5159 
496 -0.8276 -1.2681 1.0374 -0.6853 -0.4091 0.3122 0.5154 
497 -0.8301 -1.2713 1.0381 -0.6849 -0.4079 0.3125 0.5166 
498 -0.8321 -1.2733 1.0387 -0.6848 -0.4075 0.3134 0.5165 
499 -0.834 -1.2753 1.0391 -0.6843 -0.4075 0.3131 0.5174 
500 -0.8361 -1.2773 1.0393 -0.6872 -0.4047 0.3115 0.5167 
501 -0.8379 -1.2784 1.0393 -0.689 -0.4031 0.3123 0.5151 
502 -0.84 -1.2797 1.0393 -0.689 -0.4026 0.3124 0.5154 
503 -0.8429 -1.2816 1.0393 -0.6894 -0.4013 0.3102 0.5172 
504 -0.8453 -1.2833 1.0396 -0.6887 -0.4009 0.3113 0.5178 
505 -0.8472 -1.2843 1.0398 -0.6889 -0.4003 0.3121 0.5174 
506 -0.8497 -1.2859 1.0405 -0.6905 -0.3967 0.3108 0.5189 
507 -0.8514 -1.2872 1.0409 -0.6904 -0.3959 0.3111 0.5195 
508 -0.8531 -1.2885 1.0412 -0.6904 -0.3954 0.3124 0.519 
509 -0.8549 -1.2895 1.0409 -0.6913 -0.395 0.3092 0.5202 
510 -0.8559 -1.2901 1.0408 -0.6926 -0.3929 0.3073 0.521 
511 -0.8569 -1.291 1.0411 -0.6942 -0.3908 0.308 0.5202 
512 -0.8578 -1.2913 1.0418 -0.6948 -0.3872 0.3079 0.5221 
513 -0.8581 -1.2912 1.0421 -0.6972 -0.3824 0.3059 0.5236 
514 -0.8578 -1.2913 1.0425 -0.6991 -0.3783 0.3052 0.5243 
515 -0.8574 -1.2911 1.0425 -0.7015 -0.3744 0.3041 0.5247 
516 -0.8565 -1.2905 1.0423 -0.704 -0.3702 0.3008 0.5262 
517 -0.8547 -1.2901 1.042 -0.7056 -0.3656 0.2986 0.5285 
518 -0.8531 -1.2898 1.0415 -0.708 -0.3619 0.296 0.5293 
519 -0.851 -1.2898 1.0406 -0.7109 -0.3584 0.2917 0.5302 
520 -0.8475 -1.2896 1.0402 -0.7136 -0.3539 0.2904 0.5303 
521 -0.8444 -1.2888 1.0399 -0.7174 -0.3468 0.2864 0.532 
522 -0.8419 -1.2887 1.0392 -0.7193 -0.343 0.2829 0.5338 
523 -0.838 -1.2898 1.0379 -0.7208 -0.3424 0.28 0.5336 
524 -0.8356 -1.2903 1.0368 -0.7219 -0.3412 0.2742 0.536 
525 -0.8333 -1.2909 1.036 -0.7242 -0.3396 0.2696 0.5362 
526 -0.8309 -1.2924 1.0357 -0.727 -0.3375 0.2674 0.5348 
527 -0.8294 -1.2941 1.0354 -0.7273 -0.3382 0.2641 0.5357 
528 -0.8281 -1.2962 1.034 -0.7241 -0.3379 0.2615 0.5415 
529 -0.8273 -1.2985 1.0335 -0.7252 -0.3376 0.2602 0.5407 
530 -0.827 -1.3009 1.0332 -0.7268 -0.336 0.2589 0.5402 
531 -0.8273 -1.3049 1.0324 -0.7279 -0.3369 0.2557 0.5397 
532 -0.8274 -1.3069 1.0332 -0.7272 -0.3345 0.2548 0.5425 
533 -0.8286 -1.3103 1.0325 -0.727 -0.3333 0.2569 0.5426 
534 -0.8301 -1.3153 1.0315 -0.7279 -0.3334 0.2551 0.5421 
535 -0.8317 -1.3188 1.0304 -0.7279 -0.3346 0.2555 0.5413 
536 -0.8333 -1.3228 1.0297 -0.729 -0.3368 0.2548 0.5387 
537 -0.8364 -1.3273 1.0286 -0.7278 -0.3373 0.2561 0.5394 
538 -0.8392 -1.3313 1.0285 -0.7263 -0.3401 0.2567 0.5394 
539 -0.8416 -1.3339 1.0283 -0.7254 -0.3421 0.2562 0.5395 
540 -0.8449 -1.3375 1.028 -0.7259 -0.3428 0.2552 0.5389 
541 -0.8475 -1.34 1.0284 -0.7264 -0.3426 0.2558 0.5382 
542 -0.8501 -1.3421 1.029 -0.726 -0.3424 0.257 0.5382 
543 -0.8537 -1.345 1.0296 -0.7242 -0.3432 0.2582 0.5395 
544 -0.8559 -1.3474 1.0307 -0.724 -0.3432 0.2574 0.5401 
545 -0.858 -1.3494 1.0315 -0.7234 -0.3445 0.2584 0.5397 
546 -0.861 -1.3522 1.0323 -0.7221 -0.3464 0.2572 0.5408 
547 -0.8628 -1.354 1.0329 -0.7215 -0.3468 0.2567 0.5416 
548 -0.8646 -1.3561 1.0335 -0.7204 -0.3482 0.2581 0.5414 
549 -0.8671 -1.3588 1.0341 -0.7198 -0.3495 0.2565 0.5422 
550 -0.8688 -1.3607 1.0346 -0.7193 -0.3486 0.2547 0.5443 
551 -0.8709 -1.3636 1.0352 -0.7184 -0.3481 0.2567 0.5449 
552 -0.8732 -1.368 1.0361 -0.7184 -0.3492 0.2558 0.5446 
553 -0.8747 -1.3711 1.0368 -0.7181 -0.3485 0.2545 0.546 
554 -0.8764 -1.3743 1.0375 -0.7182 -0.3472 0.2549 0.5465 
555 -0.8785 -1.38 1.0383 -0.7178 -0.3485 0.2551 0.546 
556 -0.8801 -1.3844 1.0386 -0.7178 -0.3477 0.2539 0.5471 
557 -0.8818 -1.3892 1.0386 -0.7179 -0.3477 0.2549 0.5466 
558 -0.8843 -1.3961 1.0388 -0.7181 -0.3472 0.2559 0.5462 
559 -0.8866 -1.4018 1.0388 -0.7185 -0.3461 0.2588 0.545 
560 -0.8896 -1.4107 1.0385 -0.7176 -0.3507 0.2613 0.542 
561 -0.8916 -1.416 1.0391 -0.7152 -0.3494 0.2624 0.5454 
562 -0.8935 -1.4218 1.0389 -0.716 -0.349 0.2637 0.5441 
563 -0.8962 -1.4298 1.0387 -0.7148 -0.3512 0.2662 0.543 
564 -0.8983 -1.4356 1.0387 -0.7145 -0.3523 0.2656 0.543 
565 -0.9012 -1.4435 1.0393 -0.7159 -0.3546 0.2646 0.5401 
566 -0.9031 -1.4488 1.0401 -0.7151 -0.3549 0.2666 0.54 
567 -0.9054 -1.4543 1.0409 -0.715 -0.3544 0.267 0.5404 
568 -0.9081 -1.4614 1.0423 -0.7121 -0.3578 0.2668 0.542 
569 -0.9107 -1.4673 1.0433 -0.7111 -0.358 0.2685 0.5423 
570 -0.9132 -1.4726 1.0442 -0.7106 -0.3571 0.2703 0.5426 
571 -0.9167 -1.4796 1.0454 -0.7085 -0.3594 0.2693 0.5445 
572 -0.9193 -1.4847 1.0463 -0.7094 -0.3584 0.2685 0.5443 
573 -0.9225 -1.4903 1.0474 -0.7098 -0.3575 0.2713 0.5429 
574 -0.9266 -1.4981 1.0485 -0.7083 -0.3582 0.2719 0.5441 
575 -0.9296 -1.5036 1.0488 -0.7076 -0.3599 0.2693 0.5451 
576 -0.9328 -1.5092 1.0494 -0.7065 -0.3603 0.2696 0.5462 
577 -0.9372 -1.517 1.0504 -0.7065 -0.3583 0.2743 0.5452 
578 -0.9401 -1.5235 1.051 -0.7062 -0.359 0.2743 0.5452 
579 -0.9433 -1.5291 1.0515 -0.705 -0.3589 0.2729 0.5474 
580 -0.9471 -1.5369 1.0517 -0.7064 -0.3564 0.2759 0.5458 
581 -0.9498 -1.5425 1.0518 -0.7075 -0.3553 0.2771 0.5444 
582 -0.9525 -1.5483 1.052 -0.7057 -0.3558 0.276 0.547 
583 -0.9557 -1.555 1.0521 -0.7048 -0.3561 0.2754 0.5483 
584 -0.9582 -1.5605 1.0521 -0.7053 -0.3553 0.2775 0.5471 
585 -0.9602 -1.5655 1.0521 -0.7052 -0.3546 0.2783 0.5472 
586 -0.9632 -1.5717 1.0518 -0.7052 -0.3542 0.2765 0.5484 
587 -0.9654 -1.5757 1.0512 -0.7061 -0.3529 0.2768 0.548 
588 -0.9679 -1.5797 1.0509 -0.7082 -0.3507 0.2779 0.5461 
589 -0.9712 -1.5847 1.0501 -0.7077 -0.3523 0.2762 0.5466 
590 -0.9739 -1.5882 1.0501 -0.7054 -0.3545 0.2758 0.5483 
591 -0.9764 -1.5915 1.05 -0.7058 -0.3553 0.2763 0.5471 
592 -0.9799 -1.5957 1.0501 -0.7057 -0.3552 0.2768 0.5469 
593 -0.9828 -1.598 1.0503 -0.7056 -0.3547 0.2769 0.5473 
594 -0.9867 -1.6007 1.0499 -0.706 -0.3543 0.2764 0.5474 
595 -0.9898 -1.6033 1.0494 -0.706 -0.3545 0.2764 0.5473 
596 -0.9927 -1.6055 1.0491 -0.7056 -0.3556 0.2761 0.5471 
597 -0.9973 -1.6094 1.048 -0.7046 -0.3579 0.2756 0.5472 
598 -1.0002 -1.6109 1.0475 -0.7063 -0.356 0.2737 0.5473 
599 -1.0033 -1.6133 1.0471 -0.7071 -0.3543 0.2759 0.5462 
600 -1.0076 -1.6164 1.0463 -0.7073 -0.354 0.276 0.5461 
601 -1.0108 -1.6183 1.0457 -0.7082 -0.3523 0.2737 0.5471 
602 -1.014 -1.6198 1.0452 -0.7095 -0.3497 0.2729 0.5475 
603 -1.0185 -1.6225 1.0449 -0.7108 -0.3463 0.276 0.5465 
604 -1.022 -1.6245 1.0444 -0.7109 -0.3449 0.2756 0.5475 
605 -1.0257 -1.6258 1.0436 -0.7111 -0.3436 0.2734 0.5492 
606 -1.0312 -1.6288 1.0422 -0.7137 -0.3406 0.2731 0.5478 
607 -1.0352 -1.6306 1.0411 -0.7156 -0.3379 0.2735 0.5468 
608 -1.0396 -1.633 1.0399 -0.7165 -0.3365 0.2724 0.547 
609 -1.0457 -1.6357 1.0385 -0.7168 -0.3356 0.2707 0.5479 
610 -1.05 -1.6381 1.038 -0.7174 -0.3339 0.2704 0.5483 
611 -1.0562 -1.6422 1.0376 -0.7186 -0.3312 0.2719 0.5477 
612 -1.0603 -1.6449 1.0372 -0.7186 -0.3319 0.2705 0.548 
613 -1.0644 -1.6477 1.0369 -0.7192 -0.3305 0.267 0.5498 
614 -1.0699 -1.6528 1.0366 -0.7214 -0.3289 0.2685 0.5471 
615 -1.0732 -1.656 1.037 -0.7219 -0.3291 0.269 0.5461 
616 -1.0761 -1.659 1.0374 -0.7248 -0.3271 0.2627 0.5465 
617 -1.0805 -1.6625 1.0377 -0.7266 -0.3248 0.2614 0.5461 
618 -1.0842 -1.666 1.0383 -0.7266 -0.3259 0.2626 0.5449 
619 -1.0876 -1.6692 1.0388 -0.7273 -0.3267 0.2599 0.5447 
620 -1.0928 -1.6729 1.0398 -0.7272 -0.3251 0.2571 0.5472 
621 -1.0968 -1.676 1.0407 -0.7274 -0.325 0.2588 0.5461 
622 -1.1006 -1.6784 1.0413 -0.7281 -0.3239 0.2583 0.5461 
623 -1.1061 -1.6821 1.0418 -0.7282 -0.3237 0.2548 0.5478 
624 -1.1103 -1.6849 1.0416 -0.7278 -0.3246 0.2564 0.547 
625 -1.1133 -1.6868 1.0416 -0.7291 -0.3227 0.2563 0.5464 
626 -1.1184 -1.6897 1.0421 -0.7293 -0.3205 0.2545 0.5483 
627 -1.1225 -1.6922 1.0422 -0.7294 -0.3188 0.256 0.5485 
628 -1.1256 -1.6944 1.0425 -0.7298 -0.3198 0.2556 0.5475 
629 -1.13 -1.697 1.0419 -0.7284 -0.3209 0.2543 0.5494 
630 -1.1331 -1.699 1.0413 -0.7304 -0.3194 0.2521 0.5486 
631 -1.1371 -1.7008 1.0402 -0.7329 -0.315 0.2524 0.5476 
632 -1.1405 -1.7025 1.0398 -0.7331 -0.3141 0.2525 0.5478 
633 -1.1439 -1.704 1.0394 -0.7319 -0.3145 0.2516 0.5496 
634 -1.1474 -1.7056 1.0389 -0.7325 -0.3147 0.2503 0.5494 
635 -1.1498 -1.7074 1.0391 -0.7335 -0.3138 0.2498 0.5487 
636 -1.1531 -1.7092 1.0389 -0.7345 -0.3116 0.2486 0.5492 
637 -1.1565 -1.711 1.04 -0.7359 -0.3084 0.2456 0.5504 
638 -1.1581 -1.7125 1.0406 -0.7378 -0.3052 0.247 0.549 
639 -1.1592 -1.7131 1.0419 -0.7407 -0.2996 0.244 0.5495 
640 -1.1609 -1.7134 1.0444 -0.742 -0.2907 0.2441 0.5526 
641 -1.1617 -1.7144 1.0458 -0.7425 -0.2892 0.2452 0.5522 
642 -1.1627 -1.7152 1.0471 -0.7423 -0.2877 0.2444 0.5536 
643 -1.1629 -1.7153 1.0479 -0.7452 -0.2792 0.2416 0.5553 
644 -1.1627 -1.7154 1.0486 -0.7465 -0.2753 0.2433 0.5548 
645 -1.1625 -1.7155 1.0482 -0.7463 -0.2742 0.2387 0.5576 
646 -1.1622 -1.7165 1.0479 -0.746 -0.2758 0.2355 0.5585 
647 -1.1621 -1.7174 1.0474 -0.7453 -0.2767 0.2355 0.559 
648 -1.1621 -1.7187 1.0465 -0.7465 -0.2748 0.2337 0.5592 
649 -1.1617 -1.7206 1.0453 -0.7485 -0.2761 0.2279 0.5583 
650 -1.1624 -1.7221 1.0442 -0.7477 -0.2768 0.2273 0.5592 
651 -1.1634 -1.7249 1.0429 -0.7483 -0.2761 0.226 0.5592 
652 -1.1644 -1.7268 1.0418 -0.7469 -0.2775 0.225 0.5608 
653 -1.1658 -1.7297 1.0407 -0.7476 -0.277 0.2237 0.5607 
654 -1.1673 -1.7347 1.039 -0.7485 -0.2806 0.2242 0.5575 
655 -1.1693 -1.7378 1.0382 -0.7469 -0.2826 0.2247 0.5584 
656 -1.1715 -1.7424 1.0367 -0.7478 -0.2825 0.2231 0.5579 
657 -1.1733 -1.7471 1.0354 -0.7475 -0.2832 0.2208 0.5588 
658 -1.1755 -1.7516 1.0343 -0.7494 -0.2806 0.2202 0.5579 
659 -1.1769 -1.756 1.0334 -0.7518 -0.2808 0.2198 0.5547 
660 -1.1793 -1.7616 1.0328 -0.7529 -0.2806 0.2151 0.555 
661 -1.1817 -1.7656 1.0329 -0.752 -0.2803 0.2154 0.5563 
662 -1.1853 -1.7711 1.0333 -0.7505 -0.2798 0.216 0.5584 
663 -1.1876 -1.7758 1.0337 -0.7509 -0.2821 0.2134 0.5577 
664 -1.1903 -1.7801 1.0342 -0.75 -0.2813 0.2125 0.5597 
665 -1.1939 -1.7872 1.0358 -0.75 -0.2816 0.2132 0.5592 
666 -1.1975 -1.7916 1.0365 -0.7463 -0.2819 0.212 0.5644 
667 -1.2005 -1.7959 1.0365 -0.7465 -0.2815 0.2089 0.5655 
668 -1.2052 -1.802 1.0364 -0.7486 -0.2791 0.2088 0.5641 
669 -1.2086 -1.807 1.0364 -0.751 -0.2794 0.2083 0.5608 
670 -1.2128 -1.8115 1.0364 -0.7504 -0.2802 0.2058 0.5622 
671 -1.2188 -1.8176 1.0367 -0.7494 -0.2816 0.2054 0.5629 
672 -1.2231 -1.8223 1.0371 -0.7506 -0.2817 0.2072 0.5606 
673 -1.2271 -1.8268 1.0374 -0.7523 -0.2805 0.2056 0.5596 
674 -1.2331 -1.8314 1.0375 -0.7492 -0.2835 0.2043 0.5627 
675 -1.2373 -1.8353 1.0377 -0.7491 -0.2862 0.2037 0.5616 
676 -1.2413 -1.8389 1.0382 -0.7478 -0.2867 0.2046 0.5628 
677 -1.2457 -1.8423 1.0392 -0.7459 -0.2867 0.2033 0.5658 
678 -1.2487 -1.8455 1.0393 -0.7458 -0.2874 0.2014 0.5663 
679 -1.2518 -1.8479 1.04 -0.7467 -0.2852 0.2018 0.5661 
680 -1.2557 -1.8521 1.041 -0.7468 -0.285 0.2015 0.5661 
681 -1.2582 -1.8548 1.0417 -0.7458 -0.2861 0.1984 0.568 
682 -1.2604 -1.8574 1.0428 -0.7469 -0.2846 0.1959 0.5681 
683 -1.2636 -1.8603 1.0439 -0.7468 -0.282 0.1981 0.5689 
684 -1.2652 -1.863 1.0447 -0.749 -0.2802 0.1927 0.5686 
685 -1.2673 -1.8649 1.0457 -0.7487 -0.2778 0.1892 0.5714 
686 -1.2711 -1.8685 1.0468 -0.7467 -0.277 0.1923 0.5734 
687 -1.2735 -1.8713 1.0476 -0.7475 -0.275 0.1906 0.5738 
688 -1.2766 -1.8759 1.0489 -0.7487 -0.2723 0.1859 0.5751 
689 -1.2791 -1.879 1.0495 -0.7482 -0.2716 0.1866 0.5759 
690 -1.2817 -1.8823 1.0498 -0.7493 -0.2698 0.186 0.5754 
691 -1.2848 -1.887 1.0503 -0.7508 -0.2683 0.1828 0.5752 
692 -1.2876 -1.8906 1.051 -0.7501 -0.2666 0.1832 0.5767 
693 -1.2944 -1.9001 1.0522 -0.7495 -0.2663 0.1824 0.578 
694 -1.2994 -1.9084 1.0522 -0.7505 -0.2641 0.1811 0.5781 
695 -1.3028 -1.9142 1.0516 -0.7522 -0.2605 0.1784 0.5784 
696 -1.3052 -1.9185 1.0509 -0.7513 -0.261 0.1761 0.58 
697 -1.3081 -1.9243 1.0501 -0.7522 -0.2569 0.176 0.5807 
698 -1.3108 -1.9288 1.0495 -0.7531 -0.2555 0.1763 0.5801 
699 -1.3131 -1.9331 1.0486 -0.7526 -0.2559 0.1738 0.5813 
700 -1.3161 -1.9386 1.0475 -0.7545 -0.2526 0.172 0.5809 
701 -1.3183 -1.942 1.0471 -0.7553 -0.2483 0.1734 0.5813 
702 -1.3206 -1.9457 1.0469 -0.7564 -0.2452 0.1717 0.5816 
703 -1.3241 -1.9502 1.0463 -0.7558 -0.2454 0.1708 0.5826 
704 -1.3268 -1.9541 1.0458 -0.7553 -0.2483 0.1711 0.582 
705 -1.3302 -1.958 1.045 -0.7567 -0.2471 0.169 0.5812 
706 -1.3327 -1.9605 1.0445 -0.7577 -0.2466 0.1671 0.5807 
707 -1.3357 -1.9628 1.044 -0.757 -0.2477 0.1678 0.581 
708 -1.3398 -1.9658 1.0435 -0.7561 -0.2506 0.1679 0.5808 
709 -1.3429 -1.9672 1.0431 -0.7558 -0.2509 0.1653 0.5819 
710 -1.3463 -1.968 1.0426 -0.7566 -0.2478 0.1654 0.5821 
711 -1.3489 -1.9683 1.0422 -0.7574 -0.245 0.1656 0.5821 
712 -1.3515 -1.9683 1.0415 -0.7582 -0.2432 0.1626 0.5827 
713 -1.3547 -1.9685 1.0414 -0.7582 -0.2419 0.1619 0.5835 
714 -1.3574 -1.9684 1.0412 -0.7582 -0.2408 0.162 0.5839 
715 -1.36 -1.968 1.0411 -0.7587 -0.2399 0.16 0.5841 
716 -1.3633 -1.9668 1.0408 -0.7586 -0.2384 0.1564 0.5858 
717 -1.366 -1.9662 1.0413 -0.7587 -0.2365 0.1566 0.5864 
718 -1.3691 -1.9658 1.0413 -0.7586 -0.2358 0.1576 0.5866 
719 -1.3735 -1.965 1.0412 -0.7582 -0.2366 0.1541 0.5878 
720 -1.3767 -1.964 1.041 -0.7605 -0.2359 0.153 0.5853 
721 -1.3805 -1.9631 1.0408 -0.7614 -0.2338 0.1544 0.5847 
722 -1.3859 -1.9617 1.0401 -0.7614 -0.2322 0.1528 0.5857 
723 -1.3897 -1.9608 1.0397 -0.7608 -0.232 0.1519 0.5867 
724 -1.3931 -1.9603 1.0399 -0.7623 -0.2307 0.1512 0.5856 
725 -1.3975 -1.9591 1.0402 -0.7636 -0.2262 0.1504 0.5858 
726 -1.4011 -1.9583 1.0409 -0.7641 -0.2243 0.15 0.586 
727 -1.4048 -1.9578 1.0415 -0.7635 -0.2247 0.1498 0.5866 
728 -1.409 -1.9562 1.0424 -0.7642 -0.2227 0.1476 0.587 
729 -1.4127 -1.9552 1.0433 -0.7647 -0.2211 0.1489 0.5868 
730 -1.416 -1.9543 1.0442 -0.7643 -0.2215 0.1486 0.587 
731 -1.42 -1.9532 1.0455 -0.7649 -0.2213 0.1475 0.5867 
732 -1.423 -1.9526 1.0468 -0.7633 -0.2219 0.1468 0.5887 
733 -1.4269 -1.9518 1.048 -0.7623 -0.2231 0.1475 0.5894 
734 -1.4295 -1.9512 1.0484 -0.7624 -0.223 0.1473 0.5893 
735 -1.4316 -1.9503 1.0487 -0.7627 -0.2214 0.1451 0.5901 
736 -1.4347 -1.9495 1.0492 -0.7636 -0.2183 0.1466 0.5897 
737 -1.4369 -1.9495 1.0496 -0.7639 -0.2194 0.1457 0.5892 
738 -1.4388 -1.9495 1.0497 -0.7632 -0.221 0.1431 0.5901 
739 -1.4415 -1.9493 1.0501 -0.7631 -0.221 0.1432 0.5902 
740 -1.4434 -1.9494 1.0502 -0.7639 -0.2196 0.1443 0.5894 
741 -1.446 -1.9498 1.0501 -0.764 -0.2198 0.1426 0.5896 
742 -1.4481 -1.9506 1.0498 -0.7634 -0.2211 0.141 0.5903 
743 -1.4501 -1.9511 1.0498 -0.7637 -0.2206 0.1417 0.59 
744 -1.4526 -1.9518 1.0494 -0.7649 -0.2183 0.1408 0.5895 
745 -1.4542 -1.9523 1.049 -0.7649 -0.2178 0.1382 0.5902 
746 -1.4564 -1.9532 1.0488 -0.7653 -0.2169 0.1388 0.5899 
747 -1.4594 -1.9544 1.0488 -0.7664 -0.215 0.139 0.5891 
748 -1.4618 -1.9554 1.0487 -0.7664 -0.215 0.1375 0.5894 
749 -1.4641 -1.9561 1.0489 -0.7667 -0.2137 0.1367 0.5898 
750 -1.4676 -1.9576 1.0495 -0.7673 -0.2115 0.1387 0.5893 
751 -1.4705 -1.959 1.0497 -0.767 -0.2127 0.1384 0.5893 
752 -1.4733 -1.9602 1.05 -0.7668 -0.2128 0.1365 0.59 
753 -1.4764 -1.9613 1.0504 -0.7669 -0.2105 0.1375 0.5905 
754 -1.4786 -1.962 1.0506 -0.7683 -0.2069 0.1389 0.5896 
755 -1.4805 -1.9624 1.0504 -0.7695 -0.2052 0.1362 0.5893 
756 -1.4835 -1.9635 1.0506 -0.7696 -0.2046 0.1353 0.5895 
757 -1.4855 -1.9641 1.0508 -0.7699 -0.2032 0.1365 0.5893 
758 -1.4873 -1.9647 1.051 -0.77 -0.2036 0.1373 0.5889 
759 -1.4897 -1.9653 1.0513 -0.7703 -0.2028 0.1351 0.5893 
760 -1.4913 -1.9661 1.0511 -0.7701 -0.2013 0.1355 0.59 
761 -1.4929 -1.9673 1.0514 -0.7702 -0.2034 0.1374 0.5886 
762 -1.4947 -1.9668 1.0513 -0.7686 -0.202 0.1354 0.5917 
763 -1.4956 -1.9668 1.0513 -0.7696 -0.2005 0.1354 0.5909 
764 -1.4963 -1.9668 1.0511 -0.7703 -0.1993 0.1358 0.5903 
765 -1.4972 -1.9666 1.0509 -0.7706 -0.1994 0.1347 0.5901 
766 -1.498 -1.9668 1.0509 -0.7703 -0.2014 0.1333 0.5902 
767 -1.4985 -1.9666 1.051 -0.7694 -0.2025 0.1338 0.5908 
768 -1.4984 -1.9661 1.0513 -0.77 -0.2009 0.1345 0.5904 
769 -1.4981 -1.9654 1.0513 -0.7695 -0.2005 0.1325 0.5917 
770 -1.498 -1.9651 1.0512 -0.7694 -0.2011 0.1316 0.5918 
771 -1.4978 -1.9651 1.0511 -0.7696 -0.2027 0.1328 0.5908 
772 -1.4975 -1.9649 1.0512 -0.7689 -0.2032 0.1309 0.5919 
773 -1.4974 -1.9646 1.0511 -0.7686 -0.2023 0.1303 0.5928 
774 -1.4973 -1.9646 1.051 -0.7693 -0.2021 0.1329 0.5914 
775 -1.4973 -1.9647 1.0508 -0.7684 -0.2038 0.1322 0.592 
776 -1.4974 -1.9647 1.0507 -0.7679 -0.2039 0.1306 0.593 
777 -1.4972 -1.9645 1.0505 -0.7683 -0.2039 0.1307 0.5925 
778 -1.4973 -1.9648 1.0505 -0.7685 -0.2044 0.1322 0.5917 
779 -1.4972 -1.9649 1.0501 -0.7683 -0.2075 0.129 0.5916 
780 -1.4974 -1.9649 1.0499 -0.7677 -0.2091 0.1288 0.5919 
781 -1.497 -1.9645 1.0499 -0.7679 -0.2081 0.1297 0.5918 
782 -1.4966 -1.9642 1.0499 -0.7682 -0.2066 0.1297 0.592 
