0 -3.014697 1.606737 0.005032 -3.007704 1.600271 1.282821
1 -2.26752 0.927082 0.007731 -3.046094 1.617241 0.021146
2 -2.88273 0.190819 -0.002311 -2.25496 0.949671 0.015865
3 -2.886927 0.19703 0.007914 -2.088615 -0.447501 0.005151
4 -2.976462 1.574097 0.018399 -2.993912 1.586346 1.212779
5 -2.262894 0.862131 1.481191 -2.287543 0.913082 0.002919
6 -2.739298 -1.256126 0.00045 -2.096309 -0.441158 0.000423
7 -2.728681 -1.235603 1.310685 -2.737136 -1.238766 0.001347
8 -2.111459 -0.447147 1.302358 -2.103419 -0.465274 0.492247
9 -2.867621 0.202699 -0.002746 -2.254689 0.878578 0.030167
10 -2.720403 -1.233195 0.991617 -2.73735 -1.237684 1.32326
11 -2.778193 -1.243211 1.304122 -2.707185 -1.24097 0.992971
12 -2.098236 -0.464399 0.447987 -2.105904 -0.426045 -0.008959
