0 -2.881738 0.194539 -0.00451
1 -3.007262 1.603295 0.021984
2 -2.530594 1.179239 0.017884
3 -3.008467 1.598146 0.048827
4 -2.615634 0.519528 0.020639
5 -2.856709 0.220228 -0.004257
6 -2.983603 1.595977 0.048125
7 -2.61545 -0.014177 -0.00472
8 -2.858235 0.220703 0.020558
9 -2.85758 0.192536 -0.004328
10 -2.834075 0.224458 0.017522
11 -2.559383 -0.049804 0.020458
12 -2.583005 1.218039 0.00224
13 -2.591145 1.239256 0.016461
14 -2.646417 0.014485 -0.004804
15 -2.552355 1.189305 0.002156
16 -2.465197 1.124709 0.001261
17 -2.83046 0.252919 0.020205
18 -2.702577 0.048953 -0.003608
19 -2.671318 0.020377 -0.003985
20 -2.468586 1.121283 0.01907
21 -2.859126 0.191923 0.020532
22 -2.798085 0.132169 0.020629
23 -2.647881 0.012637 0.021018
24 -2.829603 0.160861 0.020528
25 -2.70376 0.04837 0.021633
26 -2.621474 0.007905 0.01945
27 -2.591134 -0.020863 0.019733
28 -2.588041 0.550903 0.020351
29 -3.000942 1.580654 0.024892
30 -2.772489 0.126519 0.018571
31 -2.710584 0.069132 0.020206
32 -2.679477 0.040848 0.020606
33 -2.820989 0.13867 -0.003233
34 -2.796957 0.134351 -0.004513
35 -2.734954 0.076814 -0.004212
36 -2.682676 0.066817 0.0166
37 -2.560384 -0.021712 0.017574
38 -2.531551 -0.051277 0.018398
39 -2.677246 0.043015 -0.005232
40 -2.588512 -0.017938 -0.005802
41 -2.708292 0.072606 -0.004817
42 -2.791685 0.110335 -0.00265
43 -2.765172 0.10568 -0.003361
44 -2.827317 0.16279 -0.004851
45 -2.584164 -0.042063 -0.003323
46 -2.741016 0.097489 0.019735
47 -2.735521 0.076314 0.020989
48 -2.609374 0.54328 0.021129
49 -2.802526 0.157694 0.017251
50 -2.60914 0.543647 -0.002456
51 -2.651518 0.03681 0.018088
52 -2.851959 0.245738 -0.004013
53 -2.55809 -0.047181 -0.005304
54 -2.760307 0.080519 -0.002209
55 -2.828124 0.251132 -0.005088
56 -2.526427 -0.076771 -0.004675
57 -2.854049 0.16821 -0.003712
58 -2.881263 0.216269 -0.005396
59 -2.5211 -0.100333 -0.003572
60 -2.767127 0.10395 0.020598
61 -2.645199 0.488741 0.020701
62 -2.585183 -0.043141 0.020901
63 -2.501872 -0.081612 0.018545
64 -2.977782 1.571312 0.050151
65 -2.672521 0.019908 0.021906
66 -3.001668 1.580232 0.051084
67 -2.616583 -0.015379 0.021282
68 -2.559844 -0.050387 0.050841
69 -2.521816 -0.100062 0.021543
70 -2.553459 -0.071053 0.021207
71 -2.528762 -0.078923 0.020389
72 -2.285808 0.941904 0.020538
73 -2.832887 0.188354 0.01667
74 -2.822595 0.138557 0.021618
75 -2.281662 0.941352 0.001328
76 -2.639953 -0.008214 -0.003261
77 -2.497009 -0.105345 -0.00444
78 -2.467452 -0.135371 0.021027
79 -2.498327 -0.10729 0.020733
80 -2.471994 -0.111903 0.019424
81 -2.64454 0.487027 -0.002902
82 -2.552694 -0.070852 -0.00383
83 -2.441253 -0.141511 0.019819
84 -2.465899 -0.134281 -0.004308
85 -2.854071 0.167336 0.021426
86 -2.434908 -0.163947 0.021184
87 -2.411304 -0.17092 0.020127
88 -2.490949 -0.129442 -0.003664
89 -2.434811 -0.163189 -0.004246
90 -2.403395 -0.191692 -0.003599
91 -2.377096 -0.197371 -0.004368
92 -2.351935 -0.20303 0.016578
93 -2.38046 -0.200561 0.020097
94 -2.404461 -0.192326 0.020958
95 -2.730964 0.395058 -0.002856
96 -2.672778 0.456371 -0.002189
97 -2.551184 0.606134 -0.001609
98 -2.494212 0.667603 -0.001238
99 -2.736312 0.369511 -0.004072
100 -2.614262 0.518231 -0.002343
101 -2.768711 0.311667 -0.005155
102 -2.557462 0.579708 -0.002205
103 -2.436933 0.729822 -0.001019
104 -2.430654 0.755363 0.000396
105 -2.706985 0.400201 -0.003993
106 -2.585843 0.549461 -0.002509
107 -2.465667 0.698964 -0.0017
108 -2.347035 -0.225992 -0.004193
109 -2.759679 0.363564 -0.003375
110 -2.580452 0.573516 -0.001787
111 -2.522696 0.636706 -0.001271
112 -2.460793 0.723671 -0.001328
113 -2.765257 0.338429 -0.003677
114 -2.702487 0.4256 -0.003131
115 -2.794192 0.308047 -0.003965
116 -2.650559 0.46269 0.020036
117 -2.323384 -0.232963 0.017946
118 -2.460314 -0.159306 -0.005763
119 -2.294156 -0.263526 0.018645
120 -2.824345 0.276982 -0.004385
121 -2.403426 0.787527 -0.000227
122 -2.682989 0.405291 0.017205
123 -2.670702 0.484706 -0.002425
124 -2.372082 -0.219977 -0.002678
125 -2.798605 0.281087 -0.00512
126 -2.677551 0.43064 -0.003388
127 -2.254013 -0.310946 -0.001507
128 -2.284879 -0.283205 -0.003035
129 -2.340562 -0.248868 -0.002289
130 -2.316344 -0.254724 -0.004071
131 -2.879166 0.174184 -0.00402
132 -2.309628 -0.277666 -0.002433
133 -2.196837 -0.346129 -0.001988
134 -2.16539 -0.373595 -0.00077
135 -2.407887 0.760301 -0.000334
136 -2.289537 0.91273 0.018938
137 -2.409383 0.731845 0.017925
138 -2.648901 0.460873 -0.003377
139 -2.133285 -0.401717 -0.000525
140 -2.379315 0.792059 0.018222
141 -2.528496 0.610443 -0.00248
142 -2.221479 -0.339431 -0.001864
143 -2.103203 -0.438614 -0.000173
144 -2.739934 0.341755 -0.005697
145 -2.083853 -0.439049 0.011532
146 -2.28794 0.909958 0.000417
147 -2.288682 0.881166 0.018229
148 -2.260719 0.910998 0.016836
149 -2.106278 -0.439643 0.02004
150 -2.439572 0.701643 0.018482
151 -2.622035 0.464761 0.016114
152 -2.263671 -0.674797 0.016931
153 -2.252949 -0.650882 0.001103
154 -2.174486 -0.554641 0.017949
155 -2.283873 -0.682404 0.021094
156 -2.353612 -0.794617 0.016144
157 -2.282607 -0.684853 0.000907
158 -2.23471 -0.645151 0.01452
159 -2.382524 -0.825871 0.017913
160 -2.220703 -0.594599 0.000661
161 -2.248715 -0.627001 0.001619
162 -2.530982 0.583525 0.017724
163 -2.371936 -0.803336 0.001015
164 -2.192613 -0.563005 0.000566
165 -2.410643 -0.857483 0.019348
166 -2.22667 -0.620236 0.000129
167 -2.400062 -0.835621 0.000803
168 -2.164206 -0.532358 0.000473
169 -2.275836 -0.65887 0.003481
170 -2.25673 -0.649545 0.02028
171 -2.338409 -0.747522 0.001725
172 -2.309557 -0.715734 0.001396
173 -2.292693 -0.706351 0.018567
174 -2.202568 -0.585928 0.019251
175 -2.187528 -0.539102 0.002042
176 -2.343731 -0.771656 0.001126
177 -2.394304 -0.81213 0.003128
178 -2.135406 -0.50078 6e-06
179 -2.322985 -0.765129 0.013544
180 -2.257944 -0.679372 0.00021
181 -2.316061 -0.740442 0.000945
182 -2.197773 -0.589389 -0.000406
183 -2.158192 -0.506831 0.001696
184 -2.145237 -0.523729 0.01615
185 -2.107997 -0.469175 -0.000651
186 -2.372976 -0.802283 0.021046
187 -2.129959 -0.475772 0.000294
188 -2.435576 -0.890995 0.000463
189 -2.429135 -0.867505 0.000198
190 -2.366467 -0.779339 0.001665
191 -2.473423 -0.94503 0.016332
192 -2.503136 -0.975401 0.017992
193 -2.438431 -0.888646 0.020107
194 -2.492148 -0.954502 0.000101
195 -2.500824 0.613039 0.017579
196 -2.457134 -0.898333 -6.7e-05
197 -2.463638 -0.922501 0.000515
198 -2.519687 -0.985283 0.000761
199 -2.320171 -0.738091 0.019832
200 -2.526388 -1.010115 0.000134
201 -2.548288 -1.018003 0.000588
202 -2.486546 -0.928987 -0.000585
203 -2.305321 -0.692152 0.002683
204 -2.680724 -1.216809 0.019356
205 -2.701908 -1.224592 0.000929
206 -2.442547 -0.915235 0.014189
207 -2.530189 -1.007979 0.019721
208 -2.346283 -0.769905 0.020612
209 -2.729544 -1.231633 0.001569
210 -2.11304 -0.466095 0.019422
211 -2.260149 0.882099 0.016563
212 -2.266615 0.857696 0.049571
213 -2.708993 -1.24618 0.018037
214 -2.265972 0.910312 0.681336
215 -2.263016 0.909028 0.980841
216 -2.265848 0.883776 0.050223
217 -2.269009 0.934301 0.620898
218 -2.266131 0.910683 0.65033
219 -2.288573 0.88137 0.050874
220 -2.311174 0.90534 0.021284
221 -2.290611 0.913393 0.050861
222 -2.266345 0.910164 0.620954
223 -2.264137 0.910571 0.890588
224 -2.089009 -0.441708 0.410606
225 -2.263339 0.881738 0.590547
226 -2.263493 0.881739 0.620585
227 -2.104318 -0.439604 0.410674
228 -2.263117 0.881916 0.651115
229 -2.266784 0.911109 0.560307
230 -2.262882 0.881361 0.56063
231 -2.089793 -0.463712 0.438537
232 -2.587136 4.505145 0.143804
