0 0 0 -2.25 0 0 0 1
1 -0.000188677 -0.0160581 -2.2478 -0.0028679 -9.36894e-06 -0.00165003 0.999995
2 0.0049906 -0.0162212 -2.24796 -0.00522928 -0.00175644 -0.00170257 0.999983
3 -0.00329932 -0.027533 -2.24379 -0.00863803 0.000554345 -0.00108405 0.999962
4 -0.00622417 -0.0235672 -2.25201 -0.00749398 0.00194392 -0.00163396 0.999969
5 0.01521 -0.0120153 -2.24991 -0.00574768 -0.00280872 -0.00257368 0.999976
6 0.00385436 -0.00593607 -2.24706 -0.00512034 -2.12472e-05 -0.0021285 0.999985
7 0.00887953 0.00585742 -2.2519 -0.0017062 -0.000993689 -0.00111446 0.999997
8 0.0087584 0.00528328 -2.24767 -0.00157935 -0.00146747 -0.00140063 0.999997
9 0.0106869 0.00195795 -2.24821 -0.00282135 -0.00174565 -0.00247862 0.999991
10 0.00185392 -0.0235614 -2.24586 -0.00846146 0.000351606 -0.00182523 0.999962
11 -0.00247989 -0.0185234 -2.2461 -0.00614892 0.00165041 -0.00193802 0.999978
12 -0.00224153 -0.0037241 -2.25102 -0.00170221 0.00160154 -0.000126988 0.999997
13 0.00670816 -0.00370996 -2.24544 -0.000893512 -0.00128398 -0.0014258 0.999998
14 0.0117081 -0.00607356 -2.25022 -0.000637364 -0.00247406 -0.000385602 0.999997
15 0.0112146 -0.0191813 -2.24685 -0.00387395 -0.00278775 -0.000291384 0.999989
16 -0.00436864 -0.0150293 -2.24568 -0.00259694 0.000764987 -0.000372286 0.999996
17 0.00934185 -0.0315998 -2.24424 -0.00694896 -0.0028421 -0.00210455 0.99997
18 0.0256365 0.0147576 -2.24947 0.00391498 -0.00630926 -0.00267356 0.999969
19 0.000192936 -0.00423446 -2.24943 -0.00172358 -0.000170197 -0.00206743 0.999996
20 -0.00324212 -0.00608223 -2.24926 -0.0024798 0.000804209 -0.00316073 0.999992
21 0.00328397 -0.0109567 -2.25107 -0.00389429 -0.00069714 -0.00306047 0.999987
22 -0.00382747 -0.0284785 -2.2444 -0.00839818 0.000424033 -0.00386301 0.999957
23 0.00249437 -0.00530696 -2.25068 -0.00301989 -0.0010563 -0.00358117 0.999988
24 0.00894017 0.00271369 -2.25119 -0.00155683 -0.00279916 -0.00320538 0.99999
25 0.00129763 -0.0139453 -2.24839 -0.00483829 -0.00120517 -0.00382734 0.99998
26 0.00546978 -0.0161159 -2.24724 -0.00515146 -0.0020422 -0.00506798 0.999972
27 -0.00310476 -0.0209478 -2.24532 -0.00672208 4.27974e-05 -0.00430667 0.999968
28 0.00349252 -0.0192427 -2.24737 -0.00618548 -0.00172974 -0.0055182 0.999964
29 -0.00682764 0.00546145 -2.25058 0.000242334 0.00125828 -0.00450853 0.999989
30 -0.0032163 -0.0193704 -2.24908 -0.0062403 0.000265622 -0.00553193 0.999965
31 0.00525982 -0.010109 -2.24755 -0.0045814 -0.00188146 -0.00629854 0.999968
32 -0.00781981 -0.022448 -2.24802 -0.00704478 0.00112824 -0.00629 0.999955
33 0.00377957 -0.00503693 -2.24669 -0.00320162 -0.00145564 -0.00643171 0.999973
34 -0.00897623 -0.0183577 -2.24827 -0.00724763 0.00177726 -0.0065594 0.999951
35 0.012015 0.00426003 -2.24894 -0.00229473 -0.00196629 -0.0069609 0.999971
36 0.00983272 -0.00127926 -2.24797 -0.00372736 -0.000284293 -0.00653529 0.999972
37 -0.0025471 -0.0148076 -2.24949 -0.00719949 0.00354883 -0.00658808 0.999946
38 -0.00197642 -0.00169817 -2.25247 -0.00627197 0.00438627 -0.00574511 0.999954
39 0.0162842 -0.01756 -2.24403 -0.0107159 -0.000224267 -0.00468272 0.999932
40 0.0143926 0.00440051 -2.24928 -0.0047898 0.00103863 -0.00377879 0.999981
41 -0.00573027 -0.0433775 -2.24549 -0.0161883 0.00566848 -0.00442757 0.999843
42 0.0121889 0.00623973 -2.24789 -0.00396796 0.00233527 -0.00247321 0.999986
43 0.00297325 -0.0110927 -2.24545 -0.00721747 0.00464339 -0.0031604 0.999958
44 0.00049662 0.00243519 -2.24961 -0.00400124 0.0063049 -0.00368267 0.999965
45 -0.00123501 -0.0138742 -2.24708 -0.00873268 0.00775559 -0.00576353 0.999915
46 0.00727285 -0.0093429 -2.2402 -0.00870905 0.0063937 -0.00803967 0.999909
47 -0.00022805 -0.0210254 -2.23861 -0.0121241 0.00856326 -0.00957291 0.999844
48 0.00508853 -0.00815537 -2.2364 -0.0110209 0.00726919 -0.0117128 0.999844
49 0.000442265 -0.0191758 -2.24022 -0.0152829 0.00889848 -0.0129981 0.999759
50 0.00203573 -0.00294361 -2.23113 -0.0122072 0.00848083 -0.0141 0.99979
51 0.00252519 -0.0129335 -2.23304 -0.0148747 0.00802265 -0.0161631 0.999727
52 0.0164824 0.017484 -2.23496 -0.00907576 0.00521932 -0.0153305 0.999828
53 0.00475854 -0.0174005 -2.2279 -0.0192119 0.00714198 -0.019116 0.999607
54 0.0144229 0.00489078 -2.22958 -0.0142207 0.00408442 -0.0181511 0.999726
55 0.00610019 -0.0237227 -2.22513 -0.0213161 0.00432962 -0.019599 0.999571
56 0.00768893 -0.0121769 -2.22403 -0.0179741 0.00262767 -0.0203031 0.999629
57 0.00744737 -0.00177933 -2.21932 -0.0138232 0.00105055 -0.022428 0.999652
58 -0.0010258 -0.0134823 -2.21766 -0.015592 0.00164472 -0.0244022 0.999579
59 -0.00784534 -0.0391268 -2.20715 -0.0220532 0.00164809 -0.0275745 0.999375
60 0.00565658 -0.00368233 -2.21453 -0.012478 -0.00241402 -0.0293951 0.999487
61 0.00585635 -0.011775 -2.20679 -0.0142754 -0.00471809 -0.0313878 0.999394
62 0.00703077 -0.0186563 -2.20145 -0.0159206 -0.00733133 -0.034906 0.999237
63 -0.00995497 -0.0247703 -2.19972 -0.0174223 -0.0054504 -0.0365907 0.999164
64 0.00115745 -0.0103383 -2.20478 -0.0144531 -0.00996441 -0.0395012 0.999065
65 0.0178809 0.00114037 -2.20031 -0.0123465 -0.016086 -0.0421097 0.998907
66 0.00596895 -0.0133955 -2.19849 -0.0138294 -0.0153137 -0.0475845 0.998654
67 0.0174362 -0.00981198 -2.19009 -0.011586 -0.0212348 -0.0487688 0.998517
68 0.00726034 -0.0207085 -2.19079 -0.0143444 -0.0211878 -0.052042 0.998317
69 0.0271314 -0.0132198 -2.18252 -0.0122715 -0.0288398 -0.0536012 0.99807
70 0.0331164 0.000726457 -2.18421 -0.00810235 -0.033122 -0.0542133 0.997947
71 0.012419 -0.0123051 -2.18442 -0.0124075 -0.0307061 -0.0547469 0.997951
72 0.00526238 -0.0307999 -2.17925 -0.0176888 -0.0325412 -0.0578908 0.997636
73 0.0121773 -0.00109316 -2.18099 -0.00894418 -0.0369067 -0.0589566 0.997538
74 0.0180571 -0.00636743 -2.181 -0.0089304 -0.0420586 -0.0620308 0.997148
75 0.0317203 -0.000432112 -2.17168 -0.00821031 -0.0486898 -0.0637886 0.996741
76 0.0419055 -0.00592325 -2.16585 -0.0107006 -0.0550846 -0.0686186 0.996064
77 0.0258646 -0.0123508 -2.16431 -0.0126208 -0.0537941 -0.0706921 0.995967
78 0.0222232 -0.0111602 -2.15765 -0.0120318 -0.0568677 -0.0741719 0.99555
79 0.0217654 -0.00835432 -2.16384 -0.0124089 -0.060599 -0.0767584 0.995129
80 0.0142185 -0.008788 -2.15857 -0.0133668 -0.0626969 -0.0802659 0.99471
81 0.012697 -0.00401691 -2.16037 -0.012409 -0.0669414 -0.0842677 0.994115
82 0.0313615 0.00721644 -2.15783 -0.0115523 -0.0747451 -0.0854131 0.993471
83 0.0459378 0.00152747 -2.1477 -0.0146012 -0.0831631 -0.0893104 0.992418
84 0.0426973 -0.00811215 -2.14159 -0.0176735 -0.0872452 -0.0914637 0.991822
85 0.0239654 -0.0262475 -2.14933 -0.0224359 -0.0870961 -0.0941647 0.991486
86 0.0332032 -0.0108282 -2.14332 -0.0186765 -0.0935932 -0.0973188 0.990667
87 0.02938 -0.0318403 -2.13211 -0.0246327 -0.0968076 -0.0992066 0.99004
88 0.0356615 -0.0119812 -2.13661 -0.0186228 -0.10092 -0.102729 0.989401
89 0.0189981 -0.00588258 -2.14174 -0.0166315 -0.100122 -0.104943 0.989286
90 0.0293193 -0.0244295 -2.1307 -0.0213987 -0.106307 -0.106751 0.988355
91 0.0445062 -0.00171684 -2.12708 -0.0151998 -0.113228 -0.110651 0.987271
92 0.0434581 0.00495898 -2.12868 -0.0148271 -0.116055 -0.110863 0.986925
93 0.0433527 0.00705591 -2.12362 -0.014817 -0.12049 -0.111989 0.986266
94 0.0473298 0.00100387 -2.12045 -0.017296 -0.126457 -0.114944 0.985138
95 0.0450923 -0.0167727 -2.10893 -0.0226593 -0.13195 -0.118204 0.983923
96 0.0491082 0.00032008 -2.10641 -0.0171056 -0.136282 -0.12026 0.983195
97 0.047858 0.00558757 -2.10862 -0.0147649 -0.140197 -0.125169 0.982069
98 0.0488186 0.00787758 -2.10265 -0.0136419 -0.144265 -0.127527 0.981192
99 0.0524435 -0.0193466 -2.09578 -0.018168 -0.150661 -0.129624 0.979882
100 0.0581869 -0.00901718 -2.09367 -0.0129416 -0.15635 -0.133329 0.978576
101 0.0546338 -0.00084646 -2.08781 -0.00916927 -0.159695 -0.133308 0.978081
102 0.0306423 -0.0311739 -2.09321 -0.0150698 -0.158744 -0.134547 0.977993
103 0.0345932 -0.00485607 -2.09329 -0.00562514 -0.163022 -0.136355 0.977138
104 0.0428197 -0.0113861 -2.08517 -0.00500963 -0.169586 -0.138479 0.975725
105 0.0442692 -0.0128013 -2.083 -0.0024456 -0.174362 -0.139977 0.974679
106 0.0499576 0.00149318 -2.08331 0.00241908 -0.178991 -0.140729 0.973731
107 0.0656583 -0.0130686 -2.07473 0.00158874 -0.188085 -0.142879 0.971703
108 0.0635116 0.023628 -2.08143 0.0136343 -0.191246 -0.14311 0.970958
109 0.0625891 0.00626098 -2.07704 0.0114532 -0.197671 -0.142294 0.969818
110 0.0681118 0.00195348 -2.06682 0.0125573 -0.205763 -0.141547 0.968229
111 0.0677452 -0.0212472 -2.05979 0.00883861 -0.212571 -0.142332 0.966684
112 0.061759 0.00438277 -2.06654 0.0174756 -0.215398 -0.141822 0.966015
113 0.0618561 -0.00390996 -2.05918 0.0170925 -0.222368 -0.142617 0.964324
114 0.0649738 -0.019317 -2.04923 0.014756 -0.229697 -0.143427 0.962523
115 0.0639017 -0.0176268 -2.05031 0.0167851 -0.234608 -0.144022 0.961215
116 0.0646631 -0.0266422 -2.04741 0.0157292 -0.241687 -0.145474 0.959259
117 0.061332 -0.0269405 -2.05495 0.0172391 -0.247174 -0.14413 0.958037
118 0.067907 -0.012737 -2.04327 0.0228026 -0.255039 -0.145358 0.95567
119 0.065478 -0.0232251 -2.03784 0.0212585 -0.261744 -0.146549 0.953709
120 0.0586983 -0.0437008 -2.04425 0.0170754 -0.26724 -0.147813 0.952073
121 0.071442 -0.0216483 -2.0296 0.0247074 -0.27661 -0.149083 0.949026
122 0.061946 -0.0449052 -2.02918 0.0195058 -0.281358 -0.14911 0.947746
123 0.0702661 -0.0139024 -2.02639 0.0292931 -0.288561 -0.149371 0.945285
124 0.0684891 -0.0149618 -2.01841 0.0312262 -0.295234 -0.151265 0.942858
125 0.0768198 -0.0185766 -2.00826 0.0311489 -0.303827 -0.151976 0.940012
126 0.071229 -0.0184264 -2.0128 0.0314878 -0.308116 -0.153217 0.938402
127 0.070838 -0.015461 -2.00917 0.0355426 -0.313434 -0.154913 0.936215
128 0.0691254 -0.0184135 -2.00742 0.0330096 -0.319025 -0.154658 0.934459
129 0.0653199 0.00179397 -2.01337 0.0383853 -0.321793 -0.156987 0.932915
130 0.0685776 -0.0148683 -2.005 0.0331252 -0.329877 -0.156818 0.930318
131 0.0684551 -0.0174483 -2.00457 0.0313876 -0.336308 -0.15721 0.928007
132 0.0745375 -0.0271847 -1.99211 0.0300268 -0.345036 -0.16061 0.924258
133 0.0713722 -0.0131134 -2.00038 0.0343038 -0.348713 -0.160709 0.922711
134 0.0756431 -0.00374234 -1.99251 0.0384575 -0.356147 -0.163103 0.919281
135 0.0706898 -0.0278029 -1.99543 0.0296599 -0.363528 -0.163864 0.916578
136 0.077604 -0.00740623 -1.98585 0.0345368 -0.370751 -0.16368 0.913542
137 0.0703337 -0.0235016 -1.99295 0.0303211 -0.376421 -0.163455 0.911411
138 0.0719102 -0.0149924 -1.98938 0.0322926 -0.384524 -0.162275 0.908166
139 0.0670411 -0.0242923 -1.99271 0.0277946 -0.398313 -0.162247 0.902358
140 0.0703763 -0.0149427 -1.98439 0.029357 -0.406902 -0.159979 0.898874
141 0.0696528 -0.00869738 -1.98589 0.02964 -0.41404 -0.159172 0.895744
142 0.0725399 -0.0132766 -1.97538 0.027754 -0.423341 -0.158627 0.891544
143 0.0730138 -0.0202941 -1.96992 0.0254187 -0.431141 -0.157505 0.888067
144 0.075865 -0.0109548 -1.95911 0.028865 -0.439665 -0.155895 0.884058
145 0.0737407 -0.0165804 -1.96554 0.0283521 -0.445784 -0.155189 0.88113
146 0.078507 -0.0165139 -1.95642 0.0283746 -0.454462 -0.155661 0.876601
147 0.0696484 -0.01065 -1.96829 0.0276857 -0.458128 -0.153891 0.875026
148 0.0751063 -0.0134005 -1.95491 0.0281772 -0.467289 -0.155507 0.869865
149 0.0740631 -0.0170174 -1.95387 0.0267654 -0.473651 -0.155628 0.86644
150 0.0673754 -0.0178559 -1.94891 0.0270306 -0.480044 -0.155114 0.862999
151 0.0681324 -0.0114208 -1.94805 0.0288938 -0.4863 -0.154433 0.859551
152 0.0668743 -0.0128898 -1.95339 0.0289706 -0.492089 -0.153976 0.85633
153 0.0628298 -0.0128829 -1.95094 0.0289338 -0.497691 -0.153511 0.853171
154 0.0647692 -0.0171034 -1.93803 0.0284506 -0.509799 -0.15301 0.846099
155 0.0707711 -0.0081034 -1.93858 0.0293414 -0.515093 -0.15211 0.843019
156 0.0643496 -0.0105867 -1.93154 0.0284292 -0.521811 -0.151335 0.839049
157 0.0572266 -0.00910011 -1.94027 0.027347 -0.525277 -0.152056 0.836788
158 0.0610334 -0.0180925 -1.9323 0.0260409 -0.532499 -0.154398 0.831822
159 0.0510857 -0.015246 -1.93083 0.0262109 -0.537724 -0.154051 0.828513
160 0.0526568 -0.0157167 -1.92513 0.0267548 -0.544195 -0.156149 0.823865
161 0.0595548 -0.0134315 -1.92757 0.0257146 -0.548983 -0.156143 0.820716
162 0.0469121 -0.0132698 -1.92623 0.026394 -0.553719 -0.158422 0.817069
163 0.0461487 -0.0135417 -1.92856 0.0250514 -0.559415 -0.158395 0.813227
164 0.0518371 -0.011659 -1.92199 0.024545 -0.56629 -0.158193 0.80851
165 0.0497111 -0.0169673 -1.91186 0.0226206 -0.573546 -0.15751 0.80357
166 0.0434335 -0.0218662 -1.92295 0.0217136 -0.576514 -0.158595 0.801253
167 0.0389313 -0.0132899 -1.91917 0.0225411 -0.581604 -0.158375 0.797587
168 0.0490322 -0.0125836 -1.92058 0.0227473 -0.586722 -0.158413 0.793817
169 0.0385799 -0.0048644 -1.92371 0.0228459 -0.59133 -0.15514 0.791036
170 0.0441222 -0.00739314 -1.91511 0.0215924 -0.598186 -0.156142 0.785701
171 0.0421581 -0.0119542 -1.91059 0.0185804 -0.603734 -0.155793 0.781594
172 0.0430059 -0.0100122 -1.90814 0.0172538 -0.609312 -0.15379 0.777682
173 0.0407202 0.00581861 -1.91511 0.0177422 -0.613848 -0.149709 0.774896
174 0.0393906 -0.0286515 -1.90594 0.00976395 -0.621071 -0.15316 0.768582
175 0.0406319 -0.0102176 -1.91125 0.0111031 -0.626009 -0.148685 0.765429
176 0.0384998 -0.0247566 -1.90577 0.00639113 -0.633122 -0.149112 0.759527
177 0.0370387 0.00010131 -1.92389 0.00779475 -0.636086 -0.143583 0.758102
178 0.0361873 -0.0077219 -1.91274 0.00608668 -0.644075 -0.14289 0.751474
179 0.0362066 -0.00429765 -1.91081 0.00507188 -0.650296 -0.140751 0.746511
180 0.0383879 0.0121558 -1.90993 0.00648008 -0.6562 -0.136586 0.742094
181 0.0367684 -0.00303841 -1.89094 0.00265008 -0.665371 -0.136294 0.733961
182 0.0375375 -0.00422774 -1.91763 0.000282411 -0.674985 -0.132991 0.725747
183 0.037651 -0.00233885 -1.91685 0.0011114 -0.681962 -0.130688 0.719616
184 0.0344285 0.000530516 -1.91328 0.00128135 -0.689324 -0.129107 0.712855
185 0.03923 0.00255372 -1.93072 -0.000730909 -0.693234 -0.128522 0.70916
186 0.0317964 -0.00431136 -1.90312 -0.000716607 -0.703229 -0.129865 0.699002
187 0.0149711 -0.0055156 -1.87177 -0.00104867 -0.713879 -0.131286 0.687851
188 0.0233218 0.00530408 -1.88706 -0.00247611 -0.717498 -0.130684 0.684187
189 0.0246739 0.000565723 -1.88362 -0.000620904 -0.723686 -0.132565 0.677277
190 0.0288723 0.000260957 -1.88622 -4.49779e-06 -0.729237 -0.131797 0.671448
191 0.123717 0.100976 -2.03598 0.00762292 -0.711695 -0.117003 0.692635
192 -0.00611037 -0.0274641 -1.85152 -0.00184571 -0.745533 -0.137925 0.652039
193 0.0706738 0.0225433 -1.95564 0.000671504 -0.734438 -0.130123 0.666085
194 0.0527888 0.0154145 -1.93043 0.000240159 -0.743514 -0.130675 0.655828
195 0.0296667 -0.0142478 -1.89126 -0.00290576 -0.753652 -0.134871 0.643281
196 0.0447304 0.0124897 -1.91148 -0.0013626 -0.755535 -0.130461 0.641985
197 0.0700395 0.0400873 -1.93767 0.000583654 -0.755801 -0.125115 0.642737
198 0.0308995 -0.000219097 -1.90187 -0.00367329 -0.766288 -0.130273 0.62914
199 0.0580092 0.0226146 -1.91876 -0.00246701 -0.767396 -0.125876 0.628691
200 0.0398548 0.0202872 -1.90175 -0.00376078 -0.774489 -0.125373 0.620028
201 0.0413534 0.00489881 -1.89955 -0.0051247 -0.778653 -0.126835 0.614481
202 0.0400506 0.00752676 -1.90294 -0.00596735 -0.782547 -0.124897 0.609906
203 0.0372438 0.0201628 -1.89583 -0.00388562 -0.787496 -0.121422 0.604228
204 0.0798539 0.0411017 -1.93893 -0.00413816 -0.784776 -0.116371 0.608742
205 0.0725521 0.0385919 -1.92349 -0.00360287 -0.790912 -0.11443 0.601124
206 0.0423801 0.021761 -1.90058 -0.00443541 -0.798597 -0.11452 0.590854
207 0.0464492 0.0119181 -1.90413 -0.00647718 -0.801608 -0.113655 0.586912
208 0.0424887 0.0279337 -1.89629 -0.00619969 -0.806264 -0.109279 0.581342
209 0.0510153 0.0212016 -1.90668 -0.00823971 -0.808178 -0.109015 0.578702
210 0.0741548 0.0455498 -1.93151 -0.00749549 -0.807916 -0.103542 0.580081
211 0.0229476 0.00489563 -1.8847 -0.011545 -0.818141 -0.10816 0.564636
212 0.0416353 0.0131367 -1.90472 -0.0121 -0.818203 -0.105102 0.565111
213 0.0361279 0.0239433 -1.89708 -0.0119357 -0.822164 -0.102111 0.55989
214 0.0617975 0.029732 -1.92684 -0.0120182 -0.820691 -0.0993762 0.562536
215 0.0686047 0.0385007 -1.92941 -0.0101593 -0.823159 -0.0967819 0.55941
216 0.0594667 0.037466 -1.92386 -0.0111212 -0.827204 -0.0941033 0.553855
217 0.0604598 0.0269353 -1.91913 -0.0123119 -0.83043 -0.0934245 0.549096
218 0.0659145 0.0257351 -1.93132 -0.0119899 -0.831853 -0.0917601 0.547226
219 0.0739655 0.0495961 -1.94222 -0.00698651 -0.833231 -0.086793 0.546026
220 0.0472355 0.024285 -1.91245 -0.00913493 -0.839754 -0.0879803 0.535713
221 0.0697922 0.024939 -1.93645 -0.00817434 -0.838676 -0.0859065 0.537751
222 0.0481211 0.02231 -1.91193 -0.00855371 -0.844327 -0.0828925 0.529308
223 0.070429 0.0307938 -1.93507 -0.00674876 -0.843498 -0.0799395 0.531108
224 0.0597783 0.0116925 -1.92825 -0.00919439 -0.847018 -0.0795091 0.525504
225 0.0714868 0.0274248 -1.9423 -0.00665506 -0.848068 -0.0750048 0.524511
226 0.0637858 0.0247426 -1.93708 -0.00700743 -0.85124 -0.0718979 0.519781
227 0.0474391 0.0118166 -1.92797 -0.00866946 -0.854678 -0.0709145 0.514219
228 0.0663641 0.0308634 -1.95169 -0.00568361 -0.853564 -0.0665743 0.516686
229 0.066261 0.0498406 -1.94925 -0.00210364 -0.855596 -0.0619469 0.51392
230 0.0700012 0.0545437 -1.94592 -0.00184231 -0.857579 -0.0586011 0.511
231 0.0723221 0.0536278 -1.95378 -0.000339243 -0.858498 -0.0560649 0.509744
232 0.0669756 0.0467726 -1.94341 -0.000680294 -0.861164 -0.0539522 0.505456
233 0.0655415 0.03246 -1.94562 -0.000199233 -0.862094 -0.0538858 0.503875
234 0.0558893 0.0378106 -1.9446 0.00154738 -0.863623 -0.0508984 0.501559
235 0.044316 0.0289528 -1.93223 -0.00225422 0.866161 0.0501629 -0.497237
236 0.0622672 0.0368926 -1.94756 -0.0062396 0.865734 0.0449188 -0.498446
237 0.0656436 0.0269403 -1.95257 -0.00645008 0.866393 0.0428193 -0.497481
238 0.0738249 0.0255944 -1.95591 -0.00798116 0.866821 0.0398744 -0.496959
239 0.0616391 0.0378397 -1.94808 -0.0126236 0.869166 0.034636 -0.493144
240 0.054605 0.0362137 -1.95508 -0.0147681 0.86998 0.0303426 -0.491931
241 0.0517087 0.0180148 -1.95119 -0.0143231 0.871123 0.0290241 -0.489996
242 0.0600332 0.0280817 -1.95661 -0.0181753 0.870929 0.024438 -0.490465
243 0.0596981 0.0283646 -1.9634 -0.0195613 0.870776 0.0208023 -0.490849
244 0.0510199 0.0169817 -1.95892 -0.0170442 0.872442 0.0188235 -0.488057
245 0.0473675 0.0172826 -1.95076 -0.0185708 0.873886 0.0159412 -0.485514
246 0.0563593 0.0186772 -1.9624 -0.0191276 0.873596 0.0117279 -0.486134
247 0.0345029 0.0193192 -1.95476 -0.0210201 0.875765 0.0079533 -0.482214
248 0.0488854 0.0030061 -1.95986 -0.0200562 0.875522 0.00697053 -0.482712
249 0.0382577 -0.00537505 -1.95358 -0.0201997 0.877446 0.00439922 -0.479229
250 0.0350252 0.00357576 -1.96065 -0.0239016 0.878129 -0.000577141 -0.477827
251 0.0406006 0.000318523 -1.96191 -0.0251674 0.878931 -0.00364256 -0.47627
252 0.0422971 -0.00104378 -1.96482 -0.026578 0.880036 -0.00712321 -0.474109
253 0.0408356 -0.00561838 -1.96499 -0.0289627 0.881189 -0.0100721 -0.471768
254 0.0397117 -0.00601472 -1.96832 -0.0313841 0.882106 -0.013611 -0.469807
255 0.0389925 0.00411852 -1.9693 -0.0350373 0.883167 -0.0186158 -0.467378
256 0.0331373 -1.7057e-05 -1.97219 -0.0362648 0.88437 -0.0208991 -0.464906
257 0.037527 -0.00669357 -1.97605 -0.0371644 0.885204 -0.0220305 -0.463193
258 0.0372995 -0.017286 -1.9739 -0.036085 0.886876 -0.0237524 -0.459983
259 0.0410764 -0.0193104 -1.97702 -0.0379635 0.887913 -0.0269143 -0.457651
260 0.034834 -0.00354249 -1.97964 -0.0418659 0.8891 -0.031495 -0.454705
261 0.0355741 -0.0135813 -1.98094 -0.0413652 0.890579 -0.0324158 -0.451783
262 0.0401784 -0.00808648 -1.98435 -0.0435074 0.891658 -0.0353413 -0.449226
263 0.0270959 -0.00655585 -1.98527 -0.045678 0.893736 -0.0388047 -0.444571
264 0.031391 -0.0109207 -1.98737 -0.0467285 0.894978 -0.0403068 -0.441821
265 0.0357981 -0.0148844 -1.98775 -0.0472038 0.896221 -0.040652 -0.439212
266 0.0445258 -0.0135864 -1.99177 -0.0483419 0.897172 -0.0421504 -0.436999
267 0.0321425 -0.00956473 -1.99114 -0.0509203 0.89901 -0.0447744 -0.432647
268 0.0274126 -0.0107109 -1.99474 -0.0524805 0.900092 -0.0472487 -0.429939
269 0.05342 -0.0245385 -1.99636 -0.0512142 0.900187 -0.0468975 -0.429931
270 0.025582 -0.0177539 -1.9957 -0.0526828 0.902451 -0.0493742 -0.424699
271 0.0250082 -0.0184389 -1.99789 -0.052349 0.90382 -0.0514768 -0.421567
272 0.0321124 -0.0139442 -2.00027 -0.0541413 0.904855 -0.0538614 -0.418813
273 0.0412095 -0.0274542 -2.00038 -0.0521716 0.906077 -0.0533092 -0.416486
274 0.0235278 -0.0135168 -2.00149 -0.0550617 0.907806 -0.0560688 -0.411962
275 0.0204803 -0.0189733 -2.0054 -0.0546643 0.909208 -0.0571237 -0.408766
276 0.0375372 -0.0156315 -2.0084 -0.0563857 0.909495 -0.0587579 -0.40766
277 0.032352 -0.0145166 -2.01102 -0.0579944 0.910529 -0.0599567 -0.404942
278 0.0404423 -0.0285233 -2.01077 -0.0563294 0.911609 -0.0586054 -0.402941
279 0.0275811 -0.0244013 -2.0132 -0.0568532 0.913103 -0.0600227 -0.399259
280 0.0262287 -0.025243 -2.01496 -0.0568516 0.914472 -0.0608569 -0.395986
281 0.0163874 -0.0176782 -2.01626 -0.0583296 0.916253 -0.0622549 -0.39141
282 0.0253088 -0.0202819 -2.01677 -0.0575147 0.917768 -0.061966 -0.388013
283 0.0341141 -0.0256767 -2.02048 -0.0567391 0.919342 -0.061287 -0.384494
284 0.0176348 -0.0159709 -2.02266 -0.0581497 0.921554 -0.0622071 -0.378798
285 0.0171068 -0.0133227 -2.02459 -0.057375 0.923328 -0.0625918 -0.374506
286 0.02143 -0.0209505 -2.02422 -0.0547793 0.925298 -0.0617464 -0.370148
287 -0.00318555 -0.0160276 -2.02581 -0.0539539 0.928133 -0.0621167 -0.363041
288 -0.00519402 -0.00331748 -2.02948 -0.0535342 0.929726 -0.0634189 -0.358777
289 0.0122874 -0.0176041 -2.02958 -0.0493314 0.931172 -0.0625092 -0.355777
290 0.0153461 -0.0188324 -2.03267 -0.0480522 0.932812 -0.0623353 -0.351663
291 0.0149991 -0.0231292 -2.0332 -0.0464482 0.934523 -0.0605096 -0.347632
292 0.005636 -0.0167616 -2.03295 -0.044723 0.936324 -0.0610891 -0.342878
293 -0.00174074 -0.0151986 -2.03567 -0.0442588 0.937871 -0.0617923 -0.338557
294 -0.000410812 -0.0191587 -2.03774 -0.0425859 0.939392 -0.0616005 -0.334565
295 -0.0202189 -0.0149866 -2.03902 -0.0426285 0.941412 -0.0622298 -0.328715
296 0.00377872 -0.012071 -2.04138 -0.0427302 0.941899 -0.0613115 -0.327476
297 0.0038348 -0.0158188 -2.04021 -0.0406049 0.943493 -0.059629 -0.323444
298 -0.0112237 -0.0147238 -2.04446 -0.0402544 0.945327 -0.0590543 -0.318195
299 -0.0183682 -0.0121071 -2.04561 -0.0394064 0.946922 -0.0580774 -0.313707
300 -0.0085994 -0.0132205 -2.04609 -0.0372219 0.948081 -0.0567876 -0.310695
301 -0.0105955 -0.0184925 -2.04588 -0.034702 0.949691 -0.0555983 -0.306255
302 -0.0224855 -0.0157082 -2.05013 -0.0355997 0.951274 -0.0549438 -0.301318
303 -0.0153135 -0.0165662 -2.05072 -0.0348748 0.952501 -0.0533506 -0.297791
304 -0.0193672 -0.0191843 -2.05109 -0.0353939 0.954105 -0.052337 -0.29273
305 -0.0331321 -0.0190602 -2.05347 -0.0364858 0.955855 -0.0523228 -0.286832
306 -0.0199433 -0.0168344 -2.05612 -0.0372989 0.956633 -0.0521508 -0.284154
307 -0.0290547 -0.00777403 -2.05407 -0.0385488 0.958088 -0.0520896 -0.279049
308 -0.0203157 -0.013582 -2.05705 -0.0384505 0.959153 -0.0498592 -0.275792
309 -0.0233723 -0.016055 -2.06066 -0.0377477 0.96055 -0.0495368 -0.271044
310 -0.0400929 -0.0168497 -2.05891 -0.0381633 0.962313 -0.0492499 -0.264711
311 -0.0390559 -0.0203719 -2.05941 -0.0370682 0.963612 -0.0482934 -0.260281
312 -0.0369459 -0.0169531 -2.05988 -0.0354137 0.965091 -0.0485072 -0.254935
313 -0.0408846 -0.0161517 -2.06261 -0.034836 0.96662 -0.0479291 -0.249268
314 -0.0492416 -0.00852902 -2.06414 -0.0355873 0.968118 -0.0477802 -0.243306
315 -0.0362584 -0.0171898 -2.06062 -0.0346299 0.969046 -0.0453905 -0.240188
316 -0.0555794 -0.0146308 -2.06947 -0.0353776 0.970417 -0.0436555 -0.234806
317 -0.0497851 -0.0146305 -2.06377 -0.033497 0.971318 -0.0419237 -0.231651
318 -0.0496259 -0.0133702 -2.06933 -0.0330352 0.972042 -0.0415021 -0.228738
319 -0.064477 -0.0211539 -2.06981 -0.0320403 0.973159 -0.0403627 -0.224288
320 -0.0574462 -0.0130793 -2.07147 -0.0312557 0.973613 -0.040146 -0.222462
321 -0.063537 -0.00638518 -2.0738 -0.0300514 0.974368 -0.0395787 -0.219401
322 -0.0648884 -0.0159929 -2.07232 -0.0284451 0.975255 -0.0373793 -0.216035
323 -0.0621839 -0.015389 -2.07254 -0.0284297 0.975903 -0.0364531 -0.213253
324 -0.0548824 -0.00566245 -2.07362 -0.0276016 0.97641 -0.0363749 -0.211043
325 -0.0770389 -0.0138655 -2.0793 -0.0277405 0.977557 -0.0343368 -0.205993
326 -0.0771733 -0.0168852 -2.07818 -0.0273828 0.978031 -0.0327517 -0.204042
327 -0.0709756 -0.011681 -2.08199 -0.0262083 0.978192 -0.0323545 -0.203485
328 -0.0738049 -0.0150912 -2.08553 -0.0253323 0.978511 -0.0307921 -0.202302
329 -0.07783 -0.00331953 -2.08497 -0.0254619 0.978816 -0.030919 -0.200786
330 -0.0627077 -0.000804215 -2.08565 -0.0244624 0.978788 -0.029882 -0.201203
331 -0.0811881 -0.00362345 -2.092 -0.0245411 0.979341 -0.0281502 -0.198736
332 -0.0748641 -0.00461507 -2.09051 -0.0242174 0.979448 -0.026796 -0.198436
333 -0.0786539 -0.00250932 -2.09437 -0.0251334 0.979612 -0.0258332 -0.197642
334 -0.0748156 -0.00777931 -2.09551 -0.0241567 0.979627 -0.022024 -0.198147
335 -0.0834519 -0.00459401 -2.10279 -0.0253284 0.979818 -0.0200266 -0.197269
336 -0.0965752 -0.0140339 -2.10635 -0.0245931 0.980321 -0.0173945 -0.195096
337 -0.0783856 -0.00037629 -2.10386 -0.024668 0.98019 -0.0170535 -0.195776
338 -0.0837165 -0.00825496 -2.10708 -0.0246611 0.980555 -0.0153274 -0.194087
339 -0.0907539 -0.014621 -2.11196 -0.0233742 0.98101 -0.0148497 -0.19197
340 -0.0741691 -0.00275185 -2.11264 -0.023606 0.980861 -0.0162314 -0.192588
341 -0.0852595 0.000145031 -2.11781 -0.0243022 0.981169 -0.0161887 -0.190933
342 -0.0890207 -0.00857581 -2.11851 -0.0241809 0.981356 -0.0136135 -0.190186
343 -0.0875037 -0.00979494 -2.1265 -0.0230082 0.981487 -0.0125579 -0.189727
344 -0.0809473 -0.00407249 -2.12175 -0.0237204 0.981536 -0.01257 -0.189385
345 -0.107701 -0.00973835 -2.12989 -0.024193 0.982145 -0.0122333 -0.186161
346 -0.0809697 0.00302377 -2.12915 -0.0230399 0.981687 -0.0131966 -0.188642
347 -0.101727 -0.00586039 -2.13365 -0.0227846 0.982099 -0.011579 -0.186621
348 -0.104663 -0.00529958 -2.13884 -0.0224987 0.982128 -0.0106265 -0.18656
349 -0.0903149 -0.00932092 -2.136 -0.0206841 0.98193 -0.00889818 -0.187899
350 -0.104813 -0.0074133 -2.14221 -0.0197893 0.982243 -0.00803251 -0.186391
351 -0.0808586 0.00016861 -2.14141 -0.018157 0.981876 -0.00734671 -0.188509
352 -0.107333 -0.0120041 -2.14959 -0.017806 0.982551 -0.00560261 -0.185053
353 -0.102369 -0.00223217 -2.14731 -0.0166479 0.982633 -0.00690964 -0.184682
354 -0.0967374 -0.00643446 -2.15469 -0.0158146 0.982648 -0.00647043 -0.184689
355 -0.107352 -0.00982929 -2.16114 -0.0151782 0.983154 -0.00640442 -0.182034
356 -0.112684 -0.00923261 -2.15459 -0.0142397 0.983707 -0.00722432 -0.179069
357 -0.0991386 -0.00185418 -2.15744 -0.0137884 0.983774 -0.00928203 -0.178641
358 -0.0976001 0.00123057 -2.15971 -0.0125354 0.984106 -0.00910124 -0.176903
359 -0.104378 0.000972408 -2.16688 -0.0116292 0.984722 -0.00748182 -0.173585
360 -0.100247 -0.0118989 -2.1699 -0.00998396 0.985293 -0.00524231 -0.170501
361 -0.111201 -0.00212391 -2.17083 -0.0106613 0.986172 -0.00602925 -0.165272
362 -0.10371 -0.00225565 -2.17577 -0.0104326 0.986675 -0.00467744 -0.162301
363 -0.100879 -0.00178498 -2.16873 -0.010444 0.987276 -0.00390655 -0.158624
364 -0.102876 0.00433535 -2.17921 -0.0112002 0.987808 -0.00584476 -0.155166
365 -0.107819 -0.00178759 -2.17465 -0.0121667 0.988455 -0.00582439 -0.150913
366 -0.107793 0.00473383 -2.17962 -0.0115281 0.989099 -0.00572763 -0.146686
367 -0.104645 -0.000486376 -2.18576 -0.0116814 0.989704 -0.00415199 -0.142589
368 -0.109866 0.00367212 -2.18671 -0.0125593 0.990427 -0.00407695 -0.137401
369 -0.106076 -0.00428383 -2.18757 -0.0117941 0.991072 -0.00352041 -0.132761
370 -0.108876 -0.00212018 -2.19511 -0.0122957 0.991715 -0.00503957 -0.127768
371 -0.116304 -0.00650439 -2.19618 -0.0111756 0.992506 -0.0058959 -0.121543
372 -0.0996551 -0.00284965 -2.20315 -0.0106781 0.992853 -0.00854657 -0.11856
373 -0.109388 -0.00287687 -2.19872 -0.0106723 0.993529 -0.010923 -0.112549
374 -0.110348 0.00173292 -2.20624 -0.00927535 0.993985 -0.0125886 -0.108391
375 -0.108596 0.00622326 -2.19374 -0.00773141 0.994415 -0.0131397 -0.104437
376 -0.107562 -0.00491408 -2.20372 -0.00701312 0.994702 -0.0142703 -0.101559
377 -0.108625 0.00595978 -2.20394 -0.00684989 0.99509 -0.016824 -0.0972931
378 -0.106024 0.000686164 -2.21046 -0.00688698 0.995476 -0.0161352 -0.0933807
379 -0.118871 0.00124956 -2.21218 -0.00634534 0.995975 -0.0170173 -0.0877697
380 -0.122645 0.00903588 -2.20925 -0.00600673 0.996283 -0.0181778 -0.0839879
381 -0.109566 -0.00046793 -2.21479 -0.00375237 0.996471 -0.0174503 -0.0820131
382 -0.11276 0.000957738 -2.2208 -0.00274366 0.99678 -0.0180141 -0.0780925
383 -0.108481 0.00256779 -2.22907 -0.00111366 0.996982 -0.0191884 -0.0752188
384 -0.118388 -0.00824423 -2.22978 -0.000849663 0.997304 -0.0184892 -0.0710121
385 -0.120963 -0.000659443 -2.22525 -0.000818739 0.997543 -0.0194873 -0.067285
386 -0.124362 -0.00131418 -2.22866 -9.76629e-05 0.99779 -0.0207879 -0.0631144
387 -0.117498 -0.00897387 -2.22648 9.75337e-06 0.997924 -0.0213453 -0.0607668
388 -0.128364 0.00433441 -2.22591 -0.00069055 0.998097 -0.0239624 -0.0568057
389 -0.12961 0.00941708 -2.23767 -0.000466515 0.998182 -0.0257645 -0.0544805
390 -0.129227 -0.0104103 -2.24151 0.000189728 0.998292 -0.0255042 -0.0525674
391 -0.126833 -0.00565586 -2.24197 -0.000195246 0.998283 -0.0276559 -0.051631
392 -0.125807 0.00234728 -2.24763 0.000420033 0.99828 -0.0299799 -0.0503724
393 -0.13478 -0.0115452 -2.25242 0.00174145 0.998403 -0.0298316 -0.0479472
394 -0.128298 0.00213228 -2.25092 0.00179884 0.998309 -0.0327427 -0.0479882
395 -0.128489 -0.0115195 -2.24749 0.00185002 0.998355 -0.0329958 -0.0468597
396 -0.140432 0.00252606 -2.25657 0.00169524 0.998323 -0.0373119 -0.0442203
397 -0.134675 -0.00607465 -2.25885 0.0014283 0.998365 -0.0373687 -0.0432354
398 -0.129686 -0.00806418 -2.26348 0.00177177 0.998407 -0.0379463 -0.0417183
399 -0.142983 -0.0166588 -2.27096 0.000920638 0.998518 -0.0390075 -0.0379371
400 -0.138646 -0.0130655 -2.26735 0.000526154 0.998532 -0.0408248 -0.0356062
401 -0.146345 -0.000991362 -2.27129 0.000583546 0.998481 -0.0444849 -0.0325045
402 -0.143071 -0.0221734 -2.27045 0.000880922 0.998529 -0.0446227 -0.0307883
403 -0.137334 -0.00424465 -2.27192 0.000550527 0.998349 -0.0498713 -0.028505
404 -0.148828 -0.0105772 -2.27343 -0.000839993 0.998403 -0.0505753 -0.0251567
405 -0.142018 -0.0155243 -2.27444 -0.0011073 0.998297 -0.0529337 -0.024478
406 -0.139809 -0.00942901 -2.27809 -0.00169833 0.998174 -0.0557131 -0.0232773
407 -0.145458 -0.00634148 -2.27846 -0.00169853 0.998138 -0.0573522 -0.0206871
408 -0.137821 -0.0174049 -2.27687 -0.00145664 0.998193 -0.0567377 -0.0197324
409 -0.14802 -0.0174529 -2.2773 -0.000765865 0.998119 -0.0590397 -0.0165038
410 -0.138587 -0.0292953 -2.28234 -0.00068933 0.998065 -0.0599909 -0.0163335
411 -0.147574 -0.0160721 -2.28365 -0.000518592 0.997887 -0.0634661 -0.013888
412 -0.149616 -0.0162408 -2.29291 -0.000295182 0.997836 -0.0645241 -0.0126378
413 -0.144225 -0.0233922 -2.29328 0.00138595 0.997884 -0.0639712 -0.0115482
414 -0.149741 -0.0144026 -2.29446 0.00266058 0.997761 -0.0661975 -0.00915072
415 -0.157166 -0.00543788 -2.2881 0.00372892 0.997641 -0.0683183 -0.00558303
416 -0.1591 -0.00783373 -2.29641 0.0057239 0.997505 -0.0703159 -0.00276303
417 -0.143749 -0.0182904 -2.30778 0.00596733 0.997394 -0.0718431 -0.00275022
418 -0.161219 -0.0102356 -2.29775 0.00412865 0.997143 -0.0754245 0.000904798
419 -0.152723 -0.010614 -2.30269 0.00386078 0.997013 -0.0771326 0.00107782
420 -0.147492 -0.0215599 -2.31171 0.00438736 0.996984 -0.0774877 0.000379089
421 -0.143793 -0.0208677 -2.31412 0.00477219 0.996844 -0.0792399 0.000199397
422 -0.154771 -0.013592 -2.31112 0.00390061 0.996688 -0.0812198 0.000923689
423 -0.148526 -0.0299117 -2.31874 0.00232324 0.996624 -0.0820546 -0.00121487
424 -0.137565 -0.0385862 -2.32593 0.000990283 0.996546 -0.082937 -0.00406151
425 -0.148728 -0.0326429 -2.31876 -0.000979964 0.99646 -0.0839761 -0.00375303
426 -0.157361 -0.035197 -2.32298 -0.00251044 0.996461 -0.0838642 -0.00509613
427 -0.149106 -0.0312463 -2.3295 -0.00280545 0.996328 -0.0852452 -0.0074193
428 -0.152325 -0.028825 -2.32771 -0.00462951 0.996294 -0.0855311 -0.00778496
429 -0.160233 0.00797712 -2.33263 -0.00441673 0.995845 -0.0906284 -0.00768074
430 -0.149334 -0.0205221 -2.33958 -0.00401564 0.996039 -0.0883099 -0.00954675
431 -0.155617 -0.0345008 -2.34406 -0.00404381 0.996045 -0.088258 -0.00945781
432 -0.150268 -0.0276469 -2.34276 -0.00270334 0.995854 -0.0902316 -0.0112304
433 -0.153631 -0.0275932 -2.34669 -0.00266793 0.995807 -0.0907393 -0.011277
434 -0.141657 -0.0250876 -2.35158 -0.001323 0.995501 -0.0937985 -0.0133361
435 -0.140655 -0.0252632 -2.35718 -0.0027983 0.995225 -0.0964825 -0.0144839
436 -0.150218 -0.0248894 -2.35704 -0.00451063 0.995056 -0.0981504 -0.0145068
437 -0.135413 -0.0308667 -2.36885 -0.00594272 0.994853 -0.0995678 -0.0178578
438 -0.140105 -0.0284834 -2.366 -0.00763544 0.994633 -0.101579 -0.0181111
439 -0.142551 -0.0337766 -2.36504 -0.00835091 0.994426 -0.103408 -0.0188344
440 -0.145259 -0.0268694 -2.36548 -0.00863209 0.994045 -0.106866 -0.0194822
441 -0.144745 -0.0343169 -2.37348 -0.00845199 0.993884 -0.108118 -0.0208103
442 -0.138456 -0.0286607 -2.37703 -0.00870846 0.993647 -0.109762 -0.0232958
443 -0.143749 -0.0209666 -2.37383 -0.00837467 0.993558 -0.11058 -0.0233535
444 -0.138218 -0.0221018 -2.38138 -0.00906646 0.993595 -0.109962 -0.0244095
445 -0.147716 -0.0323445 -2.38186 -0.00900303 0.993879 -0.107628 -0.0232497
446 -0.148686 -0.0328687 -2.38355 -0.00971838 0.99382 -0.108083 -0.0233559
447 -0.143203 -0.0391451 -2.38458 -0.00911486 0.993761 -0.10842 -0.024525
448 -0.15264 -0.027614 -2.38437 -0.00763584 0.993669 -0.109566 -0.0236554
449 -0.144319 -0.0328467 -2.39524 -0.007298 0.993429 -0.111329 -0.0255308
450 -0.140494 -0.0297607 -2.39215 -0.00655574 0.993148 -0.113678 -0.0263064
451 -0.142896 -0.0273497 -2.39181 -0.00557431 0.992857 -0.116007 -0.0272996
452 -0.140838 -0.0227532 -2.40072 -0.004847 0.992582 -0.118057 -0.0286258
453 -0.141785 -0.0375444 -2.40067 -0.00417847 0.992799 -0.116161 -0.0289579
454 -0.1442 -0.0402931 -2.40658 -0.00400876 0.992773 -0.116319 -0.0292671
455 -0.154788 -0.0297044 -2.40392 -0.00469802 0.992422 -0.119458 -0.0283893
456 -0.142044 -0.0239877 -2.41237 -0.00451292 0.992087 -0.12169 -0.0305841
457 -0.147095 -0.0239355 -2.41721 -0.00392947 0.99173 -0.1248 -0.0296864
458 -0.149605 -0.0259202 -2.42026 -0.00507815 0.991494 -0.126749 -0.0291152
459 -0.152196 -0.0246093 -2.41441 -0.00555787 0.991298 -0.128429 -0.0283297
460 -0.148985 -0.0251187 -2.41857 -0.0055185 0.990865 -0.131521 -0.0292999
461 -0.151856 -0.0226859 -2.42586 -0.00522966 0.990497 -0.13432 -0.0291101
462 -0.154024 -0.0366515 -2.4277 -0.00713465 0.990502 -0.134118 -0.029443
463 -0.148575 -0.0269258 -2.43173 -0.00826337 0.990023 -0.137112 -0.0313992
464 -0.152538 -0.034053 -2.43124 -0.00938249 0.990052 -0.13679 -0.0315751
465 -0.156016 -0.0351153 -2.4361 -0.0092459 0.990031 -0.136817 -0.0321718
466 -0.151092 -0.03427 -2.44213 -0.00990559 0.989884 -0.137359 -0.0341061
467 -0.159692 -0.0405323 -2.44311 -0.00964424 0.989748 -0.138277 -0.0344245
468 -0.160855 -0.0288263 -2.4454 -0.00989108 0.989457 -0.14029 -0.0345711
469 -0.157901 -0.0347704 -2.45028 -0.00929336 0.988907 -0.14377 -0.0361612
470 -0.154938 -0.0354971 -2.45117 -0.011231 0.987992 -0.149301 -0.0381341
471 -0.158008 -0.0535303 -2.4548 -0.0130282 0.987485 -0.152001 -0.039983
472 -0.161672 -0.0383851 -2.45708 -0.0146928 0.986846 -0.155667 -0.0410688
473 -0.165693 -0.0354567 -2.45806 -0.0152754 0.986494 -0.157524 -0.0422102
474 -0.163046 -0.0374061 -2.46449 -0.0160543 0.985921 -0.160525 -0.0439704
475 -0.16988 -0.0471698 -2.4733 -0.0166691 0.985719 -0.161547 -0.0445375
476 -0.15726 -0.0482999 -2.47626 -0.0161805 0.985479 -0.162392 -0.0468874
477 -0.158538 -0.0437407 -2.47281 -0.0169297 0.98516 -0.164449 -0.0461506
478 -0.160044 -0.0453532 -2.4785 -0.016696 0.984867 -0.166411 -0.0454487
479 -0.166969 -0.046212 -2.47833 -0.0165322 0.984718 -0.167817 -0.0435319
480 -0.174271 -0.0402249 -2.47372 -0.0173698 0.984459 -0.169932 -0.040778
481 -0.167213 -0.0465106 -2.47693 -0.016735 0.984031 -0.172471 -0.0407004
482 -0.158581 -0.0549364 -2.48945 -0.0172441 0.98388 -0.173207 -0.0410111
483 -0.172783 -0.0557377 -2.48584 -0.017485 0.983907 -0.173726 -0.0379632
484 -0.161231 -0.0415228 -2.49135 -0.0174261 0.98342 -0.176363 -0.0384344
485 -0.162681 -0.0455994 -2.48804 -0.0171939 0.983459 -0.176599 -0.0364157
486 -0.172778 -0.0433477 -2.49238 -0.0164773 0.983257 -0.178399 -0.0332883
487 -0.170938 -0.0532252 -2.49447 -0.016246 0.983173 -0.179255 -0.0312152
488 -0.172148 -0.0460459 -2.49638 -0.0161103 0.98287 -0.181388 -0.0283679
489 -0.170632 -0.058716 -2.49968 -0.0163971 0.983203 -0.180027 -0.0251698
490 -0.175442 -0.0590626 -2.49902 -0.0156905 0.983245 -0.180398 -0.0209722
491 -0.16691 -0.0517556 -2.50365 -0.0149672 0.982933 -0.182515 -0.0175201
492 -0.184533 -0.0590058 -2.49661 -0.0143013 0.983121 -0.182036 -0.0115105
493 -0.176893 -0.0588004 -2.50454 -0.0144501 0.982855 -0.183647 -0.00774475
494 -0.172487 -0.0550071 -2.50769 -0.0131644 0.982522 -0.185646 -0.00365757
495 -0.173724 -0.0458513 -2.5138 -0.0122465 0.982026 -0.18835 0.000275617
496 -0.170191 -0.0482962 -2.51597 -0.0122877 0.981913 -0.188923 0.00220658
497 -0.17021 -0.0524158 -2.51745 -0.0125741 0.982017 -0.188313 0.004831
498 -0.168496 -0.0484672 -2.51338 -0.0125823 0.981956 -0.18857 0.00677777
499 -0.183898 -0.0448841 -2.50898 -0.0121136 0.981383 -0.191308 0.0119272
500 -0.173938 -0.0523762 -2.51833 -0.0115037 0.980997 -0.193207 0.0135834
501 -0.171122 -0.0522038 -2.52476 -0.0115894 0.980789 -0.194077 0.0159172
502 -0.173759 -0.0504618 -2.52648 -0.011476 0.980681 -0.194374 0.0187521
503 -0.145919 -0.0697715 -2.54012 -0.0103656 0.981163 -0.192075 0.0178715
504 -0.169502 -0.0498857 -2.52983 -0.0098278 0.980599 -0.194191 0.0248638
505 -0.169814 -0.0553526 -2.53474 -0.00837177 0.980475 -0.194339 0.0288082
506 -0.196079 -0.0481288 -2.52274 -0.00746237 0.979996 -0.19558 0.0360772
507 -0.176691 -0.0591411 -2.53798 -0.00625798 0.979959 -0.195729 0.0364872
508 -0.162879 -0.0636882 -2.55005 -0.00488698 0.979622 -0.197038 0.0386294
509 -0.164652 -0.0575012 -2.54781 -0.00357007 0.979208 -0.198257 0.0428108
510 -0.178584 -0.0489145 -2.54383 -0.00264796 0.978767 -0.199312 0.0477833
511 -0.167864 -0.0474747 -2.5515 -0.000433363 0.978495 -0.200683 0.0476904
512 -0.198145 -0.0329101 -2.53368 0.000752652 0.977698 -0.20286 0.0543437
513 -0.151282 -0.0701338 -2.56459 0.00176436 0.9787 -0.19934 0.0490692
514 -0.154515 -0.0557387 -2.56307 0.00433143 0.977938 -0.202626 0.0506037
515 -0.177458 -0.0511684 -2.54802 0.00495936 0.977564 -0.203129 0.0555252
516 -0.186317 -0.0436382 -2.54305 0.00657995 0.976991 -0.205102 0.0581299
517 -0.187241 -0.0208485 -2.55447 0.00946436 0.975896 -0.209789 0.0593785
518 -0.139994 -0.0742839 -2.57554 0.00882217 0.977443 -0.204005 0.0539411
519 -0.15389 -0.0610441 -2.56679 0.00977391 0.976767 -0.206162 0.0576822
520 -0.145397 -0.0722727 -2.57805 0.0120183 0.976852 -0.205385 0.0585948
521 -0.159601 -0.0494085 -2.57931 0.0119825 0.97591 -0.208561 0.0629195
522 -0.152478 -0.0588571 -2.57794 0.012627 0.976133 -0.206854 0.0649331
523 -0.146561 -0.0655791 -2.58663 0.0133752 0.976394 -0.205037 0.0666008
524 -0.134865 -0.06691 -2.59076 0.0153191 0.976471 -0.203991 0.0682498
525 -0.150926 -0.0542895 -2.58411 0.0164861 0.975974 -0.20423 0.0741201
526 -0.147034 -0.0558922 -2.59257 0.0186721 0.976113 -0.202257 0.077122
527 -0.144252 -0.0706406 -2.59655 0.0200114 0.976681 -0.198122 0.0802616
528 -0.164653 -0.0554406 -2.57785 0.0215537 0.976155 -0.19756 0.0873292
529 -0.142014 -0.0599774 -2.60196 0.0231443 0.976573 -0.195253 0.0874397
530 -0.16068 -0.054854 -2.59173 0.0240512 0.976542 -0.192788 0.0928412
531 -0.166333 -0.0499146 -2.58839 0.0248809 0.976569 -0.190601 0.0967746
532 -0.163565 -0.0507409 -2.58911 0.0264598 0.976456 -0.18942 0.099771
533 -0.156684 -0.049608 -2.59631 0.0278275 0.97645 -0.188248 0.10166
534 -0.155309 -0.0504584 -2.59652 0.0289536 0.976443 -0.186318 0.104914
535 -0.158198 -0.0489163 -2.60031 0.0299985 0.976235 -0.185062 0.108713
536 -0.155239 -0.0724747 -2.60081 0.0298018 0.97713 -0.17882 0.111137
537 -0.15388 -0.0641762 -2.60368 0.0296186 0.977126 -0.176921 0.114218
538 -0.143774 -0.0668203 -2.60302 0.0304797 0.97735 -0.174344 0.11603
539 -0.150288 -0.0535551 -2.60418 0.0306031 0.976845 -0.173857 0.120875
540 -0.142772 -0.0621076 -2.60703 0.0311202 0.976985 -0.170849 0.123868
541 -0.184586 -0.0359097 -2.59197 0.0295432 0.975561 -0.171281 0.134429
542 -0.15233 -0.0536994 -2.60881 0.0315813 0.975938 -0.168433 0.134824
543 -0.145359 -0.0476287 -2.61056 0.0325066 0.975285 -0.168338 0.139372
544 -0.156664 -0.0472531 -2.6099 0.0307067 0.974787 -0.165465 0.146524
545 -0.164063 -0.0384368 -2.60893 0.0317139 0.974057 -0.163262 0.153469
546 -0.146118 -0.0434286 -2.62106 0.0319681 0.973937 -0.160502 0.15705
547 -0.181108 -0.0274261 -2.6031 0.0322821 0.972649 -0.157987 0.167189
548 -0.163636 -0.0473128 -2.60788 0.0320319 0.973003 -0.152667 0.170096
549 -0.164384 -0.0333341 -2.61117 0.0336185 0.971769 -0.15371 0.175806
550 -0.150214 -0.0390303 -2.61467 0.0346902 0.971474 -0.151968 0.17872
551 -0.154226 -0.0432343 -2.61464 0.0350952 0.97106 -0.148876 0.183432
552 -0.167352 -0.0287795 -2.60936 0.0353911 0.969907 -0.148076 0.190006
553 -0.162474 -0.0427043 -2.618 0.034012 0.969698 -0.14453 0.194009
554 -0.166804 -0.0344496 -2.61614 0.0356313 0.968582 -0.144791 0.199033
555 -0.165513 -0.0375907 -2.61397 0.036303 0.967927 -0.143521 0.20298
556 -0.175133 -0.0403358 -2.61403 0.0346279 0.967266 -0.141285 0.207934
557 -0.166779 -0.0301129 -2.61533 0.0345047 0.966883 -0.140654 0.21015
558 -0.178545 -0.0523754 -2.615 0.0328883 0.966589 -0.136426 0.214506
559 -0.163078 -0.0376041 -2.61868 0.0331952 0.966143 -0.137187 0.215976
560 -0.167767 -0.0497359 -2.6128 0.0314887 0.966004 -0.133183 0.219333
561 -0.160119 -0.0243083 -2.6213 0.032543 0.965098 -0.135651 0.221645
562 -0.16796 -0.0379057 -2.61932 0.0307929 0.964712 -0.132358 0.22553
563 -0.16928 -0.019769 -2.62221 0.031185 0.96386 -0.132605 0.22895
564 -0.169947 -0.0272389 -2.62359 0.0299918 0.963448 -0.130098 0.232255
565 -0.16673 -0.0301766 -2.62138 0.0293625 0.963088 -0.127706 0.235139
566 -0.168566 -0.0222058 -2.622 0.0295331 0.962387 -0.127107 0.238292
567 -0.176665 -0.0259891 -2.6262 0.0296059 0.961664 -0.124048 0.24277
568 -0.168547 -0.0286594 -2.62387 0.0295817 0.961458 -0.121689 0.244775
569 -0.175368 -0.0255985 -2.62923 0.0313266 0.960543 -0.119546 0.249166
570 -0.17055 -0.0309602 -2.6242 0.0307226 0.960191 -0.116261 0.252137
571 -0.173309 -0.0240579 -2.62737 0.0324258 0.958964 -0.115232 0.257017
572 -0.180997 -0.0300054 -2.63459 0.0333256 0.957671 -0.112319 0.262946
573 -0.174758 -0.0205161 -2.62901 0.034953 0.956942 -0.110817 0.266008
574 -0.178903 -0.0272213 -2.63362 0.0347978 0.955853 -0.107589 0.271217
575 -0.17087 -0.0241035 -2.63134 0.0357913 0.9551 -0.105584 0.274508
576 -0.17462 -0.0249407 -2.62974 0.0361709 0.954182 -0.102358 0.278839
577 -0.17972 -0.0204299 -2.63705 0.0357787 0.952812 -0.100729 0.284118
578 -0.183273 -0.0189853 -2.63924 0.0355052 0.951659 -0.0984392 0.288781
579 -0.171808 -0.0250943 -2.63025 0.0343759 0.951546 -0.0950932 0.290407
580 -0.172108 -0.0215101 -2.63332 0.032369 0.950299 -0.0937832 0.295108
581 -0.171216 -0.0154943 -2.63315 0.0327355 0.949139 -0.091888 0.299367
582 -0.172345 -0.0126569 -2.63354 0.0315559 0.948089 -0.0907674 0.303138
583 -0.174715 -0.0198762 -2.63364 0.0298986 0.947301 -0.086529 0.306985
584 -0.171397 -0.0115788 -2.63615 0.0297961 0.946187 -0.0851544 0.310791
585 -0.181588 -0.0165475 -2.64359 0.0281766 0.944553 -0.0823527 0.316612
586 -0.170202 -0.0201118 -2.63259 0.029236 0.944301 -0.0784589 0.318252
587 -0.17397 -0.0184353 -2.64087 0.02742 0.942747 -0.0770922 0.323316
588 -0.171282 -0.0214902 -2.63827 0.0278458 0.941844 -0.0737323 0.326678
589 -0.174143 -0.0161708 -2.6355 0.027779 0.940741 -0.0727511 0.330063
590 -0.174448 -0.013055 -2.63515 0.0279268 0.939698 -0.0700486 0.333587
591 -0.175475 -0.0155795 -2.63792 0.0269555 0.938615 -0.0674235 0.337237
592 -0.172198 -0.0188058 -2.64054 0.0265525 0.937678 -0.0654327 0.340256
593 -0.169936 -0.0112792 -2.63872 0.0276438 0.936759 -0.0640859 0.342945
594 -0.17441 -0.0182846 -2.64201 0.0264925 0.935639 -0.060998 0.346638
595 -0.17081 -0.0113259 -2.63106 0.0273744 0.935235 -0.0596563 0.34789
596 -0.174785 -0.0121457 -2.63736 0.0272486 0.933838 -0.0584286 0.351839
597 -0.177542 -0.00471357 -2.63663 0.0272327 0.932579 -0.0584573 0.355158
598 -0.176586 -0.0148726 -2.64394 0.02666 0.931243 -0.0558986 0.359097
599 -0.175259 -0.00827127 -2.6358 0.0272014 0.930506 -0.0550158 0.361099
600 -0.171452 -0.00315089 -2.63825 0.0280186 0.929295 -0.0540177 0.364292
601 -0.172391 -0.00534105 -2.63887 0.0288365 0.92816 -0.0506766 0.367587
602 -0.174814 -0.00209714 -2.63882 0.0274846 0.926892 -0.0494519 0.371039
603 -0.178593 -0.00726139 -2.64247 0.0276424 0.925068 -0.0468067 0.375891
604 -0.171821 -0.00186943 -2.63511 0.0272999 0.924353 -0.0470733 0.377638
605 -0.17742 -0.00752266 -2.64355 0.027255 0.922531 -0.0454006 0.382273
606 -0.172999 -0.00975013 -2.64391 0.0265996 0.921431 -0.0443244 0.385088
607 -0.176249 -0.00297631 -2.63844 0.0262989 0.920397 -0.0444794 0.387555
608 -0.175483 -0.0036259 -2.64373 0.0256817 0.918976 -0.0427612 0.391145
609 -0.176525 -0.00696638 -2.64087 0.026059 0.917807 -0.040745 0.39407
610 -0.176867 0.000898124 -2.63739 0.0262827 0.916296 -0.040319 0.397599
611 -0.177131 0.00151261 -2.64514 0.0261604 0.914633 -0.0399958 0.40145
612 -0.169826 -0.000136486 -2.63466 0.0282266 0.913648 -0.03947 0.403601
613 -0.1723 -0.00140376 -2.63644 0.0304652 0.911224 -0.0385058 0.408975
614 -0.176035 -0.00327041 -2.64598 0.0308862 0.908445 -0.0365573 0.415256
615 -0.172562 0.00385777 -2.63586 0.0313296 0.907324 -0.0353891 0.417767
616 -0.177833 0.00456489 -2.64076 0.0308613 0.905214 -0.0334261 0.422514
617 -0.169802 -0.00528821 -2.64454 0.0288893 0.903843 -0.0294131 0.425874
618 -0.169263 0.00490059 -2.63587 0.02934 0.902087 -0.0282648 0.429626
619 -0.168333 0.00337601 -2.63951 0.028418 0.899884 -0.027487 0.434334
620 -0.170554 -0.00608369 -2.6446 0.0265335 0.897755 -0.0265166 0.438896
621 -0.168879 0.00703778 -2.63982 0.0274554 0.896475 -0.0276556 0.441378
622 -0.169044 -0.00457286 -2.64723 0.0256285 0.894554 -0.0256175 0.445488
623 -0.167989 0.00233284 -2.63954 0.0251823 0.893537 -0.025537 0.447555
624 -0.163568 0.00631073 -2.63266 0.0256315 0.8924 -0.0254881 0.449795
625 -0.165947 -0.000310236 -2.64173 0.0249578 0.889743 -0.0248396 0.455102
626 -0.163123 0.00201575 -2.64792 0.0251221 0.887825 -0.0242511 0.458854
627 -0.158389 0.000719813 -2.63982 0.0253922 0.886693 -0.0232408 0.461076
628 -0.15848 0.00133451 -2.63538 0.0258905 0.885271 -0.0240829 0.46373
629 -0.156358 0.000864619 -2.64042 0.0248363 0.883534 -0.0253287 0.467021
630 -0.159944 0.00222251 -2.64393 0.0242439 0.881446 -0.0253148 0.470983
631 -0.154044 0.00124702 -2.63683 0.0235105 0.880332 -0.025259 0.473102
632 -0.153054 0.00318543 -2.63665 0.0240723 0.878302 -0.0263649 0.476771
633 -0.153473 -0.00352504 -2.64056 0.0238295 0.876125 -0.0265844 0.48076
634 -0.154501 -0.00479009 -2.64555 0.0239963 0.873517 -0.0269261 0.485455
635 -0.145994 0.00575961 -2.63669 0.0254938 0.872395 -0.0290934 0.487269
636 -0.145486 0.00195889 -2.6399 0.0248697 0.870338 -0.0300072 0.490911
637 -0.143279 0.0026346 -2.63531 0.0246325 0.869017 -0.029933 0.493261
638 -0.139488 0.00197143 -2.63726 0.0240929 0.867402 -0.030672 0.496077
639 -0.141803 -0.00567655 -2.64159 0.0236006 0.865308 -0.0297055 0.499802
640 -0.137792 0.00408269 -2.63813 0.0245473 0.863877 -0.0321531 0.502076
641 -0.13613 0.00203774 -2.63955 0.0235891 0.862389 -0.0321519 0.504673
642 -0.136029 0.00042898 -2.64517 0.0242963 0.860702 -0.0321365 0.507512
643 -0.131891 0.00171621 -2.63919 0.0247316 0.860067 -0.0324279 0.508549
644 -0.123707 -0.00362709 -2.63442 0.023936 0.859464 -0.031003 0.509693
645 -0.127576 -0.000820091 -2.63664 0.0239254 0.857972 -0.0312534 0.512187
646 -0.123144 0.00459899 -2.63429 0.0246558 0.857051 -0.0326397 0.513605
647 -0.118516 0.00523512 -2.63273 0.0246233 0.856159 -0.0326499 0.515092
648 -0.117572 0.0044209 -2.63558 0.02362 0.855138 -0.0322398 0.516857
649 -0.113384 0.00242723 -2.62746 0.0229806 0.855022 -0.0316154 0.517117
650 -0.110532 -0.00377312 -2.63157 0.021195 0.853815 -0.0312912 0.519203
651 -0.109568 -0.00347106 -2.6304 0.0210816 0.853354 -0.0314515 0.519955
652 -0.104004 0.00290247 -2.63021 0.0207205 0.853466 -0.0322001 0.51974
653 -0.102566 0.000734688 -2.63257 0.0208383 0.853105 -0.0318298 0.520351
654 -0.0976668 -0.00235807 -2.62789 0.0204286 0.853589 -0.0309853 0.519623
655 -0.0937016 0.00173408 -2.62527 0.0204961 0.853987 -0.0316958 0.518924
656 -0.0939809 0.00192609 -2.62793 0.0206245 0.853098 -0.0315677 0.520386
657 -0.0882406 0.000568948 -2.62354 0.02095 0.852998 -0.0306055 0.520594
658 -0.0881923 -0.00320571 -2.62541 0.0209639 0.852481 -0.0298294 0.521485
659 -0.0898141 -0.0015582 -2.6324 0.0210994 0.8518 -0.0297991 0.522593
660 -0.0810906 0.00470525 -2.61981 0.0212674 0.852801 -0.0298737 0.520948
661 -0.0794743 0.0029905 -2.62115 0.0207048 0.85279 -0.0294229 0.521013
662 -0.077359 -0.00248327 -2.6232 0.0196465 0.853249 -0.0278993 0.520386
663 -0.0730952 0.00488947 -2.61625 0.0187539 0.854208 -0.028182 0.518829
664 -0.0736517 0.00247348 -2.62482 0.0167975 0.853811 -0.0261763 0.519653
665 -0.0710993 0.0031305 -2.62565 0.0157181 0.853708 -0.0244989 0.519939
666 -0.0675374 0.00683907 -2.62181 0.0143586 0.853892 -0.0237681 0.519709
667 -0.0649696 0.00327613 -2.61594 0.011795 0.854299 -0.0222021 0.519173
668 -0.0669238 0.0122407 -2.62273 0.00952128 0.853654 -0.0218076 0.520297
669 -0.0610575 0.0107721 -2.62167 0.00683478 0.854027 -0.0206858 0.519772
670 -0.056762 0.0106018 -2.6203 0.00505295 0.854248 -0.0199911 0.519457
671 -0.0527776 0.00755809 -2.61467 0.00270391 0.85491 -0.0176543 0.518468
672 -0.0548958 0.0110222 -2.62145 0.00218311 0.854145 -0.0155321 0.519798
673 -0.0462471 0.00860515 -2.61877 0.00116694 0.854176 -0.014585 0.519779
674 -0.042902 0.00935541 -2.61672 0.00172596 0.854156 -0.0135615 0.519836
675 -0.0505751 0.00966999 -2.62836 0.000461767 0.852562 -0.0124907 0.522477
676 -0.0408155 0.00911668 -2.62055 -0.000188242 0.852866 -0.011561 0.522002
677 -0.0426467 0.00812936 -2.62951 4.31429e-05 0.851104 -0.010116 0.5249
678 -0.0329119 0.00988764 -2.62363 0.00125534 0.850704 -0.00860706 0.525574
679 -0.0359432 0.0119641 -2.62734 0.00298645 0.848695 -0.00844587 0.528806
680 -0.0304463 0.0156663 -2.62492 0.00459685 0.847216 -0.00859418 0.53116
681 -0.0288486 0.0121354 -2.62967 0.00568037 0.845333 -0.00695184 0.534164
682 -0.0245671 0.00840455 -2.63126 0.00680914 0.844274 -0.00613029 0.535833
683 -0.0277868 0.0163372 -2.63379 0.00841296 0.843574 -0.00735386 0.536897
684 -0.0214263 0.0152645 -2.63513 0.00763815 0.843633 -0.00526471 0.536841
685 -0.0215441 0.00982317 -2.63868 0.00588284 0.843688 -0.00247599 0.536796
686 -0.0099205 0.0196139 -2.62955 0.00575489 0.845202 -0.00260855 0.534409
687 -0.00939437 0.013497 -2.63546 0.00481153 0.8454 0.000802913 0.534112
688 -0.0105171 0.0130877 -2.64416 0.00326172 0.845052 0.00249549 0.534668
689 -0.00262315 0.0108967 -2.64045 0.00251744 0.8461 0.00295737 0.533009
690 -0.0063986 0.013617 -2.65142 0.00181825 0.845399 0.00104705 0.534131
691 0.00879936 0.0144827 -2.63895 0.00115816 0.847378 -0.000107516 0.53099
692 0.00851016 0.0160518 -2.64648 0.000758876 0.847401 -1.21844e-05 0.530953
693 0.00575639 0.0172104 -2.6514 -0.000402374 0.847432 0.000326039 0.530904
694 0.013223 0.0106663 -2.65223 -0.00234875 0.847826 0.0020259 0.530266
695 0.0131669 0.0126416 -2.65935 -0.00363063 0.847699 0.00291235 0.530458
696 0.0184499 0.0160112 -2.6632 -0.00219611 0.84832 0.00266719 0.529472
697 0.0243126 0.0117741 -2.66171 -0.00396758 0.849878 0.00631025 0.526927
698 0.0254409 0.0129349 -2.66282 -0.00420534 0.850366 0.00709327 0.526126
699 0.0268856 0.00619349 -2.66934 -0.00608741 0.850275 0.00905151 0.526226
700 0.0396976 0.0115464 -2.66048 -0.00597743 0.851716 0.010873 0.523856
701 0.0187841 0.0230171 -2.68886 -0.00578547 0.848911 0.0122777 0.528362
702 0.0271099 0.0260943 -2.68011 -0.00518515 0.850624 0.0142552 0.525556
703 0.0336594 0.0196183 -2.67484 -0.00555118 0.851949 0.0173086 0.52331
704 0.0332592 0.0111278 -2.68041 -0.00763269 0.852218 0.0208606 0.522714
705 0.0305994 0.0219302 -2.69229 -0.00813476 0.851643 0.0208876 0.523643
706 0.0474081 0.0241112 -2.67118 -0.00807032 0.854321 0.0209483 0.519261
707 0.0488193 0.0158731 -2.67227 -0.00816165 0.854829 0.0222824 0.518367
708 0.0424433 0.0203847 -2.68715 -0.00850423 0.854239 0.0231595 0.519295
709 0.0518012 0.0175548 -2.6811 -0.0085734 0.855759 0.0249468 0.516701
710 0.0412352 0.0274034 -2.69762 -0.0077942 0.855238 0.0235026 0.517643
711 0.0564276 0.0174067 -2.68084 -0.0102894 0.858477 0.0255847 0.51211
712 0.0458251 0.0138127 -2.6979 -0.0129123 0.857863 0.0275813 0.512976
713 0.0540807 0.026018 -2.69278 -0.0124043 0.859996 0.0261798 0.509478
714 0.0701478 0.0160495 -2.67506 -0.0137592 0.863544 0.0267744 0.503373
715 0.0766414 0.0277617 -2.67113 -0.0124835 0.865986 0.0239243 0.499339
716 0.0728451 0.026516 -2.67605 -0.0124962 0.867455 0.0237931 0.496789
717 0.0621973 0.0288448 -2.69345 -0.0124154 0.867571 0.0235124 0.496602
718 0.0887629 0.0239663 -2.66286 -0.0133189 0.872546 0.0250989 0.487705
719 0.0805336 0.0246127 -2.67528 -0.0131164 0.873172 0.0270081 0.486487
720 0.089245 0.0328102 -2.67139 -0.0119889 0.875709 0.0259173 0.481995
721 0.0909609 0.0191719 -2.67462 -0.0129903 0.877205 0.0277964 0.479135
722 0.0802506 0.0215099 -2.69355 -0.0121592 0.877251 0.0275947 0.479084
723 0.0840371 0.0135112 -2.69296 -0.0128952 0.879161 0.0292275 0.475452
724 0.100196 0.0201397 -2.67619 -0.0124457 0.882447 0.0291189 0.469345
725 0.0990366 0.0166914 -2.67662 -0.0145754 0.88421 0.0308258 0.465844
726 0.0986266 0.0142158 -2.68221 -0.0135879 0.885511 0.0313237 0.463362
727 0.111585 0.0228747 -2.66899 -0.0106386 0.888934 0.0305993 0.456889
728 0.115862 0.0290612 -2.6619 -0.00865399 0.891297 0.0321322 0.452197
729 0.110053 0.00976868 -2.67678 -0.010443 0.892036 0.0362291 0.450389
730 0.116768 0.0245544 -2.67209 -0.00751497 0.894835 0.0358531 0.444891
731 0.133709 0.0147498 -2.6554 -0.00829207 0.898644 0.0380938 0.436943
732 0.117457 0.0106637 -2.67736 -0.00792295 0.898704 0.0388866 0.436756
733 0.14466 0.0204661 -2.65078 -0.00618922 0.903504 0.0381437 0.426834
734 0.128957 0.0119702 -2.67001 -0.0070275 0.903529 0.0394446 0.42665
735 0.140978 0.0226965 -2.65627 -0.00617422 0.906959 0.0393147 0.419334
736 0.136303 0.00433889 -2.66458 -0.00967999 0.908138 0.0419694 0.41645
737 0.143032 0.0231025 -2.66121 -0.00652539 0.910694 0.0395613 0.411132
738 0.157794 0.0211348 -2.64613 -0.00698997 0.913853 0.0415429 0.403854
739 0.14668 0.0216508 -2.66042 -0.00840367 0.914127 0.0439078 0.402957
740 0.144021 0.0174359 -2.66362 -0.0108449 0.915352 0.0462283 0.399845
741 0.162319 0.0237934 -2.64855 -0.0124942 0.918499 0.0461012 0.392528
742 0.130437 -0.00323869 -2.69014 -0.0164378 0.916008 0.0508579 0.397584
743 0.149493 0.0230226 -2.66439 -0.016302 0.919416 0.0475812 0.390057
744 0.162167 0.000550598 -2.65636 -0.0179309 0.920711 0.0502781 0.386577
745 0.152864 0.00797918 -2.66373 -0.0170282 0.920572 0.0474921 0.387301
746 0.173799 0.032479 -2.645 -0.0170162 0.923668 0.0466035 0.379969
747 0.17455 0.0187676 -2.64479 -0.0193717 0.924332 0.0487587 0.377965
748 0.164451 0.0227526 -2.65423 -0.0195045 0.924072 0.0475008 0.378753
749 0.186669 0.0335212 -2.62959 -0.0179856 0.926829 0.0461179 0.372207
750 0.193579 0.0285618 -2.62924 -0.0188331 0.927863 0.0456433 0.369638
751 0.170911 0.0142875 -2.65962 -0.0183653 0.926474 0.0462904 0.373049
752 0.177469 0.0232619 -2.65026 -0.0168058 0.928501 0.0450194 0.368207
753 0.167463 0.0212307 -2.65712 -0.0154 0.929184 0.044375 0.36662
754 0.201827 0.0370376 -2.61926 -0.0123963 0.933923 0.0428371 0.354682
755 0.183544 0.0154783 -2.64921 -0.0159903 0.933314 0.0474183 0.355558
756 0.201483 0.0419332 -2.62215 -0.0138387 0.937138 0.0466441 0.34555
757 0.179105 -0.00885616 -2.65718 -0.0199548 0.936187 0.0571747 0.346246
758 0.193086 0.00495269 -2.64936 -0.0181752 0.938868 0.0568395 0.339066
759 0.183943 0.0326292 -2.63683 -0.0155806 0.940671 0.0549989 0.334469
760 0.205775 0.0257533 -2.61399 -0.0141861 0.944187 0.0595013 0.323682
761 0.21589 0.00832514 -2.62111 -0.0133261 0.945845 0.0653532 0.317692
762 0.191963 0.0187544 -2.64478 -0.0117745 0.945937 0.0655276 0.317445
763 0.198038 0.0128703 -2.6392 -0.0135381 0.947879 0.0685212 0.31088
764 0.216312 0.0202322 -2.64123 -0.0109789 0.950193 0.0714308 0.303166
765 0.209821 0.0126416 -2.63376 -0.00784716 0.951738 0.0746935 0.297579
766 0.235422 0.0230579 -2.61863 -0.0049529 0.954582 0.0751276 0.288278
767 0.210789 0.0241023 -2.64638 -0.00667148 0.953974 0.0751473 0.290245
768 0.237686 0.0250907 -2.59628 -0.00058006 0.957294 0.0775374 0.278525
769 0.221251 0.0163117 -2.63618 -0.00146909 0.956122 0.0781386 0.282353
770 0.230334 0.0087431 -2.62465 0.00274714 0.956863 0.0822234 0.278647
771 0.2083 0.00395845 -2.62558 0.00330332 0.956155 0.0833357 0.280735
772 0.229185 0.041572 -2.63937 0.00443793 0.956748 0.0771014 0.28048
773 0.222133 0.00353501 -2.65338 0.00205625 0.955528 0.0834403 0.282842
774 0.256226 0.00698574 -2.61401 0.00596163 0.957476 0.0839892 0.275954
775 0.228111 0.0391321 -2.6117 0.000325563 0.956931 0.0748106 0.280511
776 0.240081 -0.0063222 -2.657 -0.00126678 0.955018 0.0836539 0.2845
777 0.21386 0.017915 -2.66311 -0.00358666 0.953859 0.0756866 0.290537
778 0.261459 0.0187138 -2.61144 -0.00186128 0.956715 0.0721641 0.281931
779 0.235353 0.0163859 -2.64578 -0.00424279 0.953853 0.0682114 0.292393
780 0.242775 0.0488923 -2.61429 -0.00486661 0.954722 0.0583007 0.29169
781 0.237008 0.016523 -2.6472 -0.00906737 0.952895 0.0592824 0.297311
782 0.238981 -0.00565351 -2.64845 -0.0106758 0.952349 0.0600067 0.298859
783 0.247775 0.0220488 -2.62826 -0.00793781 0.953199 0.0543277 0.297318
784 0.24778 0.0187445 -2.63307 -0.00855411 0.952472 0.0549009 0.299517
785 0.248871 0.0150876 -2.63388 -0.0084485 0.952121 0.0534422 0.300895
786 0.236337 0.0182766 -2.65195 -0.00908217 0.950807 0.0499727 0.305592
787 0.240858 0.0161112 -2.63699 -0.00762493 0.951159 0.0488973 0.304709
788 0.242828 0.0202921 -2.64513 -0.00679222 0.951051 0.0434127 0.305895
789 0.248611 -0.00924787 -2.65815 -0.00476262 0.950842 0.0447665 0.306387
790 0.235122 0.0211575 -2.65633 -0.00517214 0.950406 0.0353948 0.308948
791 0.23604 0.0227825 -2.64404 -0.00439168 0.950371 0.0324872 0.309386
792 0.228234 0.0164674 -2.65711 -0.00310411 0.94905 0.0295257 0.313723
793 0.243179 0.0190669 -2.63834 -0.000556046 0.949901 0.0255222 0.311505
794 0.253763 0.0187907 -2.63731 -0.00039915 0.949995 0.0209877 0.311558
795 0.239309 0.00962132 -2.64768 -0.00178775 0.948204 0.0152302 0.317291
796 0.232978 0.00907825 -2.65622 -0.0010894 0.946662 0.00837297 0.322117
797 0.234519 -0.000157029 -2.66043 -0.00205244 0.945839 0.00412831 0.324604
798 0.240001 0.00541317 -2.64895 3.50941e-05 0.945542 0.000609601 0.325499
799 0.247715 0.0133059 -2.64097 0.00101174 0.94508 -0.00274261 0.326825
800 0.252906 0.00903401 -2.63551 0.00102034 0.944237 -0.00411198 0.329238
801 0.243365 0.0119598 -2.64465 0.000746336 0.942125 -0.00678306 0.335193
802 0.250763 0.0139138 -2.6349 0.00270867 0.941272 -0.00841169 0.337535
803 0.249756 0.0171558 -2.6383 0.0031341 0.939828 -0.0104289 0.341475
804 0.243099 0.00373005 -2.64815 0.00218044 0.937711 -0.010296 0.347257
805 0.243621 0.00148292 -2.64796 0.00236664 0.936346 -0.0105758 0.35091
806 0.252697 0.0139555 -2.63365 0.0025591 0.935825 -0.0132718 0.352207
807 0.256297 0.00962709 -2.62905 0.00229956 0.93493 -0.0133537 0.354573
808 0.245529 -0.000470998 -2.65127 0.000664717 0.931996 -0.0127686 0.362243
809 0.246446 1.53695e-05 -2.64942 -0.000541243 0.930528 -0.0137016 0.365965
810 0.2509 0.0116856 -2.63969 -6.44497e-05 0.92931 -0.0152629 0.368986
811 0.250106 0.00562994 -2.6407 -0.0018594 0.927462 -0.0133174 0.373674
812 0.243367 -0.00576683 -2.64959 -0.00302999 0.924931 -0.0104292 0.379979
813 0.254454 0.00835958 -2.6364 -0.0032206 0.924288 -0.010619 0.381534
814 0.2586 0.00779535 -2.63112 -0.00322666 0.922948 -0.00798429 0.384828
815 0.261998 0.011582 -2.62527 -0.00377977 0.921621 -0.00681846 0.388014
816 0.247687 -0.00235065 -2.64071 -0.00586531 0.918256 -0.0028931 0.395934
817 0.251305 0.00183166 -2.63813 -0.00624341 0.916681 -0.00160995 0.399568
818 0.258796 0.00923674 -2.63063 -0.0060103 0.915589 2.84027e-05 0.402072
819 0.260131 0.00902761 -2.63484 -0.00741275 0.91368 0.00210343 0.406361
820 0.251744 0.00293796 -2.6355 -0.0092494 0.911502 0.00489399 0.411163
821 0.248646 -0.00357396 -2.64121 -0.00943586 0.909238 0.00938293 0.416064
822 0.24949 0.0140733 -2.63563 -0.00884693 0.907717 0.00938163 0.419384
823 0.249883 0.0091076 -2.63589 -0.0111014 0.906384 0.0131337 0.422105
824 0.256282 0.00233837 -2.62886 -0.0134109 0.905347 0.0170347 0.42412
825 0.26794 0.0248671 -2.61608 -0.0118304 0.905278 0.0164931 0.424336
826 0.24854 0.0100086 -2.6301 -0.0158094 0.902175 0.0211055 0.430563
827 0.259952 0.0188559 -2.62453 -0.0164276 0.901676 0.0229146 0.431492
828 0.259099 0.0126707 -2.62614 -0.019377 0.90032 0.0251429 0.434069
829 0.256487 0.0211314 -2.62319 -0.0209228 0.897849 0.0261061 0.439031
830 0.246612 0.0205537 -2.62743 -0.0215462 0.896108 0.0268722 0.442497
831 0.253627 0.0081514 -2.6197 -0.0237897 0.895081 0.0297164 0.444275
832 0.251438 0.025745 -2.6241 -0.0231085 0.893003 0.0278749 0.448591
833 0.248567 0.0075266 -2.62531 -0.0256139 0.890777 0.0306147 0.452683
834 0.259349 0.0179656 -2.60455 -0.024922 0.890556 0.0295415 0.453228
835 0.243376 0.0133608 -2.62361 -0.0272219 0.886417 0.0310399 0.461043
836 0.253063 0.0176728 -2.61101 -0.0287127 0.88598 0.0307994 0.461809
837 0.248945 0.0048132 -2.61633 -0.0323091 0.883492 0.0329794 0.466165
838 0.248572 0.0121457 -2.61268 -0.0331845 0.882481 0.0326228 0.468041
839 0.238421 0.0114215 -2.62094 -0.0359764 0.879909 0.034412 0.472527
840 0.238486 0.0200291 -2.61672 -0.0376329 0.878639 0.0359982 0.474638
841 0.23675 0.00251508 -2.62118 -0.0422222 0.876054 0.0403268 0.478666
842 0.243428 0.0183876 -2.6102 -0.0418502 0.875069 0.039393 0.480574
843 0.244837 -0.0024886 -2.61142 -0.047395 0.872204 0.0440368 0.484846
844 0.254693 0.0197421 -2.59279 -0.0454914 0.871732 0.0431619 0.485954
845 0.230329 -0.00611508 -2.61612 -0.0497112 0.866183 0.047227 0.495
846 0.233532 0.00534219 -2.6124 -0.0488544 0.86374 0.0456499 0.499483
847 0.25028 -0.0109521 -2.59867 -0.0512024 0.862089 0.0477381 0.501899
848 0.230258 -0.00063676 -2.6103 -0.0483425 0.857063 0.0459143 0.510879
849 0.22646 -0.00648924 -2.62055 -0.0494042 0.85211 0.0457182 0.519016
850 0.232261 0.000837362 -2.61192 -0.0489564 0.848756 0.043688 0.524698
851 0.237055 -0.0142621 -2.60593 -0.0523138 0.845344 0.0451504 0.529734
852 0.232495 -0.00038429 -2.60596 -0.0515073 0.841786 0.0425904 0.535659
853 0.213248 0.00509022 -2.62781 -0.0519792 0.835581 0.0413754 0.545336
854 0.207101 0.0352395 -2.62224 -0.0507647 0.832956 0.0381066 0.549686
855 0.239479 -0.0108484 -2.59211 -0.059619 0.833088 0.0467085 0.54793
856 0.223828 0.0139085 -2.60402 -0.057068 0.828903 0.044026 0.55473
857 0.214436 0.0329465 -2.60381 -0.054394 0.8259 0.043083 0.55953
858 0.225214 0.00562988 -2.59384 -0.0590944 0.823778 0.047474 0.561822
859 0.224902 0.0307238 -2.58856 -0.0558637 0.821905 0.0440795 0.565162
860 0.196295 0.0530343 -2.61647 -0.0525143 0.816411 0.0404914 0.573651
861 0.220766 -0.00658614 -2.59645 -0.0604523 0.816414 0.0490906 0.572192
862 0.211414 0.0371886 -2.58961 -0.0537479 0.815121 0.0429363 0.575191
863 0.211282 0.00521661 -2.59412 -0.0568402 0.812333 0.0459077 0.578599
864 0.226886 -0.00871617 -2.57921 -0.0588584 0.811626 0.0480341 0.579216
865 0.239106 -0.0255688 -2.56296 -0.0620999 0.811181 0.0506974 0.579274
866 0.198186 0.0147525 -2.59529 -0.0548678 0.805303 0.043786 0.588693
867 0.222048 -0.0157023 -2.57216 -0.058219 0.806182 0.0475192 0.586876
868 0.205637 0.0213598 -2.56574 -0.0514335 0.805155 0.0401938 0.589461
869 0.185895 0.0192732 -2.58917 -0.0502367 0.80058 0.0380538 0.595902
870 0.160905 0.0283819 -2.62533 -0.0468482 0.794706 0.0365416 0.604079
871 0.224746 -0.0108288 -2.53481 -0.057646 0.803052 0.0436243 0.591508
872 0.190435 0.0504991 -2.56328 -0.0454769 0.799276 0.0339861 0.598276
873 0.212431 -0.0186224 -2.54418 -0.0544689 0.799776 0.0409353 0.596419
874 0.190919 0.0215281 -2.5522 -0.0451992 0.798344 0.0331808 0.599586
875 0.191668 0.0130166 -2.54709 -0.0448663 0.798094 0.0323155 0.59999
876 0.185903 0.00459996 -2.55057 -0.0451192 0.796353 0.0313243 0.602333
877 0.164183 0.0548498 -2.56306 -0.0382111 0.79374 0.0234274 0.606603
878 0.186927 0.0153727 -2.54215 -0.0431162 0.794397 0.0262316 0.605299
879 0.180492 -0.0120952 -2.54963 -0.0464133 0.791276 0.025995 0.609141
880 0.181689 0.0050291 -2.53806 -0.0450701 0.791075 0.0215074 0.609677
881 0.150645 0.0478285 -2.56521 -0.0388226 0.785927 0.0151559 0.616913
882 0.168576 0.0263633 -2.53217 -0.0418018 0.787509 0.0169983 0.614649
883 0.162211 0.022888 -2.53952 -0.0418004 0.784155 0.0164919 0.618936
884 0.158154 0.00993485 -2.54493 -0.0455206 0.781208 0.0169797 0.622377
885 0.149853 0.0155394 -2.56622 -0.0449494 0.776026 0.0157431 0.628901
886 0.152297 0.00522426 -2.54721 -0.046445 0.775137 0.0175622 0.629838
887 0.152118 0.0253476 -2.52757 -0.0428573 0.774219 0.0163311 0.631253
888 0.157166 -0.0145905 -2.52851 -0.0484602 0.769598 0.0215711 0.636322
889 0.146033 0.00875832 -2.52859 -0.0437406 0.76528 0.0187713 0.641935
890 0.138109 0.00392568 -2.54581 -0.0431938 0.758132 0.0193178 0.650382
891 0.137188 0.00198627 -2.53223 -0.0412004 0.7546 0.0194244 0.654602
892 0.12612 0.00978781 -2.54479 -0.0392384 0.747966 0.0176609 0.662341
893 0.132945 0.00700238 -2.53028 -0.0379779 0.745156 0.0176924 0.665573
894 0.13349 0.00371995 -2.51878 -0.0370722 0.742302 0.0181082 0.668794
895 0.128978 0.00088101 -2.53131 -0.0371998 0.736159 0.0176904 0.675554
896 0.121717 0.000477489 -2.54298 -0.0365477 0.729847 0.0175494 0.682408
897 0.11116 0.0131758 -2.54978 -0.0331641 0.723719 0.0153144 0.689128
898 0.117241 0.00137424 -2.53201 -0.0320997 0.720903 0.0177504 0.692065
899 0.128841 -0.00222111 -2.51164 -0.0321783 0.718976 0.0190405 0.694029
900 0.112547 0.00202965 -2.53757 -0.0322528 0.71088 0.0180948 0.70234
901 0.110307 0.00241679 -2.54028 -0.0327166 0.70627 0.0177021 0.706964
902 0.109655 0.00872915 -2.52519 -0.031406 0.704517 0.0167155 0.708795
903 0.11733 -0.00451385 -2.50711 -0.0325985 0.702896 0.0187062 0.710299
904 0.104941 -0.00216269 -2.5257 -0.0332504 0.695947 0.0169097 0.717124
905 0.10742 0.00493802 -2.52519 -0.0325539 0.692171 0.0146992 0.720849
906 0.0897788 0.0177663 -2.531 -0.0306655 0.687077 0.0131153 0.725819
907 0.0970292 0.0105402 -2.53196 -0.0324396 0.683339 0.0142982 0.72924
908 0.103291 -0.00875329 -2.51618 -0.0350395 0.682072 0.0165173 0.730259
909 0.0910275 0.00469324 -2.52972 -0.0318979 0.677058 0.0147349 0.73509
910 0.095903 -0.0101872 -2.51887 -0.0339516 0.675645 0.0163937 0.736263
911 0.0895231 -0.00357947 -2.52686 -0.0335595 0.671505 0.015032 0.740087
912 0.0714654 0.0293751 -2.5516 -0.0291313 0.665357 0.00966694 0.745894
913 0.0783306 0.0138976 -2.53648 -0.0306553 0.664331 0.0106909 0.746733
914 0.0767972 -0.000747041 -2.53266 -0.0320566 0.661873 0.0122591 0.74883
915 0.0743212 0.0146723 -2.54158 -0.0297467 0.657907 0.0102613 0.752442
916 0.0844399 -0.009 -2.515 -0.0323383 0.659173 0.0140743 0.751164
917 0.0772185 -0.00535552 -2.50828 -0.0322428 0.657493 0.0137476 0.752645
918 0.0721797 0.00725052 -2.5339 -0.0297462 0.651793 0.0114774 0.757727
919 0.0665866 0.00784894 -2.53545 -0.0294802 0.649512 0.0108815 0.759702
920 0.0592525 0.0303703 -2.54153 -0.0241141 0.646949 0.00795665 0.762111
921 0.0617989 0.00786544 -2.53637 -0.0249384 0.645967 0.009501 0.762899
922 0.067956 0.00104853 -2.5244 -0.0229283 0.646175 0.00971116 0.762783
923 0.0633608 0.0104285 -2.52752 -0.0209016 0.64451 0.00790097 0.76427
924 0.0592733 0.014989 -2.5308 -0.0193875 0.642592 0.00691687 0.765932
925 0.0607061 0.010348 -2.5237 -0.0190163 0.6421 0.00751562 0.766348
926 0.0640856 -0.00618762 -2.52445 -0.0207572 0.640244 0.00781601 0.767851
927 0.0574654 0.00445235 -2.53431 -0.0181678 0.637161 0.00494717 0.7705
928 0.0568207 0.00272981 -2.52602 -0.0170068 0.63698 0.00353459 0.770685
929 0.056146 0.000483862 -2.53205 -0.0169869 0.635171 0.0015421 0.772183
930 0.0607894 -0.000842521 -2.51722 -0.0146773 0.636792 0.00159991 0.770894
931 0.0539474 0.00782684 -2.54368 -0.0137894 0.632748 -0.00191769 0.774233
932 0.0546924 -0.0104907 -2.53177 -0.0149511 0.634269 -0.000695211 0.772967
933 0.048334 0.00619929 -2.54379 -0.00907268 0.63251 -0.0042064 0.774488
934 0.0486238 0.0039871 -2.54669 -0.00960562 0.632146 -0.00616131 0.774765
935 0.0501941 -0.00113589 -2.52673 -0.00778031 0.635045 -0.00626934 0.77241
936 0.0484967 0.00784285 -2.53901 -0.00552952 0.633274 -0.00802989 0.773866
937 0.0539379 -0.00817987 -2.5314 -0.00642369 0.634472 -0.00613082 0.772895
938 0.052122 0.00367015 -2.52877 -0.00445675 0.635286 -0.00793126 0.772224
939 0.053435 -0.00621291 -2.53798 -0.00588998 0.634591 -0.00851477 0.772779
940 0.0502751 -0.00242033 -2.53227 -0.00385653 0.636354 -0.00987662 0.771325
941 0.0488108 -0.00189864 -2.53715 -0.00329124 0.636091 -0.0120095 0.771514
942 0.0535203 -0.0122521 -2.53212 -0.00324312 0.637284 -0.0113216 0.770539
943 0.0535001 -0.0101916 -2.53013 -0.00136504 0.637808 -0.0133645 0.770078
944 0.0526184 -0.00234855 -2.54283 -8.24613e-05 0.636432 -0.015617 0.771174
945 0.0532632 -0.00403196 -2.53604 0.00142402 0.638094 -0.0167062 0.769776
946 0.0539197 -0.0117154 -2.52701 0.00154307 0.640244 -0.0167287 0.767988
947 0.0497358 -0.00837346 -2.5365 0.00341167 0.639289 -0.0179806 0.768749
948 0.0519264 -0.0155286 -2.54115 0.00361379 0.638939 -0.0181237 0.769036
949 0.0522648 -0.00792547 -2.53627 0.00475449 0.63999 -0.020075 0.768106
950 0.0513868 -0.00841593 -2.53666 0.0060634 0.64014 -0.0213522 0.767937
951 0.0522809 -7.59707e-05 -2.53752 0.00858491 0.640156 -0.0228686 0.767857
952 0.0516652 -0.00152536 -2.53177 0.00917069 0.641441 -0.0225978 0.766784
953 0.0460649 0.00885642 -2.54564 0.010554 0.639678 -0.0251898 0.768158
954 0.0519422 -0.0111606 -2.5377 0.00935481 0.641305 -0.022763 0.766891
955 0.0553559 -0.0133205 -2.53534 0.00989576 0.641929 -0.0224645 0.766371
956 0.0563796 -0.0103439 -2.53264 0.012325 0.642902 -0.0219769 0.765534
957 0.0549043 -0.00483033 -2.53395 0.0127838 0.643031 -0.0231226 0.765384
958 0.0539294 -0.00153152 -2.53765 0.0140931 0.643012 -0.0226978 0.76539
959 0.0571656 -0.0137759 -2.53543 0.0133658 0.643761 -0.0210985 0.764819
960 0.0575806 -0.0192627 -2.52802 0.0151234 0.64518 -0.0195143 0.763632
961 0.0547334 -0.00751933 -2.53118 0.0170439 0.645338 -0.020654 0.763427
962 0.0541356 -0.00886286 -2.53618 0.017311 0.645281 -0.0205076 0.763473
963 0.0579844 -0.0129087 -2.53624 0.0171201 0.646011 -0.0205664 0.762859
964 0.0557668 -0.00483744 -2.53845 0.0198314 0.646414 -0.0217172 0.76242
