0 0 0 0 0.5 0 0 0
1 -0.000188677 -0.0160581 -2.2478 -0.0028679 -9.36894e-06 -0.00165003 0.999995
2 0.000813698 -0.0259934 -2.24552 -0.00761032 -0.000746497 -0.00146746 0.99997
3 0.00238591 -0.0144123 -2.24514 -0.00542247 -0.000789309 -0.000948428 0.999985
4 -0.00604824 -0.0277558 -2.24993 -0.00858363 0.00209825 -0.00198632 0.999959
5 0.0117708 -0.00964506 -2.24999 -0.00578911 -0.00166278 -0.00183228 0.99998
6 0.0243974 -0.0147612 -2.24258 -0.00700368 -0.00525285 -0.0034563 0.999956
7 -0.0040375 0.0244232 -2.25724 0.00216417 0.00270399 0.000364178 0.999994
8 0.00180685 -0.0115166 -2.24609 -0.00566766 -4.94538e-05 -0.00116711 0.999983
9 0.00248932 -0.00545401 -2.24758 -0.00448933 4.6926e-05 -0.0027571 0.999986
10 0.0155342 -0.0101179 -2.2471 -0.00521955 -0.00261514 -0.00182123 0.999981
11 -0.00408969 -0.0159779 -2.24647 -0.00544126 0.00209592 -0.00176479 0.999981
12 -0.0129818 -0.0233479 -2.24716 -0.00656008 0.00376077 -2.16365e-05 0.999971
13 0.0113714 -0.0184049 -2.24344 -0.00446701 -0.00231571 -0.0014993 0.999986
14 0.0129956 0.015414 -2.25511 0.00442902 -0.00274339 -0.000661588 0.999986
15 0.011961 -0.0136352 -2.24775 -0.00254555 -0.00281555 0.000155289 0.999993
16 -0.00210628 -0.0121761 -2.24648 -0.00197086 4.63462e-05 -0.000209468 0.999998
17 0.00341317 -0.0299892 -2.24389 -0.00659605 -0.00141661 -0.00224084 0.999975
18 0.0204289 0.0110968 -2.25252 0.00328 -0.00516069 -0.00210767 0.999979
19 0.00996743 0.0160824 -2.25056 0.00326666 -0.00245483 -0.00183819 0.99999
20 -0.009085 -0.0120618 -2.24906 -0.00369578 0.00197557 -0.0036966 0.999984
21 -0.00396614 -0.0121257 -2.25185 -0.00403279 0.000799257 -0.00305998 0.999987
22 0.00591277 0.0127937 -2.25129 0.00142435 -0.0012477 -0.00273858 0.999994
23 0.000163263 -0.0062023 -2.2505 -0.00300578 -0.000628972 -0.00369839 0.999988
24 0.00359748 -0.00843785 -2.25071 -0.00414763 -0.00170165 -0.00332297 0.999984
25 0.000300217 -0.00127901 -2.25043 -0.0018523 -0.000863316 -0.00349663 0.999992
26 0.00514314 -0.01806 -2.2467 -0.00558612 -0.00207677 -0.00518288 0.999969
27 -0.00559498 -0.0174606 -2.24488 -0.00589414 0.00062721 -0.00377403 0.999975
28 0.0104168 -0.0173227 -2.24655 -0.00581745 -0.00333091 -0.00543582 0.999963
29 -0.0118709 0.00483739 -2.25213 -0.000185335 0.00259546 -0.00444996 0.999987
30 -0.00462576 -0.0130115 -2.25118 -0.00455051 0.000599462 -0.00529304 0.999975
31 0.0196777 0.00390796 -2.24831 -0.00137444 -0.00521431 -0.00625986 0.999966
32 -0.014841 -0.030626 -2.24804 -0.00879325 0.00258943 -0.0064739 0.999937
33 0.00221634 -0.00472433 -2.24707 -0.00327596 -0.00105212 -0.00651582 0.999973
34 -0.0183457 -0.0285756 -2.24805 -0.00976579 0.00391151 -0.00663526 0.999923
35 0.00520285 -0.00366072 -2.24844 -0.00406893 -0.000614223 -0.0072201 0.999965
36 0.010003 5.13156e-05 -2.24696 -0.00361328 -0.000262132 -0.00674332 0.999971
37 -0.00279955 -0.00443819 -2.24857 -0.00489085 0.0035002 -0.00637416 0.999962
38 0.00174181 -0.0120723 -2.25297 -0.00877711 0.00370864 -0.00668306 0.999932
39 0.0148865 -0.00763157 -2.2471 -0.00849513 0.000387756 -0.00450083 0.999954
40 0.0217974 0.00999685 -2.25065 -0.00349482 -0.000767542 -0.00383284 0.999986
41 0.0163094 -0.0293539 -2.24659 -0.0128105 0.000610807 -0.0044694 0.999908
42 0.00694418 0.00292281 -2.24782 -0.00506995 0.00377972 -0.00235629 0.999977
43 0.00537366 -0.00272099 -2.24575 -0.00513244 0.00427639 -0.0032888 0.999972
44 0.000158221 0.0055845 -2.25048 -0.00328976 0.00632965 -0.0030925 0.99997
45 -0.0130078 -0.0268408 -2.24573 -0.0121646 0.010279 -0.00637293 0.999853
46 0.00627078 -0.0110461 -2.23963 -0.00899292 0.0063229 -0.00889824 0.9999
47 0.0143433 -0.00365869 -2.24139 -0.00790551 0.00540689 -0.00944971 0.999909
48 0.012503 -0.00721444 -2.23423 -0.0107997 0.00550322 -0.0123809 0.99985
49 0.00340865 -0.0182849 -2.24223 -0.0148969 0.00827629 -0.0128063 0.999773
50 -0.00568881 -0.0174317 -2.22737 -0.0157964 0.010224 -0.0143897 0.999719
51 -0.00953491 -0.0206198 -2.23419 -0.0166974 0.0107316 -0.0163225 0.99967
52 -0.00218688 0.00445665 -2.23402 -0.0125327 0.00934752 -0.0155523 0.999757
53 0.0324722 -0.00687964 -2.22796 -0.0163395 0.00103804 -0.0184597 0.999696
54 0.000622982 -0.0118616 -2.22992 -0.0182663 0.00698111 -0.018906 0.99963
55 0.038992 -0.0239413 -2.22416 -0.0211934 -0.00301595 -0.0194962 0.999581
56 -0.00248988 -0.0236983 -2.2221 -0.0208599 0.00470035 -0.0205337 0.99956
57 0.00657585 0.00475631 -2.2221 -0.0121935 0.0011397 -0.0229162 0.999662
58 0.0137273 0.00875382 -2.21782 -0.0100278 -0.00164144 -0.0238544 0.999664
59 -0.00132298 -0.0275782 -2.20697 -0.0193114 0.000238072 -0.0279233 0.999423
60 0.000467821 -0.0086814 -2.21501 -0.0138326 -0.00131344 -0.0287536 0.99949
61 0.00387425 -0.0175258 -2.20729 -0.0156681 -0.00439344 -0.0315092 0.999371
62 -0.00950967 -0.0330031 -2.20062 -0.0195801 -0.00358503 -0.0349129 0.999192
63 0.000821918 -0.0259912 -2.19563 -0.0177615 -0.00806136 -0.0369914 0.999125
64 -0.0059396 -0.0194449 -2.20385 -0.0168499 -0.00836656 -0.0395043 0.999042
65 0.016047 -0.00873286 -2.19812 -0.0147633 -0.0159085 -0.0422954 0.998869
66 -0.0072441 0.00230738 -2.20792 -0.00995209 -0.0117591 -0.0476525 0.998745
67 0.0261764 -0.000324465 -2.18904 -0.00914407 -0.0232451 -0.0489646 0.998488
68 -0.00204003 -0.0167177 -2.19167 -0.0135299 -0.0188908 -0.0514086 0.998407
69 0.022808 -0.0128026 -2.18454 -0.0121768 -0.027757 -0.053447 0.998111
70 0.0296937 -0.00816088 -2.18187 -0.0101823 -0.0325071 -0.0543373 0.997941
71 0.0151687 -0.0258053 -2.18118 -0.0154199 -0.0320323 -0.0546897 0.99787
72 -0.00924342 -0.0278599 -2.18581 -0.0172893 -0.0289654 -0.0572877 0.997788
73 0.00921137 -0.0143411 -2.17356 -0.0125244 -0.0366413 -0.0592104 0.997494
74 0.0194148 0.00687036 -2.18421 -0.00551054 -0.0420514 -0.0615898 0.9972
75 0.029694 -0.00462698 -2.17021 -0.00919995 -0.04862 -0.0641698 0.996711
76 0.0335089 -0.0241645 -2.16173 -0.0154725 -0.0535343 -0.0689364 0.996063
77 0.0214843 -0.00801788 -2.16516 -0.0116151 -0.0524074 -0.0706726 0.996054
78 0.0281737 -0.00108949 -2.16005 -0.00912776 -0.0580964 -0.0745901 0.995479
79 0.0298682 -0.00449957 -2.16374 -0.0110731 -0.0625789 -0.0767744 0.995021
80 0.0232924 0.00302267 -2.16272 -0.0101182 -0.0645849 -0.0799839 0.99465
81 0.0181044 0.0103296 -2.15892 -0.00866565 -0.0681365 -0.0846097 0.994044
82 0.0207453 0.000766525 -2.1573 -0.0135259 -0.072581 -0.0855183 0.993597
83 0.0551244 -0.00236835 -2.14364 -0.0154172 -0.0853891 -0.0893935 0.99221
84 0.0476668 -0.00133739 -2.13994 -0.0158891 -0.0885289 -0.0915111 0.991734
85 0.0183019 -0.0339184 -2.14905 -0.0243232 -0.0858697 -0.0947056 0.991497
86 0.0637135 -0.00739757 -2.1381 -0.0167181 -0.101081 -0.0977435 0.989924
87 0.020037 -0.0284641 -2.13647 -0.0240787 -0.0943417 -0.098577 0.990355
88 0.0295801 -0.0185555 -2.13607 -0.0205239 -0.0996945 -0.103303 0.989428
89 0.0304915 -0.0198856 -2.13327 -0.0198769 -0.103416 -0.104606 0.988922
90 0.00747553 -0.0391938 -2.13223 -0.0257565 -0.101515 -0.106463 0.988786
91 0.0336365 -0.0055087 -2.12798 -0.0165292 -0.110618 -0.110774 0.987532
92 0.0403322 0.0155994 -2.13043 -0.0122601 -0.114957 -0.1107 0.987107
93 0.0476468 0.0034919 -2.12177 -0.0158721 -0.121621 -0.111631 0.986152
94 0.0422772 0.00386848 -2.1242 -0.0165959 -0.125013 -0.114895 0.98534
95 0.0440236 -0.00907584 -2.11797 -0.0203792 -0.131226 -0.118446 0.98404
96 0.0323514 0.018446 -2.11427 -0.0127527 -0.131413 -0.121036 0.983828
97 0.137564 0.0583965 -2.09337 0.00170556 -0.160658 -0.124553 0.979118
98 0.0566113 0.00103374 -2.10089 -0.0150912 -0.14631 -0.127573 0.980862
99 0.0558877 -0.0123831 -2.09315 -0.0162251 -0.151765 -0.129807 0.979722
100 0.0794577 0.000548196 -2.09346 -0.00944585 -0.161262 -0.133615 0.977779
101 0.0578406 0.00627878 -2.08778 -0.00729511 -0.160198 -0.133655 0.977967
102 0.0446644 -0.0128174 -2.09709 -0.00977789 -0.161139 -0.134627 0.977657
103 0.0276921 -0.00311985 -2.09285 -0.00551396 -0.161328 -0.136946 0.977338
104 0.0209842 -0.0102896 -2.09785 -0.00546517 -0.163328 -0.137412 0.97694
105 0.0322657 0.0269718 -2.09882 0.00761496 -0.169537 -0.14205 0.975203
106 0.0558942 0.00449153 -2.08145 0.003425 -0.180591 -0.141352 0.973342
107 0.057881 -0.00988282 -2.07776 0.00212458 -0.186076 -0.144029 0.971919
108 0.0584624 -0.012816 -2.07399 0.00412934 -0.191667 -0.14292 0.970989
109 0.0798362 0.0227194 -2.07395 0.0160884 -0.200892 -0.141804 0.969162
110 0.059358 0.00021373 -2.06974 0.01205 -0.204418 -0.141723 0.968495
111 0.0671267 -0.0272144 -2.05909 0.00713573 -0.212755 -0.142347 0.966655
112 0.0560952 -0.00939958 -2.06699 0.0136421 -0.214682 -0.141415 0.966296
113 0.0717604 -0.00417434 -2.05512 0.017194 -0.224625 -0.142218 0.963858
114 0.0703849 -0.00489064 -2.04118 0.0184617 -0.230835 -0.142673 0.962299
115 0.057396 -0.0125396 -2.05851 0.0178427 -0.23255 -0.143816 0.961727
116 0.0657004 -0.00898836 -2.04815 0.0203559 -0.241211 -0.145371 0.959307
117 0.0628959 -0.0263687 -2.05434 0.0173687 -0.247413 -0.144318 0.957944
118 0.0669624 -0.0265058 -2.04374 0.0192879 -0.255331 -0.145617 0.955631
119 0.0688013 -0.0123027 -2.03721 0.0240957 -0.262002 -0.146622 0.95356
120 0.0547046 -0.056002 -2.04497 0.0136363 -0.266884 -0.147031 0.952349
121 0.0683814 -0.0298935 -2.03108 0.022278 -0.276175 -0.149367 0.949168
122 0.0637828 -0.0580408 -2.02111 0.0163755 -0.283001 -0.149584 0.947242
123 0.0698083 -0.0234185 -2.02438 0.0262715 -0.289161 -0.149259 0.945208
124 0.0737313 0.00898339 -2.0176 0.0378428 -0.295285 -0.151154 0.942617
125 0.0710731 -0.0295389 -2.01285 0.028552 -0.302428 -0.152674 0.940432
126 0.0678105 -0.0345237 -2.01606 0.0266154 -0.308006 -0.152951 0.938632
127 0.0676614 -0.0242131 -2.01114 0.0325601 -0.313109 -0.15455 0.936492
128 0.0719361 -0.0164545 -2.00644 0.0342457 -0.319316 -0.15508 0.934246
129 0.0649888 -0.00100381 -2.01338 0.0365602 -0.322274 -0.15607 0.932976
130 0.0670111 -0.0101156 -2.00649 0.0343678 -0.329167 -0.156939 0.930504
131 0.0634407 -0.023401 -2.00911 0.0294507 -0.335193 -0.157239 0.928469
132 0.0732384 -0.0293025 -1.99448 0.0299319 -0.344474 -0.16097 0.924408
133 0.0727535 -0.0153499 -1.99652 0.0339936 -0.349438 -0.160835 0.922426
134 0.0750281 -0.00615326 -1.99773 0.0383558 -0.35546 -0.163372 0.919503
135 0.0700417 -0.0226304 -1.99765 0.0302076 -0.363072 -0.16309 0.916879
136 0.0744167 -0.0189701 -1.98793 0.0312397 -0.370593 -0.163775 0.913708
137 0.0617919 -0.0338721 -2.00125 0.0270884 -0.374585 -0.163908 0.912188
138 0.072748 -0.0108396 -1.98843 0.0332377 -0.384582 -0.162117 0.908135
139 0.0664753 -0.0262183 -1.99231 0.0276762 -0.39824 -0.162473 0.902353
140 0.0626251 -0.0202499 -1.99496 0.0277476 -0.40448 -0.160445 0.899935
141 0.0707755 -0.00958336 -1.98317 0.0294901 -0.414617 -0.159295 0.89546
142 0.0726593 -0.0120735 -1.97189 0.0282283 -0.423863 -0.158424 0.891316
143 0.0730241 -0.017518 -1.97007 0.0262814 -0.430961 -0.157489 0.888132
144 0.0750735 -0.0109149 -1.96154 0.0285039 -0.439312 -0.155689 0.884281
145 0.0689869 -0.0169184 -1.97353 0.0277988 -0.444118 -0.154998 0.882022
146 0.0778993 -0.0163692 -1.96091 0.0281339 -0.45364 -0.155474 0.877067
147 0.0706773 -0.00936482 -1.9688 0.0280177 -0.458045 -0.153947 0.875048
148 0.0768344 -0.0130033 -1.95258 0.0281274 -0.46788 -0.155365 0.869574
149 0.0747309 -0.0158506 -1.95313 0.0273525 -0.473542 -0.156072 0.866401
150 0.069199 -0.0190531 -1.94771 0.0267212 -0.480448 -0.155054 0.862794
151 0.0736959 -0.0130162 -1.94342 0.0289676 -0.487523 -0.154913 0.858769
152 0.067528 -0.0123787 -1.95249 0.0290322 -0.492268 -0.153887 0.856241
153 0.0639341 -0.0147634 -1.94967 0.0287212 -0.498084 -0.153896 0.85288
154 0.0653539 -0.0110556 -1.9419 0.0296476 -0.508932 -0.15256 0.846661
155 0.0713113 -0.00735068 -1.9406 0.0293488 -0.51482 -0.151939 0.843216
156 0.0603782 -0.00878293 -1.94189 0.0279438 -0.520157 -0.150387 0.840262
157 0.0565912 -0.00579903 -1.94313 0.0277162 -0.524686 -0.1515 0.837248
158 0.0587984 -0.021499 -1.9384 0.0252749 -0.531449 -0.154951 0.832414
159 0.0485663 -0.0179209 -1.93236 0.0257396 -0.537429 -0.154165 0.828698
160 0.0505299 -0.0117189 -1.93067 0.0266072 -0.543228 -0.154842 0.824754
161 0.0616068 -0.020856 -1.9244 0.0247639 -0.549869 -0.157285 0.819934
162 0.0487139 -0.0134297 -1.92582 0.0267943 -0.553708 -0.158925 0.816966
163 0.0492857 -0.0126012 -1.92944 0.0251816 -0.559386 -0.15826 0.813269
164 0.0531853 -0.0112439 -1.92298 0.0246695 -0.566267 -0.158146 0.808531
165 0.0502667 -0.022289 -1.90999 0.0219108 -0.573956 -0.158707 0.803061
166 0.0445215 -0.0202308 -1.9244 0.0219231 -0.576268 -0.158375 0.801468
167 0.0383125 -0.0128734 -1.9207 0.0225273 -0.581254 -0.158263 0.797865
168 0.0518231 -0.00932674 -1.92204 0.0235067 -0.586435 -0.158246 0.79404
169 0.0418116 -0.00826913 -1.92224 0.0226895 -0.591666 -0.156243 0.790572
170 0.0418613 -0.0102169 -1.91533 0.0208783 -0.598095 -0.156432 0.785732
171 0.0427825 -0.0128644 -1.90705 0.0185884 -0.604403 -0.156016 0.781032
172 0.0431064 -0.00355409 -1.90568 0.0184027 -0.609666 -0.15272 0.777589
173 0.0417958 0.00222789 -1.91267 0.0171485 -0.614325 -0.150401 0.774397
174 0.040325 -0.0158215 -1.90811 0.0115608 -0.620633 -0.151192 0.7693
175 0.042152 -0.0178882 -1.90896 0.0101511 -0.626306 -0.150119 0.764919
176 0.039021 -0.0140592 -1.90787 0.00800914 -0.632702 -0.147597 0.760157
177 0.0367661 -0.00432905 -1.92886 0.00675725 -0.635446 -0.144292 0.758514
178 0.0382518 0.0133611 -1.91436 0.00940383 -0.643519 -0.13983 0.752491
179 0.0398792 0.0066084 -1.90831 0.00685039 -0.650298 -0.139256 0.746775
180 0.039323 0.000481632 -1.92193 0.00458935 -0.65442 -0.138303 0.743361
181 0.0355369 -0.0438739 -1.88307 -0.00312422 -0.666554 -0.142528 0.731698
182 0.0339439 -0.033392 -1.99063 -0.00531462 -0.66485 -0.137687 0.734158
183 0.0378207 -0.0152194 -1.89305 0.000464836 -0.68494 -0.132983 0.716361
184 0.0304352 0.0827495 -1.96601 0.00976045 -0.682682 -0.114804 0.721575
185 0.0347229 0.0154116 -1.92514 0.00176974 -0.694226 -0.126866 0.708486
186 0.0416161 -0.00419604 -1.92873 -0.00149644 -0.699449 -0.12983 0.702789
187 0.0260694 0.00855974 -1.9009 -0.000373387 -0.709666 -0.128807 0.692664
188 0.0187472 -0.0102516 -1.87987 -0.00362607 -0.718508 -0.133463 0.682584
189 0.025469 -0.000850646 -1.87703 -0.000619036 -0.724466 -0.132719 0.676413
190 0.0372638 0.0103711 -1.92258 9.00759e-05 -0.724457 -0.130365 0.67688
191 -0.0437423 -0.0204102 -1.74971 0.000739628 -0.754274 -0.136045 0.64231
192 0.121658 0.0921534 -2.05566 0.007132 -0.714325 -0.119586 0.689484
193 0.0338314 -0.00861219 -1.89668 -0.00147407 -0.743269 -0.135038 0.655221
194 0.0710268 0.0338396 -1.96607 0.00117868 -0.738463 -0.127848 0.662062
195 -0.00382197 -0.0349847 -1.86364 -0.00477369 -0.758692 -0.137927 0.636663
196 0.0475064 0.0326417 -1.91187 0.00153143 -0.755394 -0.12751 0.642744
197 0.097403 0.0652204 -1.96364 0.0032686 -0.751359 -0.121749 0.648557
198 0.0282494 -0.00298304 -1.9074 -0.00364488 -0.765723 -0.130978 0.629682
199 0.0360021 0.0191297 -1.89107 -0.00246406 -0.771673 -0.126387 0.62333
200 0.0729012 0.0548502 -1.92276 -0.000481169 -0.7707 -0.120066 0.625784
201 0.0507598 0.0186781 -1.90669 -0.00381984 -0.777517 -0.124714 0.61636
202 0.0193627 -0.0143798 -1.88138 -0.00775157 -0.78567 -0.128566 0.60509
203 0.0085991 0.00868012 -1.86945 -0.00448916 -0.791774 -0.122999 0.598285
204 0.0625552 0.0286157 -1.90995 -0.00481153 -0.788699 -0.118346 0.603262
205 0.075378 0.0352673 -1.92245 -0.00381841 -0.790876 -0.114967 0.601068
206 0.0197873 -0.00372248 -1.8788 -0.00686184 -0.80188 -0.118235 0.585629
207 0.0686401 0.0386332 -1.92873 -0.00379246 -0.798087 -0.109768 0.592448
208 0.0413947 0.0249634 -1.89477 -0.00662084 -0.80644 -0.109715 0.58101
209 0.0414275 0.00802481 -1.89462 -0.00908665 -0.80973 -0.111322 0.576075
210 0.0687433 0.0379942 -1.93186 -0.00866302 -0.808108 -0.104504 0.579626
211 0.0154912 0.0042198 -1.87017 -0.0109406 -0.819973 -0.108371 0.561944
212 0.0524232 0.034301 -1.9152 -0.00958153 -0.816905 -0.101952 0.567609
213 0.0354206 0.0301674 -1.89379 -0.0115204 -0.822584 -0.101075 0.55947
214 0.0783905 0.0337117 -1.9458 -0.0109519 -0.818014 -0.0993682 0.566445
215 0.0648948 0.0321049 -1.92281 -0.0108348 -0.823951 -0.0976319 0.558082
216 0.0363535 0.0270342 -1.90103 -0.0122828 -0.830509 -0.0953978 0.548637
217 0.0326432 0.0147279 -1.89277 -0.0132266 -0.834171 -0.0950424 0.543094
218 0.0510342 0.00601772 -1.92358 -0.0142228 -0.833105 -0.0947234 0.544758
219 0.0922866 0.0618332 -1.96169 -0.00565359 -0.830538 -0.0852526 0.550369
220 0.0676576 0.0394027 -1.93145 -0.00726326 -0.837087 -0.0859138 0.540233
221 0.075369 0.0345813 -1.94204 -0.00667577 -0.837867 -0.0846857 0.539224
222 0.0556757 0.0150138 -1.9165 -0.0103343 -0.843553 -0.083664 0.530389
223 0.0626434 0.0277908 -1.92793 -0.00763815 -0.844525 -0.0800517 0.529444
224 0.0651323 0.0189119 -1.93173 -0.00868292 -0.846572 -0.0782526 0.526419
225 0.0832368 0.0396856 -1.94851 -0.00507771 -0.846909 -0.0734875 0.526611
226 0.0554109 0.0132623 -1.93481 -0.00885641 -0.851907 -0.0732159 0.518475
227 0.0495968 -0.00575799 -1.92535 -0.0110768 -0.85469 -0.0732223 0.51383
228 0.0299027 -0.0290057 -1.91527 -0.0146266 -0.858041 -0.0742362 0.507977
229 0.0896438 0.089589 -1.97128 0.00348291 -0.852756 -0.0570169 0.519176
230 0.062473 0.0333307 -1.94186 -0.00471276 -0.858322 -0.0611358 0.509434
231 0.0656623 0.0394886 -1.94739 -0.00259756 -0.859286 -0.0577621 0.508217
232 0.0794471 0.0620332 -1.95273 0.00118515 -0.859858 -0.0518644 0.50789
233 0.0740469 0.0543137 -1.95319 0.00345872 -0.860952 -0.0516274 0.506048
234 0.0586797 0.0384702 -1.9496 0.00174143 -0.863125 -0.0507665 0.50243
235 0.0361477 0.0209598 -1.92836 -0.000922509 0.866824 0.0511622 -0.495981
236 0.0766349 0.0331047 -1.95869 0.00538917 -0.86425 -0.0454705 0.500974
237 0.0642522 0.0171899 -1.94925 -0.00472752 0.866755 0.0438567 -0.49678
238 0.0684236 0.0179113 -1.95291 -0.00667375 0.867381 0.0407005 -0.495933
239 0.0680113 0.0226578 -1.94573 -0.0104988 0.869079 0.0368301 -0.493189
240 0.0578264 0.0298412 -1.95654 -0.0134985 0.869771 0.0311483 -0.492287
241 0.0599257 0.0148334 -1.95343 -0.0137018 0.870529 0.0296642 -0.491031
242 0.0578679 0.0249641 -1.95753 -0.0185721 0.870823 0.0247095 -0.490625
243 0.0688649 0.0342205 -1.96833 -0.0201813 0.869894 0.0202006 -0.492412
244 0.0336727 0.0156819 -1.9503 -0.0171114 0.87397 0.0189442 -0.485308
245 0.0504264 0.0378345 -1.95893 -0.0206757 0.873081 0.0129256 -0.486965
246 0.0611305 0.0175038 -1.96515 -0.0190606 0.873141 0.0120427 -0.486946
247 0.0420076 0.0170902 -1.95729 -0.0202766 0.875276 0.00837486 -0.483125
248 0.05462 3.57919e-05 -1.96248 -0.019148 0.875098 0.00730714 -0.483512
249 0.0406252 -0.0149654 -1.95371 -0.0188443 0.877375 0.00584289 -0.4794
250 0.0392797 0.00368508 -1.96331 -0.0238959 0.877728 -0.000510199 -0.478562
251 0.0490145 0.0035562 -1.96416 -0.0255542 0.878358 -0.00403685 -0.477303
252 0.0462668 -0.00325945 -1.96443 -0.0260663 0.879901 -0.00691604 -0.474391
253 0.0353307 -0.00234747 -1.96355 -0.0290219 0.881504 -0.0106182 -0.471164
254 0.0373556 -0.0064205 -1.96767 -0.0314736 0.88224 -0.0136145 -0.46955
255 0.0444958 0.00398958 -1.96961 -0.0350391 0.882903 -0.018294 -0.467888
256 0.0366267 0.00516371 -1.97359 -0.0368713 0.88408 -0.0215335 -0.465381
257 0.0308557 -0.000746013 -1.97815 -0.0387929 0.885262 -0.0226466 -0.462918
258 0.0388076 -0.0166717 -1.97347 -0.0360075 0.8868 -0.0238234 -0.460132
259 0.0453353 -0.0215752 -1.97724 -0.0377378 0.887748 -0.0265904 -0.458009
260 0.0413993 -0.00259242 -1.98163 -0.0421503 0.888704 -0.0314845 -0.455453
261 0.0469183 -0.0167474 -1.9815 -0.0405937 0.890158 -0.0320341 -0.452708
262 0.0362691 0.000526366 -1.98592 -0.044514 0.891648 -0.0363764 -0.449065
263 0.0199803 -0.00661442 -1.98305 -0.0459133 0.894102 -0.0388683 -0.443805
264 0.0541698 -0.0183556 -1.98655 -0.0452241 0.894222 -0.0391426 -0.443609
265 0.0386463 -0.0120807 -1.98969 -0.0477225 0.895968 -0.0409138 -0.439648
266 0.0479098 -0.0113701 -1.99266 -0.0487097 0.896967 -0.0424495 -0.437351
267 0.0413893 -0.0170407 -1.9912 -0.0491026 0.898862 -0.0438482 -0.433259
268 0.0324722 -0.00727274 -1.99659 -0.0529331 0.899728 -0.0476529 -0.430601
269 0.0479636 -0.0204448 -1.99582 -0.0519175 0.900356 -0.0474842 -0.429428
270 0.0262618 -0.0208397 -1.99656 -0.0522747 0.902462 -0.0490271 -0.424765
271 0.0190404 -0.0159992 -1.99794 -0.0525677 0.904017 -0.0519475 -0.421059
272 0.03848 -0.0137166 -1.99932 -0.0537357 0.904698 -0.0538147 -0.41921
273 0.0488928 -0.0327064 -2.00125 -0.0515815 0.905808 -0.0527683 -0.417213
274 0.0383632 -0.0205323 -2.0018 -0.0538385 0.907365 -0.055094 -0.413226
275 0.0233057 -0.0281539 -2.00376 -0.0532166 0.909332 -0.0560714 -0.408826
276 0.0473154 -0.019455 -2.00808 -0.0558721 0.909184 -0.0581748 -0.408507
277 0.0389707 -0.0135343 -2.01198 -0.0575329 0.910302 -0.0600499 -0.405504
278 0.0493153 -0.0270085 -2.01106 -0.0564924 0.911216 -0.0586332 -0.403801
279 0.0197245 -0.0175311 -2.01173 -0.0580342 0.913366 -0.0608375 -0.398364
280 0.0404223 -0.0325137 -2.01756 -0.055812 0.914012 -0.0598411 -0.397348
281 0.0133738 -0.021517 -2.01363 -0.0576603 0.916507 -0.0618039 -0.390987
282 0.0212344 -0.0209644 -2.01583 -0.0573284 0.917988 -0.0619034 -0.387529
283 0.0475073 -0.0307383 -2.02122 -0.0557329 0.918921 -0.0606211 -0.38575
284 0.0211724 -0.0139698 -2.02253 -0.0585403 0.921374 -0.0623237 -0.379155
285 -0.00360107 -0.00815395 -2.02354 -0.0583266 0.924029 -0.0633393 -0.3725
286 0.00143737 -0.0180425 -2.02303 -0.0558848 0.925937 -0.062229 -0.3683
287 0.0264075 -0.0252226 -2.02488 -0.0519559 0.927256 -0.0607647 -0.365793
288 -0.00544819 0.000305208 -2.02861 -0.0540592 0.929668 -0.0637966 -0.358782
289 0.0148024 -0.0215002 -2.02827 -0.048635 0.931177 -0.0620016 -0.355949
290 0.0153674 -0.0202299 -2.03282 -0.047794 0.932849 -0.0621547 -0.351632
291 0.0235202 -0.024657 -2.03295 -0.0461751 0.934241 -0.0603339 -0.348455
292 0.0109754 -0.0176594 -2.03386 -0.0447428 0.936119 -0.0609439 -0.34346
293 -0.00325221 -0.012991 -2.03484 -0.0446459 0.937958 -0.0621464 -0.338201
294 -0.0162498 -0.019689 -2.03865 -0.0425296 0.939914 -0.0616915 -0.333087
295 -0.0171786 -0.00781575 -2.04127 -0.0435179 0.941107 -0.0630273 -0.32932
296 0.00527402 -0.0113217 -2.04194 -0.0427235 0.941808 -0.0614935 -0.327706
297 -0.0045742 -0.0125234 -2.04177 -0.0414328 0.943697 -0.0599795 -0.322679
298 -0.0128393 -0.0085282 -2.04533 -0.0406171 0.945288 -0.0599236 -0.318102
299 -0.0220995 -0.0171039 -2.04505 -0.0387942 0.947114 -0.0575548 -0.313302
300 -0.0028444 -0.00830038 -2.04678 -0.0379837 0.947796 -0.057302 -0.311377
301 -0.0126031 -0.0159747 -2.04608 -0.0347941 0.949709 -0.0559213 -0.306128
302 -0.0112914 -0.0116414 -2.05026 -0.0359329 0.950839 -0.0553995 -0.302564
303 -0.0131965 -0.0197995 -2.0498 -0.0340158 0.952501 -0.0529568 -0.297962
304 -0.0158056 -0.0169094 -2.05259 -0.035908 0.953926 -0.052581 -0.293207
305 -0.029219 -0.0205658 -2.05511 -0.036026 0.955738 -0.0521664 -0.287308
306 -0.0205261 -0.0175277 -2.05342 -0.0373217 0.95669 -0.0520997 -0.283966
307 -0.0201762 -0.0116961 -2.05084 -0.038476 0.957897 -0.0514859 -0.279826
308 -0.0270464 -0.0100082 -2.05729 -0.0386182 0.959326 -0.0503044 -0.275084
309 -0.025356 -0.0173746 -2.05966 -0.0377444 0.960616 -0.0494179 -0.270833
310 -0.0339212 -0.0155332 -2.05834 -0.0381115 0.962138 -0.0493354 -0.265338
311 -0.035856 -0.0207907 -2.06066 -0.0370598 0.963513 -0.0482659 -0.260653
312 -0.0425016 -0.0150547 -2.0589 -0.0359169 0.965217 -0.0488713 -0.254316
313 -0.0383855 -0.0162356 -2.05989 -0.0348342 0.96659 -0.0478562 -0.2494
314 -0.0495746 -0.00474678 -2.06575 -0.0355351 0.968089 -0.0482928 -0.243329
315 -0.0256445 -0.0134968 -2.06272 -0.0344901 0.968724 -0.0458961 -0.241407
316 -0.0619186 -0.0165669 -2.06902 -0.0350074 0.970611 -0.0435062 -0.234084
317 -0.0518325 -0.0169711 -2.06787 -0.0330992 0.971378 -0.0417705 -0.231481
318 -0.0433365 -0.00536151 -2.06289 -0.0335443 0.971859 -0.0423504 -0.229285
319 -0.0720272 -0.023864 -2.06898 -0.0325483 0.973337 -0.0400422 -0.2235
320 -0.0559632 -0.0131196 -2.06985 -0.0308804 0.973611 -0.0400833 -0.222535
321 -0.0511771 -0.00946768 -2.07671 -0.0293542 0.974133 -0.0391922 -0.220607
322 -0.0787205 -0.0157157 -2.07275 -0.0286125 0.975564 -0.0375099 -0.214589
323 -0.0564444 -0.00762278 -2.07305 -0.028874 0.975666 -0.0373238 -0.214123
324 -0.0634764 -0.00788496 -2.07957 -0.0277958 0.976564 -0.0363685 -0.210301
325 -0.0718026 -0.0132486 -2.07872 -0.0277136 0.977412 -0.0343798 -0.206678
326 -0.0870258 -0.021696 -2.08069 -0.0274272 0.978243 -0.0323613 -0.203081
327 -0.0624574 -0.0120062 -2.0795 -0.0253516 0.978051 -0.0323017 -0.204281
328 -0.0752455 -0.0160447 -2.09079 -0.0252843 0.978509 -0.0307048 -0.202332
329 -0.0799905 -0.00736135 -2.08449 -0.0250743 0.978914 -0.030485 -0.200424
330 -0.06061 0.000358713 -2.08601 -0.0243688 0.978707 -0.0300672 -0.201583
331 -0.0805555 -0.00341835 -2.09019 -0.0246489 0.979352 -0.0281142 -0.198673
332 -0.0813154 -0.007009 -2.09004 -0.0242925 0.979598 -0.0265507 -0.19772
333 -0.0713438 0.0063581 -2.09215 -0.0246826 0.979452 -0.0268108 -0.198359
334 -0.0707393 -0.000919354 -2.09592 -0.0241682 0.97951 -0.0227735 -0.198641
335 -0.0781253 -0.00719782 -2.10472 -0.0251873 0.979724 -0.019677 -0.197788
336 -0.0926293 -0.014691 -2.10603 -0.0243936 0.980259 -0.0172804 -0.195446
337 -0.0784781 0.00589766 -2.10531 -0.0245009 0.980164 -0.0179539 -0.195846
338 -0.0790378 -0.0156938 -2.10811 -0.02376 0.980496 -0.0144849 -0.194559
339 -0.0953564 -0.0149951 -2.10887 -0.0236132 0.981124 -0.0147334 -0.191368
340 -0.0780782 -0.00418475 -2.11532 -0.0234218 0.980937 -0.0161705 -0.192232
341 -0.0851315 -0.00376078 -2.11734 -0.0245198 0.981167 -0.0157082 -0.190956
342 -0.0914805 -0.0050383 -2.12165 -0.0239006 0.981371 -0.014002 -0.190114
343 -0.0957025 -0.0152381 -2.12737 -0.0241882 0.981612 -0.0118543 -0.188978
344 -0.0774646 -0.00160101 -2.11512 -0.0236833 0.981501 -0.012643 -0.189565
345 -0.101515 -0.00982152 -2.1269 -0.0232638 0.982069 -0.0121701 -0.186682
346 -0.0867896 0.00161242 -2.13043 -0.0231525 0.981806 -0.0130505 -0.188016
347 -0.100744 -0.00268653 -2.13364 -0.0231019 0.982055 -0.011889 -0.186799
348 -0.108359 -0.00839463 -2.13782 -0.0223823 0.982214 -0.0102367 -0.186145
349 -0.0943019 -0.00903025 -2.13565 -0.0206368 0.98202 -0.00900571 -0.18743
350 -0.102645 -0.0113094 -2.14651 -0.0195741 0.982188 -0.00756024 -0.186726
351 -0.0755324 0.00946848 -2.14293 -0.01841 0.981708 -0.00837541 -0.189314
352 -0.114658 -0.0100161 -2.14741 -0.018321 0.982696 -0.00578739 -0.184228
353 -0.107002 -0.00680814 -2.14359 -0.0170737 0.98273 -0.00627067 -0.184151
354 -0.093181 -0.00269563 -2.15145 -0.0160189 0.982581 -0.00675052 -0.185021
355 -0.113161 -0.00672666 -2.15863 -0.0152617 0.983278 -0.00674622 -0.181345
356 -0.117005 -0.00715833 -2.15505 -0.0144728 0.983767 -0.0074064 -0.178714
357 -0.0993785 -0.000798056 -2.15613 -0.0137684 0.983788 -0.00945543 -0.178553
358 -0.108993 -0.00436164 -2.16192 -0.0133166 0.984283 -0.00851559 -0.175889
359 -0.106323 0.00123306 -2.16523 -0.0113411 0.984769 -0.0075964 -0.173333
360 -0.10549 -0.00689806 -2.16798 -0.0105551 0.985385 -0.00570993 -0.169917
361 -0.103438 0.00179524 -2.16886 -0.0104505 0.986052 -0.00645246 -0.165981
362 -0.104052 -0.00616589 -2.17934 -0.0101932 0.986676 -0.004369 -0.162319
363 -0.0997025 0.00166971 -2.16834 -0.0109543 0.987245 -0.00422466 -0.158776
364 -0.0998715 0.00264041 -2.17623 -0.0110088 0.987767 -0.00565197 -0.155445
365 -0.109407 0.00834987 -2.17081 -0.012319 0.98849 -0.00688375 -0.150627
366 -0.109972 0.00530678 -2.17729 -0.012029 0.989132 -0.00568545 -0.14643
367 -0.10375 -0.00213739 -2.18365 -0.0115995 0.989696 -0.00402838 -0.142659
368 -0.114372 0.00284097 -2.1859 -0.0130744 0.990471 -0.00390445 -0.137042
369 -0.102121 -0.00628129 -2.18955 -0.0110622 0.991023 -0.00351365 -0.13319
370 -0.114395 -0.00217864 -2.20042 -0.0125292 0.991756 -0.00510497 -0.127421
371 -0.111757 -0.00442472 -2.19961 -0.0118458 0.992407 -0.00606212 -0.122272
372 -0.098142 0.00317907 -2.20001 -0.0107919 0.992839 -0.00920706 -0.118615
373 -0.116797 0.00237108 -2.19541 -0.0108103 0.993628 -0.0115273 -0.111593
374 -0.103057 0.00870153 -2.20534 -0.00897273 0.993903 -0.0133759 -0.109079
375 -0.113836 0.015853 -2.19345 -0.00835258 0.994441 -0.0142432 -0.103996
376 -0.116138 -0.00610896 -2.20357 -0.0071913 0.994801 -0.0141254 -0.100596
377 -0.11227 -0.00439016 -2.19553 -0.00639583 0.995178 -0.0154701 -0.0966513
378 -0.108499 0.000847801 -2.20725 -0.0074534 0.995509 -0.016052 -0.0929955
379 -0.115923 0.00676955 -2.21243 -0.00604554 0.995941 -0.0177489 -0.0880345
380 -0.122645 0.0190037 -2.21528 -0.00631294 0.996241 -0.0194313 -0.0841809
381 -0.118865 0.00303236 -2.21594 -0.00375803 0.996548 -0.017983 -0.0809577
382 -0.11854 0.00373863 -2.21386 -0.00297481 0.996854 -0.0182126 -0.0770774
383 -0.109091 -0.0019447 -2.23201 -0.00076197 0.99698 -0.0188177 -0.0753355
384 -0.128845 -0.00588586 -2.23014 -0.00143507 0.997382 -0.0186786 -0.069848
385 -0.12195 0.00317631 -2.223 -0.000750787 0.997553 -0.0199395 -0.0670029
386 -0.1293 0.00460239 -2.23009 0.000174027 0.997811 -0.021561 -0.0625132
387 -0.122985 -0.00699481 -2.22396 -3.28619e-05 0.997967 -0.021734 -0.0599166
388 -0.13892 0.00598547 -2.22546 -0.00125419 0.998158 -0.0240031 -0.0556952
389 -0.128645 -0.00164337 -2.22871 -0.00128028 0.998225 -0.0240618 -0.0544721
390 -0.115769 -0.0257542 -2.25254 0.000501166 0.99823 -0.0238347 -0.0544898
391 -0.130737 0.00906361 -2.23454 -0.000513193 0.998268 -0.0293118 -0.0510035
392 -0.131595 -0.00346237 -2.24324 0.000615433 0.998342 -0.0291982 -0.049592
393 -0.125928 -0.0174236 -2.25079 0.00249315 0.998368 -0.0292861 -0.0489596
394 -0.128876 0.00104127 -2.24766 0.00105419 0.998323 -0.032392 -0.0479592
395 -0.132321 -0.00392374 -2.24398 0.00186293 0.998361 -0.0338324 -0.0461236
396 -0.147357 -0.0241626 -2.25847 0.0016791 0.99847 -0.0340143 -0.0435653
397 -0.131582 -0.00455937 -2.25954 0.00207979 0.998334 -0.037689 -0.0436339
398 -0.137786 -0.00310957 -2.25979 0.00169823 0.998433 -0.0384489 -0.0406144
399 -0.13522 -0.0217518 -2.27461 0.00146809 0.998497 -0.0385095 -0.0389753
400 -0.147344 -0.0111076 -2.26382 -0.000401651 0.998564 -0.0409113 -0.0345963
401 -0.138738 0.00564535 -2.27033 0.000372323 0.998426 -0.0451265 -0.0333072
402 -0.143161 -0.0262608 -2.27128 0.000768881 0.998548 -0.0441342 -0.030893
403 -0.147122 -0.0142678 -2.26728 0.000110387 0.998453 -0.0484387 -0.0272995
404 -0.154107 -0.00353864 -2.27312 -0.000887209 0.99837 -0.0515151 -0.0245677
405 -0.139678 -0.0202689 -2.2746 -0.000635451 0.99832 -0.0524214 -0.0246802
406 -0.141154 -0.0133662 -2.2746 -0.00191826 0.998214 -0.0550707 -0.0230519
407 -0.148907 -0.00634008 -2.27131 -0.00121963 0.998152 -0.0573874 -0.0199219
408 -0.142345 -0.0154816 -2.27669 -0.00137291 0.998183 -0.0571127 -0.0191703
409 -0.147378 -0.0259177 -2.27767 -0.000867742 0.998183 -0.0579002 -0.0166519
410 -0.142289 -0.0323172 -2.27817 -0.00127526 0.998109 -0.0593534 -0.0159253
411 -0.164844 0.00188655 -2.27613 -0.000197115 0.997781 -0.0655759 -0.0115431
412 -0.14594 -0.0166147 -2.29063 -0.000466232 0.997844 -0.0643304 -0.0130157
413 -0.148908 -0.0162831 -2.28989 0.00155403 0.997836 -0.064834 -0.0108332
414 -0.148919 -0.0107373 -2.29556 0.00265273 0.997724 -0.0667444 -0.00919875
415 -0.16072 -0.006527 -2.28898 0.00337517 0.99766 -0.068086 -0.00531913
416 -0.152741 -0.0152398 -2.29232 0.00629898 0.99756 -0.0694477 -0.00335761
417 -0.126422 -0.0199342 -2.31887 0.0061589 0.997389 -0.0717674 -0.00514333
418 -0.184491 0.0166341 -2.2877 0.00378931 0.996887 -0.0786546 0.0040462
419 -0.146937 -0.00338744 -2.29688 0.00306062 0.996968 -0.0777472 0.000471189
420 -0.163517 -0.0145353 -2.29659 0.00438685 0.99694 -0.0779904 0.00283138
421 -0.155178 0.00286284 -2.3119 0.00544063 0.996578 -0.0824631 0.00175375
422 -0.166441 -0.0259618 -2.29938 0.0035738 0.996831 -0.0794323 0.00250103
423 -0.141119 -0.0164997 -2.32357 0.00244451 0.996474 -0.0838398 -0.00207957
424 -0.130695 -0.0532824 -2.32853 0.000500053 0.996698 -0.0810403 -0.00509927
425 -0.143469 -0.0406399 -2.32233 -0.000747844 0.99654 -0.0829951 -0.00445778
426 -0.160849 -0.0366431 -2.3197 -0.00290331 0.996498 -0.0834472 -0.00456437
427 -0.150251 -0.0281057 -2.32729 -0.0027566 0.996302 -0.0855747 -0.0072261
428 -0.151165 -0.0209919 -2.32227 -0.00426141 0.996205 -0.086589 -0.00768114
429 -0.174554 0.0388144 -2.32645 -0.00480049 0.995511 -0.0943558 -0.00570222
430 -0.136198 -0.0410775 -2.35193 -0.00343906 0.996215 -0.0860821 -0.0115955
431 -0.157131 -0.0224761 -2.3419 -0.00408856 0.995915 -0.0897482 -0.00910248
432 -0.165358 -0.0307161 -2.3324 -0.00257139 0.995923 -0.0897135 -0.00905709
433 -0.156295 -0.0246931 -2.34502 -0.00284764 0.99578 -0.0910779 -0.0109377
434 -0.147734 -0.0225624 -2.35061 -0.00134717 0.995484 -0.0940764 -0.0125958
435 -0.123025 -0.0324296 -2.3646 -0.00325873 0.99527 -0.0956294 -0.0168129
436 -0.164995 -0.0252466 -2.35848 -0.00494106 0.995084 -0.0980658 -0.0129179
437 -0.132342 -0.0377048 -2.36552 -0.00668582 0.994959 -0.0983875 -0.0182057
438 -0.135771 -0.0351888 -2.36691 -0.00736457 0.994704 -0.100823 -0.0185528
439 -0.141814 -0.0391333 -2.36694 -0.00863995 0.994503 -0.102593 -0.0190673
440 -0.135781 -0.0302182 -2.37347 -0.00855617 0.99404 -0.10665 -0.0208966
441 -0.132053 -0.0211861 -2.37398 -0.00841083 0.993676 -0.109732 -0.0222762
442 -0.136507 -0.0241764 -2.37838 -0.00905565 0.993588 -0.110227 -0.0234744
443 -0.148986 -0.0103996 -2.38073 -0.00794773 0.99339 -0.1122 -0.0228797
444 -0.14415 -0.0313407 -2.38032 -0.0088264 0.993749 -0.108739 -0.0237017
445 -0.148022 -0.0340373 -2.38067 -0.00937659 0.993908 -0.107332 -0.0232087
446 -0.157041 -0.0260648 -2.37964 -0.00990092 0.993763 -0.108822 -0.0222531
447 -0.154855 -0.0256212 -2.3788 -0.00885903 0.993613 -0.110155 -0.0228361
448 -0.1538 -0.0249626 -2.3838 -0.00774157 0.993637 -0.109883 -0.0234636
449 -0.143534 -0.0460341 -2.38921 -0.00763181 0.99363 -0.109509 -0.0254555
450 -0.128796 -0.0389342 -2.39812 -0.00704789 0.993241 -0.112435 -0.0279504
451 -0.145314 -0.0289973 -2.39434 -0.0048691 0.992863 -0.116052 -0.0270534
452 -0.143653 -0.0287343 -2.39363 -0.00502951 0.992706 -0.11714 -0.0280621
453 -0.138502 -0.052359 -2.3955 -0.00443661 0.993032 -0.114057 -0.0292941
454 -0.148254 -0.0487437 -2.39751 -0.00431212 0.992952 -0.114942 -0.0285534
455 -0.155142 -0.0397865 -2.41058 -0.00440625 0.992553 -0.118331 -0.0285943
456 -0.139885 -0.0215111 -2.41162 -0.00415005 0.992032 -0.122124 -0.0306716
457 -0.132987 -0.0164217 -2.41577 -0.00407598 0.991574 -0.125644 -0.0312649
458 -0.160325 -0.0149365 -2.41491 -0.00481495 0.991359 -0.128145 -0.0276184
459 -0.130046 -0.0283621 -2.41546 -0.00573181 0.991281 -0.127943 -0.0309656
460 -0.1583 -0.0216895 -2.41479 -0.00568101 0.990859 -0.131832 -0.0280534
461 -0.145285 -0.0212707 -2.428 -0.00510568 0.990429 -0.134643 -0.0299309
462 -0.147165 -0.0443501 -2.43265 -0.00705895 0.99058 -0.13331 -0.0304974
463 -0.16412 -0.0113672 -2.42005 -0.00842934 0.989849 -0.138872 -0.0290181
464 -0.159094 -0.0305541 -2.43008 -0.00936105 0.990022 -0.137195 -0.0307623
465 -0.153288 -0.0326657 -2.4365 -0.00925535 0.989984 -0.137075 -0.0324895
466 -0.146501 -0.0332725 -2.44351 -0.00935866 0.989823 -0.137711 -0.0346284
467 -0.155891 -0.0378191 -2.4421 -0.0101516 0.98972 -0.138341 -0.0348329
468 -0.164259 -0.0347066 -2.44434 -0.00988218 0.989566 -0.139616 -0.0341763
469 -0.157775 -0.0271609 -2.44711 -0.00858033 0.988761 -0.144838 -0.0360444
470 -0.154 -0.042906 -2.4542 -0.0110625 0.988111 -0.148461 -0.0383744
471 -0.160471 -0.0362027 -2.44639 -0.0132079 0.987201 -0.153994 -0.0393027
472 -0.154434 -0.0349316 -2.45767 -0.0150001 0.986751 -0.15598 -0.0420315
473 -0.157069 -0.0351798 -2.46226 -0.0147107 0.986432 -0.157662 -0.0433463
474 -0.166056 -0.0316068 -2.46517 -0.015958 0.985808 -0.161325 -0.0436056
475 -0.175797 -0.0737005 -2.46284 -0.0166193 0.986339 -0.157995 -0.0435517
476 -0.164455 -0.0382553 -2.47321 -0.0159035 0.985313 -0.163707 -0.0458749
477 -0.151389 -0.0552437 -2.47162 -0.0170548 0.985362 -0.162987 -0.0469745
478 -0.162251 -0.0494827 -2.4748 -0.0162621 0.984973 -0.165908 -0.0451575
479 -0.16164 -0.0488453 -2.48101 -0.0163005 0.984729 -0.167591 -0.044237
480 -0.173883 -0.0394343 -2.47388 -0.0174611 0.984453 -0.16995 -0.0408102
481 -0.17405 -0.04763 -2.46904 -0.0166352 0.984123 -0.172205 -0.0396215
482 -0.159613 -0.0445295 -2.48993 -0.0166552 0.983616 -0.174797 -0.040842
483 -0.169027 -0.0596502 -2.48757 -0.0176703 0.983989 -0.173132 -0.0384428
484 -0.160911 -0.0521613 -2.49028 -0.0174762 0.983647 -0.175075 -0.0384934
485 -0.160714 -0.0541713 -2.4894 -0.0170168 0.983627 -0.175607 -0.0367463
486 -0.168192 -0.034293 -2.48829 -0.0170122 0.983076 -0.179267 -0.0336887
487 -0.168577 -0.0454219 -2.48983 -0.0166869 0.98302 -0.180025 -0.031367
488 -0.170088 -0.0516038 -2.49584 -0.0157849 0.982994 -0.1807 -0.0286485
489 -0.164706 -0.0585829 -2.50643 -0.0165503 0.983148 -0.180175 -0.0261469
490 -0.170044 -0.0935026 -2.49426 -0.0151597 0.984035 -0.175998 -0.0216568
491 -0.168743 -0.0246461 -2.50028 -0.0150046 0.982317 -0.185838 -0.0171139
492 -0.203531 -0.0423396 -2.48871 -0.0142339 0.982746 -0.184196 -0.00887065
493 -0.174267 -0.0609049 -2.50744 -0.014626 0.982897 -0.183391 -0.0082607
494 -0.174649 -0.0354182 -2.50718 -0.0130147 0.982059 -0.188094 -0.00325821
495 -0.192134 -0.0437999 -2.50445 -0.0118252 0.981985 -0.188568 0.00279977
496 -0.204909 -0.0312925 -2.49823 -0.0119771 0.981495 -0.190979 0.00708991
497 -0.172594 -0.0378183 -2.51424 -0.0125701 0.981659 -0.190156 0.00526081
498 -0.168298 -0.0516263 -2.51049 -0.0128302 0.982058 -0.188023 0.00674568
499 -0.1625 -0.0523699 -2.51863 -0.0121198 0.981567 -0.190524 0.00894019
500 -0.17341 -0.0441082 -2.51785 -0.0104252 0.980737 -0.19458 0.0135967
501 -0.168589 -0.0605034 -2.5279 -0.0115348 0.980985 -0.193115 0.0155249
502 -0.185637 -0.049636 -2.51406 -0.0117463 0.9807 -0.19407 0.0206628
503 -0.152268 -0.0666842 -2.53551 -0.0108958 0.981102 -0.19227 0.0187833
504 -0.161811 -0.0467829 -2.53378 -0.00941357 0.980512 -0.194773 0.0238901
505 -0.185763 -0.054509 -2.52097 -0.00902292 0.980471 -0.193966 0.0311819
506 -0.197385 -0.0633718 -2.51896 -0.00783551 0.980416 -0.193397 0.0363484
507 -0.18777 -0.0512712 -2.53154 -0.00655402 0.979727 -0.196581 0.038054
508 -0.163271 -0.0693238 -2.55354 -0.00513918 0.979766 -0.196318 0.0386092
509 -0.165061 -0.0539185 -2.54684 -0.00329629 0.979124 -0.198657 0.0428953
510 -0.187638 -0.0389389 -2.53318 -0.0026159 0.978451 -0.200483 0.0493279
511 -0.163498 -0.0506653 -2.55521 -0.000611052 0.978623 -0.200202 0.0470724
512 -0.199275 -0.0305808 -2.5345 0.000593319 0.977634 -0.203143 0.0544511
513 -0.151282 -0.0736834 -2.56716 0.00192102 0.978787 -0.198941 0.0489256
514 -0.173723 -0.0468406 -2.5529 0.00470509 0.977591 -0.203578 0.0533909
515 -0.165254 -0.0573386 -2.55197 0.00471893 0.977795 -0.202473 0.0538399
516 -0.212109 -0.0346703 -2.53207 0.00656736 0.976586 -0.205976 0.0617232
517 -0.173971 -0.0249473 -2.55456 0.00931726 0.976083 -0.20938 0.0577448
518 -0.159821 -0.0611533 -2.56614 0.00839759 0.977014 -0.205276 0.0568723
519 -0.16119 -0.0581835 -2.56234 0.0101155 0.976618 -0.206579 0.0586552
520 -0.159291 -0.067297 -2.57281 0.0119015 0.976637 -0.205843 0.0605595
521 -0.155785 -0.0522627 -2.5765 0.011832 0.976033 -0.208136 0.0624397
522 -0.151589 -0.0488066 -2.58108 0.0132976 0.975792 -0.208457 0.0648022
523 -0.140758 -0.0767245 -2.58536 0.0131085 0.976771 -0.203502 0.0658355
524 -0.146619 -0.050907 -2.59327 0.0158235 0.975902 -0.206148 0.0697678
525 -0.164008 -0.0449155 -2.57202 0.0173886 0.975563 -0.205416 0.0760215
526 -0.150555 -0.0745753 -2.58804 0.0187343 0.976612 -0.199665 0.0775373
527 -0.130999 -0.0679907 -2.60294 0.019951 0.976715 -0.198682 0.0784552
528 -0.157466 -0.0739846 -2.5759 0.021792 0.976741 -0.195081 0.0862887
529 -0.133653 -0.0469118 -2.60532 0.0230204 0.97628 -0.197225 0.0863087
530 -0.153351 -0.0595338 -2.59699 0.0242782 0.976721 -0.192398 0.0917064
531 -0.173616 -0.0508928 -2.58273 0.0245036 0.976545 -0.190198 0.0978958
532 -0.174184 -0.0397843 -2.58693 0.0270929 0.975977 -0.19091 0.101431
533 -0.156974 -0.0579141 -2.59415 0.0280401 0.976646 -0.187211 0.101629
534 -0.149507 -0.0463932 -2.5954 0.0285827 0.97646 -0.186718 0.104137
535 -0.162344 -0.0419656 -2.60298 0.0299335 0.975985 -0.186046 0.109291
536 -0.16421 -0.072807 -2.59785 0.0292813 0.977044 -0.178572 0.112427
537 -0.151371 -0.0593614 -2.6019 0.0296867 0.977056 -0.177448 0.113981
538 -0.14705 -0.0647263 -2.60064 0.0311179 0.977202 -0.174664 0.116622
539 -0.142713 -0.0506187 -2.60048 0.0304349 0.976893 -0.174199 0.120035
540 -0.153958 -0.0563931 -2.60858 0.03054 0.976694 -0.171571 0.125301
541 -0.193279 -0.0451634 -2.59413 0.0294019 0.975659 -0.16996 0.135421
542 -0.152238 -0.0579577 -2.60718 0.0315622 0.976048 -0.167809 0.134816
543 -0.145297 -0.0531025 -2.60714 0.0329344 0.975445 -0.167457 0.139213
544 -0.15342 -0.0646878 -2.61406 0.0299641 0.975294 -0.163095 0.145959
545 -0.155373 -0.0329505 -2.60775 0.0316569 0.974122 -0.163961 0.15232
546 -0.158106 -0.0415362 -2.61745 0.0318214 0.973664 -0.160541 0.158719
547 -0.176256 -0.0239136 -2.60174 0.0328521 0.972658 -0.158545 0.166498
548 -0.170835 -0.0551225 -2.6037 0.0325289 0.972996 -0.151526 0.17106
549 -0.170257 -0.0342133 -2.60736 0.0334485 0.971694 -0.153395 0.17653
550 -0.169801 -0.0392009 -2.61549 0.0340084 0.971059 -0.151551 0.181439
551 -0.159342 -0.0551168 -2.6122 0.0352954 0.971177 -0.147335 0.184015
552 -0.180776 -0.0203065 -2.60707 0.0349005 0.969449 -0.148911 0.191771
553 -0.161267 -0.0366569 -2.61645 0.03483 0.96954 -0.145432 0.193983
554 -0.168347 -0.0383646 -2.61601 0.0356935 0.96863 -0.144209 0.199211
555 -0.166251 -0.0411661 -2.61249 0.0362255 0.967985 -0.143067 0.203037
556 -0.175481 -0.0403279 -2.6129 0.0349245 0.967263 -0.141144 0.207994
557 -0.167638 -0.0268571 -2.61482 0.0347334 0.966762 -0.141181 0.210316
558 -0.182715 -0.0364781 -2.61737 0.0336841 0.966125 -0.138559 0.215105
559 -0.157016 -0.0512896 -2.61554 0.0330616 0.966585 -0.135613 0.215012
560 -0.163066 -0.0448325 -2.6142 0.0322002 0.965968 -0.134241 0.218742
561 -0.164352 -0.0307425 -2.61994 0.031684 0.965157 -0.134502 0.222211
562 -0.177003 -0.0395043 -2.61987 0.0304637 0.964502 -0.132009 0.226675
563 -0.164906 -0.0182867 -2.62386 0.0312421 0.963958 -0.132844 0.228388
564 -0.169582 -0.022257 -2.62328 0.02969 0.963457 -0.130336 0.232122
565 -0.168503 -0.02628 -2.62101 0.0293883 0.962961 -0.128073 0.235456
566 -0.171329 -0.02094 -2.62111 0.0295317 0.962296 -0.127228 0.238594
567 -0.180589 -0.0249 -2.6287 0.0295582 0.961456 -0.124332 0.243455
568 -0.159649 -0.0347027 -2.61924 0.0296429 0.961914 -0.120798 0.243413
569 -0.173326 -0.0214444 -2.62978 0.0318825 0.960501 -0.120136 0.248976
570 -0.164243 -0.0331466 -2.62307 0.0308356 0.96043 -0.116039 0.251315
571 -0.176667 -0.0283188 -2.62981 0.0318563 0.958861 -0.114841 0.257646
572 -0.180692 -0.0244161 -2.62859 0.0336202 0.957725 -0.112881 0.262471
573 -0.178528 -0.0183181 -2.62957 0.0350748 0.956791 -0.111147 0.266397
574 -0.17778 -0.022391 -2.63309 0.0352173 0.955813 -0.108342 0.271004
575 -0.167259 -0.0284077 -2.62781 0.0358644 0.955411 -0.104604 0.27379
576 -0.17389 -0.0264585 -2.63161 0.0359161 0.954188 -0.102195 0.278912
577 -0.180712 -0.0186057 -2.63732 0.0356033 0.952734 -0.101259 0.284213
578 -0.184415 -0.0210546 -2.64064 0.0354983 0.9516 -0.0978859 0.289164
579 -0.173509 -0.0282493 -2.63503 0.0341113 0.951316 -0.094843 0.291272
580 -0.174452 -0.0200426 -2.6328 0.0323323 0.95021 -0.094036 0.295318
581 -0.169873 -0.0144961 -2.636 0.0327262 0.949076 -0.0923691 0.299419
582 -0.168539 -0.00837307 -2.62674 0.0324979 0.948379 -0.0909781 0.302066
583 -0.172945 -0.0256462 -2.63591 0.0302784 0.9473 -0.0854726 0.307245
584 -0.178313 -0.0042882 -2.63153 0.0299544 0.946078 -0.0858417 0.310917
585 -0.176888 -0.0156367 -2.64154 0.0286306 0.944786 -0.0824962 0.315839
586 -0.173763 -0.0184765 -2.63103 0.0294065 0.94422 -0.0785164 0.318463
587 -0.170051 -0.0198717 -2.63868 0.0278435 0.943025 -0.0767316 0.322553
588 -0.173335 -0.0186397 -2.63413 0.0279167 0.941935 -0.0740248 0.326342
589 -0.175094 -0.0139616 -2.63577 0.0282455 0.940624 -0.0728023 0.330347
590 -0.175772 -0.0114491 -2.63528 0.0280571 0.939594 -0.0703791 0.333799
591 -0.174717 -0.0134235 -2.63754 0.027221 0.938656 -0.0675751 0.337072
592 -0.174112 -0.010914 -2.64147 0.0266996 0.937493 -0.0669542 0.340458
593 -0.167383 -0.0130072 -2.63909 0.0273577 0.93686 -0.0639887 0.342711
594 -0.173604 -0.0198489 -2.63852 0.0270511 0.935818 -0.0601778 0.346252
595 -0.170572 -0.00979033 -2.63029 0.0275637 0.935281 -0.0598952 0.347711
596 -0.174558 -0.0151227 -2.63739 0.0265415 0.933883 -0.0581252 0.351824
597 -0.177924 -0.00464807 -2.63544 0.0271665 0.932613 -0.0583048 0.3551
598 -0.176846 -0.0145307 -2.64653 0.0267666 0.931082 -0.0560648 0.359482
599 -0.178864 -0.00319127 -2.63575 0.0274534 0.930277 -0.0555504 0.361587
600 -0.169718 -0.0084229 -2.6413 0.0280343 0.929303 -0.0533517 0.364368
601 -0.176574 -0.00201972 -2.63677 0.0295862 0.927994 -0.0507556 0.367935
602 -0.1711 -0.00358531 -2.63932 0.0279905 0.926981 -0.0490655 0.370832
603 -0.176793 -0.00333442 -2.63793 0.0281279 0.925274 -0.0472316 0.375295
604 -0.168393 0.00231434 -2.6333 0.027525 0.924557 -0.0477033 0.377043
605 -0.180368 -0.00742811 -2.64469 0.0267305 0.922377 -0.0455432 0.382664
606 -0.171881 -0.00898116 -2.64164 0.0264551 0.92158 -0.0444912 0.384722
607 -0.175671 -0.00343149 -2.63952 0.0264873 0.92036 -0.0444073 0.387639
608 -0.180992 -0.00768969 -2.64972 0.0252045 0.918467 -0.042233 0.392429
609 -0.17678 -0.00758436 -2.64375 0.0258417 0.917661 -0.0408937 0.39441
610 -0.180398 -0.000712357 -2.64197 0.0260834 0.915928 -0.0401439 0.398477
611 -0.176769 0.00465055 -2.64529 0.0260202 0.91465 -0.0406722 0.401352
612 -0.168957 0.00102586 -2.6345 0.0282373 0.913613 -0.039655 0.403659
613 -0.169608 0.00258747 -2.63361 0.0311035 0.911408 -0.0390329 0.408465
614 -0.175485 -0.0015583 -2.64051 0.0315277 0.908686 -0.0363487 0.414698
615 -0.17471 -0.00159252 -2.64023 0.0309912 0.907087 -0.0347208 0.418362
616 -0.179597 0.00897505 -2.63556 0.0310459 0.905422 -0.0337124 0.422032
617 -0.16834 -0.00258412 -2.64098 0.0290683 0.90408 -0.0297274 0.425337
618 -0.168558 0.00491408 -2.63109 0.0295462 0.90238 -0.0279474 0.429018
619 -0.168081 0.00590532 -2.64197 0.0285839 0.899675 -0.0280509 0.434719
620 -0.173278 -0.00613197 -2.64764 0.0262114 0.897497 -0.026589 0.439437
621 -0.170227 0.00323387 -2.64314 0.0273365 0.896193 -0.0271037 0.44199
622 -0.167088 -0.00139274 -2.64232 0.0261438 0.89493 -0.0258854 0.444688
623 -0.168877 0.00408162 -2.64062 0.0254958 0.893429 -0.0255986 0.447749
624 -0.164056 0.00802037 -2.6317 0.0255588 0.892351 -0.0258651 0.449875
625 -0.163724 0.00240431 -2.63847 0.0254744 0.889989 -0.0251207 0.454577
626 -0.163868 0.000218411 -2.64755 0.0249954 0.887841 -0.0239169 0.458849
627 -0.156649 0.00458335 -2.63816 0.0257481 0.886823 -0.0237973 0.460777
628 -0.15839 -0.00281529 -2.63642 0.0256582 0.885275 -0.0233186 0.463773
629 -0.157481 0.000653031 -2.63872 0.0248208 0.883583 -0.0250759 0.466943
630 -0.160916 0.00302904 -2.64254 0.0242827 0.8815 -0.0253743 0.470876
631 -0.152065 0.000565374 -2.63428 0.023736 0.880563 -0.0250719 0.47267
632 -0.152107 -0.000668822 -2.63469 0.0237289 0.878573 -0.0257085 0.476325
633 -0.150687 0.00330632 -2.63618 0.0241541 0.876489 -0.027608 0.480023
634 -0.154862 -0.00684854 -2.65038 0.0234871 0.873136 -0.0267851 0.486173
635 -0.144876 0.00950459 -2.63177 0.0258131 0.872771 -0.029654 0.486544
636 -0.146972 0.00189328 -2.63941 0.0249459 0.870303 -0.02972 0.490987
637 -0.139585 -0.00300558 -2.63164 0.0242518 0.869477 -0.0289554 0.492527
638 -0.138872 0.00710302 -2.63513 0.0246837 0.867548 -0.0314487 0.495744
639 -0.137854 -0.00462472 -2.63368 0.0238868 0.866054 -0.0296552 0.498498
640 -0.139064 0.00338066 -2.64162 0.024588 0.86348 -0.0321433 0.502757
641 -0.135099 -0.00187421 -2.6384 0.0231234 0.862564 -0.0316503 0.504427
642 -0.135779 0.00296262 -2.64416 0.0245402 0.860691 -0.0324742 0.507498
643 -0.13122 -0.00308914 -2.63625 0.0241398 0.860399 -0.0317179 0.50806
644 -0.12561 -0.00316318 -2.63685 0.0239121 0.859258 -0.031205 0.51003
645 -0.127414 0.00173327 -2.63699 0.024252 0.857972 -0.0315572 0.512152
646 -0.123052 0.00612615 -2.63485 0.0247922 0.856906 -0.0329784 0.513819
647 -0.122056 0.0078058 -2.63635 0.0246067 0.85578 -0.0331191 0.515691
648 -0.117071 0.00204138 -2.63442 0.0233423 0.855263 -0.0319161 0.516684
649 -0.11455 0.00176659 -2.63167 0.0225378 0.85464 -0.031815 0.517755
650 -0.109729 -0.00142726 -2.63003 0.021691 0.853881 -0.0314603 0.519064
651 -0.112134 -0.00768151 -2.63311 0.020456 0.85309 -0.0307981 0.520453
652 -0.105087 0.00663758 -2.6334 0.0209196 0.853077 -0.0330257 0.520319
653 -0.103236 -0.00231746 -2.63462 0.0206319 0.852874 -0.0312866 0.520769
654 -0.099409 0.00167801 -2.6303 0.0209464 0.853294 -0.0314392 0.520059
655 -0.0946995 0.000496072 -2.62753 0.0203159 0.85384 -0.0315722 0.51918
656 -0.0949521 0.00448866 -2.63193 0.0209407 0.852721 -0.0319891 0.520965
657 -0.0875801 0.00615603 -2.61951 0.0217024 0.853333 -0.0311503 0.519982
658 -0.0866115 0.00594444 -2.62349 0.021974 0.852609 -0.0311521 0.521157
659 -0.0897395 -0.00342449 -2.63366 0.0207422 0.85172 -0.029667 0.522746
660 -0.0839952 0.00495194 -2.62511 0.021124 0.852273 -0.0300768 0.521804
661 -0.0773643 0.00114777 -2.62008 0.02059 0.852995 -0.0291507 0.520697
662 -0.0766378 -0.00214106 -2.62012 0.0199872 0.853455 -0.02782 0.52004
663 -0.0743357 0.00401663 -2.61696 0.0185038 0.854106 -0.0280702 0.51901
664 -0.0717308 0.00146977 -2.62206 0.0169041 0.854071 -0.0259413 0.519234
665 -0.0703118 0.00180556 -2.62464 0.0159709 0.853802 -0.0240114 0.519798
666 -0.0724762 0.00398564 -2.62846 0.0137159 0.853218 -0.0235321 0.520843
667 -0.0602418 0.00251437 -2.60872 0.0124026 0.854903 -0.0217164 0.518184
668 -0.0650088 0.0113899 -2.61853 0.00936072 0.854056 -0.0215791 0.519648
669 -0.0619549 0.00984313 -2.62083 0.00732998 0.854001 -0.020416 0.519818
670 -0.0583149 0.00481891 -2.62255 0.0049643 0.853987 -0.0189753 0.519924
671 -0.0547815 0.0038581 -2.61916 0.00240495 0.854366 -0.0171137 0.519385
672 -0.0582499 0.00897714 -2.62219 0.00191938 0.853981 -0.0154125 0.520072
673 -0.0396011 0.0100826 -2.60776 0.00161539 0.855358 -0.0144828 0.517833
674 -0.0477166 0.013764 -2.6242 0.00228905 0.8533 -0.013997 0.521227
675 -0.0497947 0.0104274 -2.62511 0.00076157 0.852824 -0.0124902 0.522049
676 -0.0450799 0.0112389 -2.6246 4.23229e-05 0.85238 -0.0118498 0.522789
677 -0.0402287 0.0107048 -2.62498 0.000346841 0.851539 -0.0104444 0.524186
678 -0.0335615 0.0129751 -2.6251 0.0015851 0.850617 -0.00890268 0.525708
679 -0.0398284 0.0109552 -2.63698 0.00278441 0.847739 -0.00838867 0.53034
680 -0.0273259 0.0192603 -2.61921 0.00506006 0.847806 -0.0090697 0.530205
681 -0.0297141 0.01589 -2.63215 0.00595594 0.845056 -0.00774127 0.534588
682 -0.0277198 0.0110254 -2.63514 0.0071849 0.843739 -0.0063698 0.536667
683 -0.0269501 0.0134174 -2.62977 0.0078627 0.843961 -0.00695118 0.536302
684 -0.0199608 0.0144865 -2.63528 0.00733254 0.84373 -0.00530594 0.536691
685 -0.0200006 0.00804167 -2.63437 0.00581041 0.844115 -0.00212072 0.536127
686 -0.0148119 0.0190616 -2.63547 0.00568668 0.844563 -0.00245906 0.535421
687 -0.00994683 0.0113176 -2.63577 0.00438133 0.845278 0.000973144 0.534307
688 -0.0140726 0.0123509 -2.64922 0.00314848 0.844498 0.00249364 0.535544
689 -0.0102869 0.0163215 -2.65035 0.00276606 0.845003 0.00190173 0.534751
690 -0.00601411 0.0152846 -2.65246 0.00205472 0.845284 0.000924001 0.534312
691 0.0095162 0.0191985 -2.63743 0.00172548 0.847597 -0.000904807 0.530637
692 0.00473443 0.0128808 -2.65114 0.000300708 0.846912 0.000314673 0.531733
693 0.00672782 0.0140502 -2.65075 -0.00108485 0.847551 0.000648099 0.530713
694 0.0116384 0.0188663 -2.65555 -0.00125722 0.847504 0.0010273 0.530787
695 0.0166782 0.00673508 -2.6556 -0.00412783 0.848094 0.00361068 0.529817
696 0.0171739 0.0180418 -2.6646 -0.00191678 0.848129 0.00243578 0.52978
697 0.0262253 0.0114041 -2.66083 -0.00396432 0.850005 0.00638654 0.52672
698 0.0229141 0.0130884 -2.66636 -0.0045223 0.850044 0.0070116 0.526646
699 0.0217933 0.0051431 -2.68012 -0.00629824 0.849171 0.00908776 0.528003
700 0.0369105 0.013561 -2.66347 -0.0057501 0.851331 0.0104974 0.524492
701 0.0169287 0.0222914 -2.68921 -0.00611083 0.848899 0.0123527 0.528375
702 0.0259412 0.0287016 -2.68078 -0.00468821 0.85039 0.0140916 0.525943
703 0.0326542 0.0191862 -2.67491 -0.00555622 0.851898 0.0175136 0.523386
704 0.0335841 0.0160346 -2.68008 -0.00730097 0.852377 0.0203109 0.522483
705 0.0292946 0.0201888 -2.69425 -0.00872983 0.851425 0.0210606 0.523981
706 0.0416045 0.0271914 -2.6789 -0.00739874 0.853437 0.0204064 0.520743
707 0.0507443 0.0183202 -2.66709 -0.00788254 0.855314 0.0218621 0.517589
708 0.0402375 0.0210302 -2.68973 -0.00854006 0.853898 0.0230929 0.519858
709 0.052163 0.00675965 -2.68146 -0.00891698 0.855621 0.0263981 0.516852
710 0.042892 0.0248798 -2.69273 -0.00789317 0.85569 0.0239901 0.516872
711 0.0482346 0.0194942 -2.69439 -0.0104143 0.857127 0.0252603 0.514379
712 0.0412789 0.0113651 -2.70398 -0.0131713 0.857198 0.0280019 0.514057
713 0.0487798 0.0225126 -2.70379 -0.013269 0.858897 0.0263685 0.511297
714 0.0605295 0.00921521 -2.68815 -0.0146535 0.862161 0.027563 0.505672
715 0.0769753 0.032695 -2.67132 -0.0116859 0.86595 0.0237047 0.499431
716 0.0829964 0.0277219 -2.66225 -0.0126137 0.868878 0.0235905 0.494303
717 0.0645082 0.019142 -2.68902 -0.0134881 0.86802 0.0253027 0.4957
718 0.0802609 0.027224 -2.67659 -0.0130542 0.871218 0.0245601 0.490108
719 0.0725971 0.0179727 -2.68129 -0.0131843 0.872391 0.0282565 0.487814
720 0.0828903 0.0221061 -2.68177 -0.013434 0.874685 0.027028 0.483752
721 0.0903927 0.0300957 -2.67554 -0.0116885 0.877143 0.026157 0.479373
722 0.0822259 0.0288838 -2.68885 -0.0112104 0.877627 0.0264001 0.478486
723 0.0823727 0.00989553 -2.69588 -0.0133509 0.878936 0.0296318 0.475831
724 0.0942724 0.0229783 -2.68415 -0.0129904 0.881656 0.0282561 0.470868
725 0.104987 0.00914156 -2.67356 -0.0150932 0.884578 0.0322095 0.465035
726 0.097819 0.0158279 -2.68708 -0.0134127 0.885126 0.0309204 0.464129
727 0.118621 0.0193147 -2.66051 -0.010885 0.889831 0.0315486 0.455069
728 0.123638 0.0333347 -2.65123 -0.0078043 0.892286 0.0313698 0.450312
729 0.106828 0.0222339 -2.68298 -0.00950044 0.891445 0.034087 0.451746
730 0.125773 0.0306501 -2.65718 -0.00712441 0.896245 0.0347639 0.442138
731 0.122967 0.00912397 -2.66785 -0.00859467 0.89735 0.0389159 0.439516
732 0.123759 0.0047216 -2.67578 -0.00884825 0.899009 0.0394655 0.436058
733 0.142218 0.0284749 -2.64939 -0.00585673 0.903576 0.0366781 0.426815
734 0.133927 0.00516316 -2.66249 -0.00807748 0.904104 0.0402105 0.42534
735 0.146242 0.0234696 -2.64884 -0.00553869 0.907615 0.0392083 0.417931
736 0.131641 0.00624737 -2.67141 -0.00936923 0.907547 0.0417333 0.417767
737 0.157975 0.0315924 -2.64229 -0.00544826 0.912491 0.0384378 0.407251
738 0.177967 0.0409028 -2.61496 -0.00427781 0.916588 0.0390205 0.397903
739 0.142597 0.00609881 -2.6699 -0.0097013 0.913384 0.0463674 0.404333
740 0.144463 0.0285977 -2.65806 -0.00936432 0.915777 0.04497 0.399053
741 0.170327 0.0258506 -2.64049 -0.0119016 0.919229 0.0457755 0.390872
742 0.140133 0.000178234 -2.67403 -0.0159162 0.917378 0.0506589 0.39446
743 0.150917 0.0264509 -2.66629 -0.0158574 0.919344 0.0470587 0.390309
744 0.15786 0.00851733 -2.65514 -0.0167781 0.920741 0.0494952 0.386658
745 0.157423 0.00216487 -2.66158 -0.0176881 0.920828 0.0482781 0.386564
746 0.167865 0.0354431 -2.6491 -0.0163913 0.923243 0.046603 0.381028
747 0.181672 0.0276884 -2.63315 -0.018408 0.925285 0.0475272 0.375832
748 0.17019 0.0229704 -2.65343 -0.019081 0.924274 0.0475395 0.378277
749 0.18786 0.0312628 -2.62967 -0.0173959 0.926831 0.0467523 0.372152
750 0.214112 0.0490098 -2.59802 -0.0164106 0.930267 0.0425074 0.364043
751 0.171599 -0.00634839 -2.66303 -0.0202158 0.926141 0.0497254 0.373339
752 0.167784 0.017172 -2.65762 -0.017441 0.927786 0.0459305 0.369863
753 0.176593 0.0236945 -2.64889 -0.0147744 0.929892 0.0439825 0.364895
754 0.183185 0.025994 -2.64054 -0.01392 0.932152 0.0442805 0.359078
755 0.185322 0.00759737 -2.64974 -0.0164832 0.933292 0.0489255 0.355387
756 0.208649 0.0479114 -2.60972 -0.0133448 0.937969 0.0457691 0.343426
757 0.177918 8.14624e-05 -2.66439 -0.019711 0.936047 0.0555076 0.34691
758 0.189819 0.0114705 -2.64742 -0.0176063 0.938925 0.0560705 0.339066
759 0.177513 0.0313982 -2.6482 -0.0161359 0.940073 0.0552188 0.336087
760 0.196624 0.00751254 -2.62552 -0.0161854 0.943405 0.0619839 0.325397
761 0.219147 0.00677887 -2.62485 -0.0143379 0.945798 0.0657944 0.317697
762 0.191026 0.0338335 -2.64262 -0.0106402 0.946027 0.0628171 0.317762
763 0.177244 0.0246505 -2.65572 -0.0169751 0.946745 0.0651351 0.314869
764 0.19981 0.05245 -2.61728 -0.00926728 0.950705 0.0657424 0.302906
765 0.212503 0.0135361 -2.62582 -0.0100743 0.952192 0.0732068 0.296427
766 0.241114 0.0286074 -2.60688 -0.00319405 0.955161 0.0753046 0.286333
767 0.21632 0.0425353 -2.6404 -0.00661263 0.95457 0.0719873 0.289086
768 0.23373 0.0202128 -2.60879 0.000867574 0.956638 0.0792561 0.280288
769 0.221737 0.0202782 -2.63332 -0.00230929 0.956326 0.0766632 0.28206
770 0.221442 0.0130787 -2.629 0.0012237 0.956364 0.0812819 0.28064
771 0.210691 0.0215772 -2.59574 0.00335313 0.957432 0.0794906 0.277478
772 0.233321 0.0497632 -2.64286 0.00609705 0.956724 0.0764129 0.280718
773 0.251069 -0.0197276 -2.62419 0.00370438 0.957115 0.0883363 0.275886
774 0.231721 0.0206381 -2.62789 0.00397227 0.956388 0.0806764 0.280708
775 0.235148 0.019054 -2.6055 0.00275399 0.957126 0.0795728 0.278515
776 0.227128 -0.00542907 -2.68718 -0.00618454 0.95368 0.0816824 0.289454
777 0.208277 0.014366 -2.67832 -0.00324255 0.95314 0.0764975 0.292679
778 0.251139 0.0227749 -2.6284 -0.00379156 0.955962 0.0707384 0.284813
779 0.243812 0.0317255 -2.65146 -0.00550436 0.954038 0.0652382 0.292447
780 0.240926 0.0433874 -2.62584 -0.00553484 0.954253 0.0589637 0.293076
781 0.239646 0.0209953 -2.64292 -0.00858419 0.953137 0.0588855 0.296628
782 0.231258 0.00212396 -2.65369 -0.0111248 0.951885 0.0585074 0.300611
783 0.258227 -0.00586867 -2.63014 -0.00877611 0.953368 0.0595862 0.295739
784 0.243718 0.0195398 -2.63539 -0.00958381 0.952194 0.0544498 0.30045
785 0.249984 0.0176188 -2.62468 -0.00852174 0.952546 0.0529927 0.299625
786 0.244745 0.0199414 -2.64308 -0.00882607 0.951487 0.0499658 0.303475
787 0.231056 0.020432 -2.63819 -0.00850727 0.950681 0.0478767 0.306336
788 0.249501 0.00288861 -2.65435 -0.00694441 0.950917 0.0464578 0.305859
789 0.245449 -0.0216522 -2.67314 -0.00492258 0.950102 0.0470428 0.308332
790 0.244375 -0.00565809 -2.66216 -0.0050072 0.950496 0.0404493 0.308054
791 0.232848 0.0148318 -2.64369 -0.0050782 0.950192 0.0336977 0.309795
792 0.230552 0.0188011 -2.65815 -0.00265061 0.949087 0.0291553 0.313652
793 0.243288 0.029652 -2.64676 -0.000623884 0.949709 0.0231775 0.312274
794 0.256643 0.0130765 -2.63049 0.000183315 0.950364 0.02238 0.310335
795 0.257939 0.0107009 -2.61639 -0.00116924 0.950057 0.0152958 0.311699
796 0.233782 0.0120273 -2.65419 -0.0001207 0.946697 0.00819277 0.32202
797 0.227126 0.0116761 -2.66587 -0.00321244 0.945316 0.00145265 0.326137
798 0.23789 0.001413 -2.64543 -0.000914693 0.945583 0.00129082 0.325377
799 0.243429 0.00861106 -2.65214 0.000703213 0.944425 -0.00220048 0.328718
800 0.253915 0.0158668 -2.63018 0.00278834 0.944446 -0.0046763 0.328622
801 0.240997 0.0113447 -2.64553 -0.000664161 0.942048 -0.00720582 0.3354
802 0.250603 0.0179109 -2.62959 0.00287635 0.941443 -0.00887341 0.337044
803 0.254265 0.0200767 -2.63185 0.00332717 0.940164 -0.0107338 0.340536
804 0.238397 0.00423742 -2.65365 0.00222045 0.937322 -0.0107014 0.348292
805 0.235585 -0.0119764 -2.66689 0.00160063 0.935196 -0.00867351 0.354021
806 0.257868 0.0182701 -2.62343 0.00251752 0.93641 -0.0136906 0.350632
807 0.252967 0.00965556 -2.63705 0.00231138 0.934509 -0.0136875 0.355669
808 0.241469 -0.00757629 -2.66146 0.000218109 0.93137 -0.0117802 0.363884
809 0.241198 -0.0026769 -2.65427 -0.000827718 0.930096 -0.0130438 0.367085
810 0.252632 0.0155121 -2.63772 0.000346362 0.929439 -0.0160006 0.368628
811 0.259508 0.00793813 -2.63382 -0.00167066 0.928188 -0.0136804 0.371857
812 0.240504 -0.00621826 -2.65003 -0.0029417 0.924726 -0.0103864 0.380481
813 0.256442 0.00975678 -2.63939 -0.00341037 0.92421 -0.0110689 0.381709
814 0.256691 0.00658581 -2.63465 -0.00284229 0.922709 -0.00764049 0.38541
815 0.266543 0.0111566 -2.6198 -0.00389798 0.922159 -0.00647077 0.386738
816 0.248877 0.00182543 -2.63791 -0.00534566 0.918426 -0.00361956 0.395541
817 0.251839 0.00882522 -2.6372 -0.00550272 0.916711 -0.00287458 0.399504
818 0.25754 0.0057503 -2.62931 -0.00628512 0.915564 0.000604184 0.402122
819 0.260052 0.0125029 -2.63383 -0.00709521 0.913677 0.00166517 0.406375
820 0.251774 0.00295444 -2.633 -0.00945323 0.911664 0.0047746 0.410799
821 0.24565 -0.00460775 -2.63717 -0.00936008 0.909337 0.00946223 0.415848
822 0.250415 0.0124877 -2.63619 -0.00914916 0.907721 0.00959073 0.419366
823 0.252505 0.0186664 -2.63171 -0.00989614 0.906782 0.0117982 0.421318
824 0.25827 0.0177307 -2.62361 -0.0118484 0.905815 0.014858 0.423247
825 0.274513 0.0284718 -2.61113 -0.0117154 0.905917 0.0160184 0.422989
826 0.253745 0.00940274 -2.62449 -0.0155577 0.902719 0.0214047 0.429415
827 0.257046 0.00963635 -2.62437 -0.0173819 0.901481 0.0242024 0.431792
828 0.258962 0.0121116 -2.63071 -0.0188654 0.899974 0.0255122 0.434788
829 0.25525 0.0229678 -2.61994 -0.0212539 0.898025 0.0253634 0.438699
830 0.238477 0.0163477 -2.63528 -0.0223047 0.895188 0.0275335 0.444279
831 0.250932 -0.00105206 -2.62149 -0.024683 0.894797 0.0306768 0.444735
832 0.260124 0.0405418 -2.61176 -0.0212516 0.894295 0.02574 0.446231
833 0.249504 0.00776776 -2.62335 -0.0254281 0.890951 0.0308368 0.452338
834 0.259544 0.0283266 -2.60083 -0.0240763 0.890877 0.0278528 0.45275
835 0.232409 0.00138486 -2.63973 -0.0281483 0.884703 0.0330493 0.46413
836 0.256223 0.00819449 -2.60979 -0.0299147 0.886107 0.0319943 0.461406
837 0.252782 -0.000538322 -2.61411 -0.0326819 0.883707 0.0339185 0.465665
838 0.258927 0.0163476 -2.60174 -0.0326853 0.883651 0.031932 0.46591
839 0.237498 0.0156176 -2.62135 -0.0358197 0.879915 0.0335947 0.472587
840 0.231433 0.0253724 -2.61789 -0.0370155 0.8782 0.035041 0.475571
841 0.237659 0.00275884 -2.61943 -0.0415097 0.876293 0.0405228 0.478273
842 0.231988 0.0196994 -2.62388 -0.0413949 0.873735 0.0392704 0.483044
843 0.244443 -0.00402393 -2.61486 -0.0478231 0.872039 0.0442303 0.485082
844 0.250375 0.0223683 -2.59752 -0.0454494 0.87121 0.0424531 0.486955
845 0.220911 -0.00711612 -2.62119 -0.0499328 0.865444 0.0472573 0.496266
846 0.219571 0.00769735 -2.62036 -0.047905 0.862705 0.0455614 0.501367
847 0.250397 -0.0164897 -2.60138 -0.0528953 0.861693 0.0478471 0.502393
848 0.229441 -0.00384298 -2.61134 -0.0481302 0.856906 0.0467167 0.51109
849 0.239544 -0.0392888 -2.61592 -0.0539675 0.852634 0.0501052 0.517293
850 0.210747 0.0235302 -2.63431 -0.0449834 0.846394 0.0405729 0.529101
851 0.252002 -0.0233942 -2.58841 -0.0538065 0.84725 0.0465511 0.526407
852 0.238847 0.00244414 -2.59975 -0.0512483 0.842656 0.0419224 0.534366
853 0.218373 -0.0069288 -2.62822 -0.0537411 0.835531 0.0432744 0.545093
854 0.23645 0.00400933 -2.58825 -0.0554392 0.836584 0.0429385 0.543332
855 0.249334 -0.00721527 -2.58341 -0.0599228 0.834102 0.0462986 0.546387
856 0.23988 0.00579842 -2.58715 -0.0587221 0.83084 0.0451878 0.551556
857 0.212944 0.0401187 -2.60476 -0.0530504 0.825844 0.0422672 0.559804
858 0.226053 0.00613589 -2.59667 -0.0588492 0.823622 0.0474786 0.562076
859 0.239045 0.0117751 -2.57367 -0.0585554 0.823503 0.046877 0.562331
860 0.182762 0.0844685 -2.62778 -0.0481804 0.815251 0.036311 0.575957
861 0.17151 0.0414864 -2.64254 -0.0530128 0.811133 0.0420679 0.580932
862 0.248799 -0.0363117 -2.56164 -0.0644507 0.817931 0.0532224 0.569213
863 0.205301 0.00344019 -2.60516 -0.0574015 0.810967 0.0459618 0.580453
864 0.225503 -0.00377902 -2.57722 -0.0577872 0.811896 0.0473524 0.579002
865 0.244691 -0.0407724 -2.56037 -0.0645406 0.811277 0.0528581 0.578679
866 0.215903 -0.0141085 -2.5844 -0.0592054 0.80645 0.0479173 0.586376
867 0.214756 0.00240265 -2.57989 -0.0553214 0.805467 0.044974 0.588336
868 0.209268 0.0154708 -2.56913 -0.0526599 0.804964 0.0409027 0.589565
869 0.140726 0.0630375 -2.644 -0.0408905 0.794566 0.0320759 0.604949
870 0.195643 -0.00190494 -2.57912 -0.0534233 0.799732 0.0412202 0.596553
871 0.19763 0.0127269 -2.56855 -0.0525272 0.799437 0.039887 0.597119
872 0.211867 0.0251688 -2.54009 -0.0502522 0.801813 0.0378615 0.594254
873 0.194853 -0.0139042 -2.57008 -0.052205 0.797001 0.0399542 0.60039
874 0.200954 -0.0181077 -2.54106 -0.0518147 0.799254 0.0382425 0.597533
875 0.196297 0.00512508 -2.54274 -0.0455863 0.798609 0.0334752 0.599187
876 0.174764 0.0277361 -2.56425 -0.0422388 0.794988 0.0281005 0.6045
877 0.186971 0.0145231 -2.53371 -0.0441473 0.796945 0.0288145 0.601747
878 0.17459 0.0366438 -2.55312 -0.0403452 0.793329 0.0232111 0.607012
879 0.197508 -0.00382417 -2.52021 -0.0445015 0.795086 0.0250463 0.604343
880 0.170519 0.00189362 -2.56227 -0.0453747 0.788145 0.0219495 0.613423
881 0.16659 0.00207221 -2.54313 -0.0449747 0.788066 0.0211611 0.613581
882 0.173712 0.0147283 -2.53245 -0.0439903 0.787482 0.0184155 0.61449
883 0.158641 0.0408812 -2.54465 -0.0394746 0.783718 0.0140886 0.619701
884 0.163506 -0.00584207 -2.53245 -0.0480069 0.782473 0.0187686 0.620548
885 0.142712 0.0149869 -2.58318 -0.0451808 0.774029 0.0160001 0.631334
886 0.152339 0.0228836 -2.54345 -0.043301 0.77575 0.0158737 0.629352
887 0.157079 0.00815558 -2.52579 -0.0455204 0.774268 0.0186127 0.630945
888 0.157781 -0.00332595 -2.52329 -0.0467004 0.770386 0.020108 0.635547
889 0.148129 0.0137801 -2.52758 -0.0428165 0.765558 0.0185333 0.641673
890 0.136272 0.00542837 -2.54791 -0.0428234 0.757875 0.0189089 0.650718
891 0.13621 0.0149396 -2.53706 -0.0397612 0.754315 0.0175863 0.655072
892 0.120398 0.0199322 -2.56029 -0.0380681 0.746109 0.016349 0.664534
893 0.131484 0.00517996 -2.53431 -0.0385303 0.744603 0.0177717 0.666158
894 0.133697 0.00281971 -2.52208 -0.0373726 0.741803 0.0180255 0.669333
895 0.126926 0.00631049 -2.53455 -0.0362533 0.735773 0.0171786 0.676039
896 0.126888 0.00264297 -2.52189 -0.0364838 0.732601 0.0169009 0.67947
897 0.111917 0.0105298 -2.55146 -0.0329107 0.723507 0.0162092 0.689341
898 0.118367 -0.00195248 -2.53663 -0.0329104 0.720233 0.017924 0.69272
899 0.128129 0.00380956 -2.51719 -0.0318781 0.718296 0.0181445 0.69477
900 0.112392 0.00417159 -2.53231 -0.0319534 0.711605 0.0180795 0.70162
901 0.104814 0.00944296 -2.548 -0.0318805 0.705268 0.0166756 0.708028
902 0.113173 0.00264522 -2.51669 -0.0321853 0.705608 0.0176367 0.707651
903 0.111754 0.0100881 -2.51847 -0.0315309 0.701428 0.0163035 0.711856
904 0.10859 -0.000980759 -2.52068 -0.0327102 0.696664 0.0170322 0.716449
905 0.100711 0.00701226 -2.5305 -0.0322045 0.691407 0.0142882 0.721606
906 0.0869804 0.0198706 -2.53308 -0.0302746 0.686802 0.0127842 0.726101
907 0.0866219 0.0083741 -2.55026 -0.0325966 0.680677 0.0147408 0.731709
908 0.11271 -0.0127504 -2.48949 -0.035594 0.685721 0.0170659 0.726793
909 0.086864 0.0144794 -2.54634 -0.0298068 0.67497 0.0139265 0.737112
910 0.0937532 -0.0054088 -2.52476 -0.0335918 0.67481 0.015575 0.737062
911 0.0937711 -0.0106504 -2.51874 -0.0340094 0.672584 0.0157637 0.739071
912 0.0724731 0.0267246 -2.54663 -0.0295472 0.666008 0.00999623 0.745293
913 0.0834419 0.00443806 -2.52931 -0.0318512 0.665322 0.012151 0.745777
914 0.0747628 0.00564236 -2.53683 -0.0314665 0.661319 0.011608 0.749355
915 0.0671099 0.0325103 -2.55825 -0.0280094 0.655623 0.00735466 0.754533
916 0.090668 -0.00576217 -2.51011 -0.0320097 0.659951 0.0138905 0.750498
917 0.0754665 -0.0122692 -2.51411 -0.0332694 0.656503 0.0144106 0.753452
918 0.070867 0.0106087 -2.53917 -0.0290616 0.650941 0.0112798 0.758488
919 0.0665239 0.00563327 -2.53596 -0.0298103 0.649416 0.0106909 0.759774
920 0.0566941 0.0421947 -2.54519 -0.0230009 0.646569 0.00639525 0.762482
921 0.0668527 -0.0020485 -2.52766 -0.0263584 0.647011 0.0108954 0.761947
922 0.0732131 -0.00691404 -2.51737 -0.0243267 0.647227 0.0103133 0.761839
923 0.0677279 0.00942672 -2.52356 -0.0209069 0.645119 0.00832593 0.76375
924 0.0629057 0.0116855 -2.52108 -0.0193938 0.644029 0.00777552 0.764715
925 0.0590844 0.000311931 -2.52536 -0.0199005 0.641736 0.00881364 0.766616
926 0.0668103 -0.00592754 -2.51782 -0.0220082 0.641282 0.00736708 0.766954
927 0.0553932 0.00555085 -2.53685 -0.0174905 0.636764 0.00515796 0.770843
928 0.0569941 0.00032837 -2.52378 -0.0169617 0.637296 0.00411604 0.770422
929 0.0611416 0.00685844 -2.52031 -0.0155309 0.636992 0.00156232 0.770712
930 0.0539146 -0.00323734 -2.51667 -0.0154011 0.636831 0.00122252 0.770848
931 0.0558825 0.00762454 -2.54003 -0.0139062 0.633472 -0.00190456 0.773638
932 0.0568488 -0.0101728 -2.52238 -0.0148167 0.635611 -0.000169198 0.771868
933 0.0429787 0.0163534 -2.55554 -0.00813778 0.630912 -0.00593539 0.775789
934 0.04202 0.01144 -2.55198 -0.00831013 0.631418 -0.00686567 0.775368
935 0.0542594 -0.00912835 -2.52034 -0.00890988 0.635882 -0.00526954 0.771717
936 0.0431736 0.0191394 -2.55269 -0.0041426 0.631044 -0.00994783 0.775672
937 0.0581954 -0.0120695 -2.52316 -0.00673209 0.635613 -0.0052028 0.771961
938 0.0539837 -0.000707352 -2.52125 -0.00461207 0.636439 -0.0069791 0.771282
939 0.0557936 -0.00415896 -2.52832 -0.00452677 0.635944 -0.00837762 0.771677
940 0.0472285 0.00108117 -2.53836 -0.00354538 0.635472 -0.0104701 0.772045
941 0.0512736 -0.00915292 -2.53044 -0.00434834 0.637086 -0.0112052 0.770699
942 0.0596855 -0.0223104 -2.53415 -0.00493359 0.63704 -0.0100703 0.77075
943 0.0566397 -0.0101 -2.52073 -0.00087795 0.639452 -0.0129009 0.768722
944 0.0577217 -0.0154906 -2.53819 -0.0016909 0.636786 -0.0142422 0.770907
945 0.0536557 -0.000883009 -2.53932 0.00106712 0.637665 -0.0178805 0.770106
946 0.0536471 -0.0240666 -2.51987 0.000133013 0.641372 -0.0146707 0.767089
947 0.0537513 -0.0110818 -2.52634 0.00417722 0.640891 -0.0168186 0.767437
948 0.0547371 -0.0169233 -2.53513 0.00352587 0.639787 -0.018085 0.768331
949 0.0520027 -0.00718173 -2.53603 0.00458879 0.640019 -0.0203387 0.768076
950 0.0483355 -0.0101988 -2.54344 0.00484535 0.639149 -0.0219173 0.768755
951 0.056189 -0.00190764 -2.52812 0.00877479 0.641537 -0.0225026 0.766712
952 0.0522334 -0.00184373 -2.52738 0.00894598 0.642005 -0.0227675 0.76631
953 0.050337 -0.00293995 -2.53828 0.00876007 0.640815 -0.0234318 0.767288
954 0.0504458 -0.00859953 -2.53449 0.00984321 0.641985 -0.0227542 0.766317
955 0.0581599 -0.0152603 -2.53066 0.00955419 0.642664 -0.0223953 0.765761
956 0.0567577 -0.00909732 -2.53664 0.0123748 0.642226 -0.0222046 0.766093
957 0.0517665 -0.00119577 -2.53985 0.0128723 0.642227 -0.0238717 0.766035
958 0.0551907 -0.00535078 -2.53772 0.0134484 0.642982 -0.0221659 0.765442
959 0.0582607 -0.0127059 -2.53322 0.0141911 0.644213 -0.0208502 0.76443
960 0.0565502 -0.0213394 -2.52481 0.0148169 0.645632 -0.0192922 0.763261
961 0.0549717 -0.0181472 -2.53126 0.0154994 0.645457 -0.0195357 0.76339
962 0.0536991 -0.0042425 -2.53606 0.0178931 0.645335 -0.0208952 0.763404
963 0.0581611 -0.0226708 -2.53737 0.0157628 0.645828 -0.0195488 0.76307
964 0.056744 -0.00414107 -2.54239 0.0195405 0.645915 -0.0222089 0.762836
