0 0.0 0.0 -2.5 0.0 0.0 0.0 1.0 
1 -0.000147 0.008812 -2.50229 0.001236 -0.000172 -0.000278 0.999999 
2 0.000361 0.006493 -2.50215 -0.000958 -0.000409 -0.000175 0.999999 
3 -0.00027 0.005154 -2.50176 -0.001386 0.000229 -0.000396 0.999999 
4 0.000185 0.008712 -2.50261 -0.001245 0.000697 -0.000774 0.999999 
5 -0.000171 0.009351 -2.50284 -0.002401 0.000962 -0.001068 0.999996 
6 -0.000688 0.004995 -2.50175 -0.003647 0.001093 -0.000765 0.999992 
7 -1.7e-05 0.004976 -2.50152 -0.002813 0.000866 -0.00069 0.999995 
8 0.000139 0.007405 -2.50191 -0.002339 0.000865 -0.000841 0.999997 
9 -0.000264 0.005416 -2.50144 -0.003092 0.000915 -0.000765 0.999995 
10 -0.000283 0.002618 -2.50074 -0.00281 0.000956 -0.000627 0.999995 
11 -0.000369 0.001112 -2.49979 -0.001716 0.001083 -0.000419 0.999998 
12 0.000204 0.000972 -2.49949 -0.000667 0.000877 1.4e-05 0.999999 
13 0.000154 0.000733 -2.49927 2.6e-05 0.000529 0.000468 1.0 
14 0.001181 0.000921 -2.49939 0.000727 0.000141 0.000667 0.999999 
15 0.000795 0.001352 -2.49927 0.000959 4.7e-05 0.00082 0.999999 
16 0.000749 0.003581 -2.49989 0.001294 -0.000244 0.000621 0.999999 
17 0.000503 0.00327 -2.50004 0.000732 -0.000308 -1e-06 1.0 
18 -2.5e-05 0.00411 -2.50037 0.00042 -0.000185 -0.000764 1.0 
19 -0.000349 0.004338 -2.50082 -0.000315 0.0001 -0.001563 0.999999 
20 -1.2e-05 0.003769 -2.50055 -0.000888 0.000257 -0.002033 0.999997 
21 -0.001014 0.004259 -2.50075 -0.001115 0.000326 -0.002455 0.999996 
22 -0.000955 0.003768 -2.50072 -0.001637 0.000163 -0.002641 0.999995 
23 -0.001901 0.003639 -2.50075 -0.00175 8.4e-05 -0.002737 0.999995 
24 -0.001387 0.002809 -2.5006 -0.001783 -0.000393 -0.002864 0.999994 
25 -0.00217 0.00301 -2.50066 -0.00147 -0.000366 -0.003027 0.999994 
26 -0.002529 0.00331 -2.50054 -0.001285 -0.000318 -0.003347 0.999994 
27 -0.003734 0.002322 -2.50028 -0.001574 -8.1e-05 -0.00355 0.999992 
28 -0.003 0.001061 -2.50046 -0.001558 -0.000143 -0.00383 0.999991 
29 -0.003616 0.001871 -2.50047 -0.001094 5e-06 -0.004137 0.999991 
30 -0.00441 0.003132 -2.50052 -0.000985 0.00014 -0.004293 0.99999 
31 -0.005229 0.002543 -2.50005 -0.001914 0.000125 -0.004745 0.999987 
32 -0.006662 0.003576 -2.49977 -0.001641 0.000202 -0.005109 0.999986 
33 -0.007707 0.006344 -2.50035 -0.001665 0.000472 -0.005384 0.999984 
34 -0.008905 0.006824 -2.50043 -0.002386 0.001041 -0.005567 0.999981 
35 -0.009328 0.005237 -2.49986 -0.002894 0.001989 -0.005583 0.999978 
36 -0.009873 0.007077 -2.49973 -0.002606 0.00299 -0.005487 0.999977 
37 -0.011776 0.012115 -2.5006 -0.002823 0.00423 -0.005139 0.999974 
38 -0.012668 0.0107 -2.49943 -0.004947 0.004986 -0.004254 0.999966 
39 -0.013853 0.006707 -2.49741 -0.006034 0.005236 -0.003169 0.999963 
40 -0.015701 0.007652 -2.49626 -0.005223 0.005555 -0.002291 0.999968 
41 -0.016378 0.008028 -2.49451 -0.005109 0.005814 -0.001723 0.999969 
42 -0.017845 0.006665 -2.49254 -0.005006 0.006242 -0.001393 0.999967 
43 -0.018791 0.008101 -2.49073 -0.004055 0.007098 -0.001766 0.999965 
44 -0.019684 0.011518 -2.48881 -0.003647 0.007998 -0.00279 0.999957 
45 -0.01986 0.012437 -2.48594 -0.004576 0.009112 -0.003995 0.99994 
46 -0.020975 0.012152 -2.48138 -0.005465 0.010227 -0.00539 0.999918 
47 -0.020774 0.016373 -2.47776 -0.005698 0.010657 -0.007205 0.999901 
48 -0.020648 0.017599 -2.47278 -0.007509 0.011078 -0.009138 0.999869 
49 -0.020478 0.016388 -2.46673 -0.009195 0.011509 -0.010799 0.999833 
50 -0.018646 0.016187 -2.46049 -0.009781 0.011388 -0.012392 0.999811 
51 -0.017372 0.019714 -2.45488 -0.01004 0.011095 -0.013625 0.999795 
52 -0.014226 0.021481 -2.44893 -0.011426 0.010856 -0.014922 0.999764 
53 -0.013078 0.020016 -2.44087 -0.013015 0.01065 -0.015726 0.999735 
54 -0.011411 0.018611 -2.43269 -0.013611 0.009438 -0.016357 0.999729 
55 -0.007786 0.018244 -2.42473 -0.013547 0.007515 -0.017403 0.999729 
56 -0.005625 0.014172 -2.41561 -0.013554 0.006167 -0.018731 0.999714 
57 -0.001445 0.014308 -2.40686 -0.011698 0.004546 -0.020359 0.999714 
58 0.00154 0.017742 -2.39868 -0.010153 0.003215 -0.022899 0.999681 
59 0.005663 0.01687 -2.3891 -0.010131 0.001885 -0.025418 0.999624 
60 0.009829 0.016208 -2.37954 -0.00971 0.000359 -0.028006 0.99956 
61 0.014383 0.017423 -2.37051 -0.009183 -0.001691 -0.030399 0.999494 
62 0.019519 0.015463 -2.36017 -0.009236 -0.004077 -0.032609 0.999417 
63 0.023397 0.015711 -2.35066 -0.008906 -0.00657 -0.035472 0.999309 
64 0.029141 0.017975 -2.342 -0.009203 -0.009035 -0.03887 0.999161 
65 0.035945 0.012205 -2.33138 -0.010559 -0.011599 -0.042126 0.998989 
66 0.036984 0.010444 -2.32205 -0.008704 -0.013455 -0.045983 0.998814 
67 0.042859 0.012309 -2.31298 -0.006862 -0.016305 -0.0491 0.998637 
68 0.04768 0.013853 -2.30456 -0.006502 -0.01904 -0.051735 0.998458 
69 0.051709 0.010682 -2.29462 -0.007012 -0.022068 -0.053554 0.998296 
70 0.056494 0.010838 -2.28564 -0.006394 -0.02529 -0.054938 0.998149 
71 0.060763 0.011832 -2.27729 -0.006673 -0.02815 -0.05628 0.997996 
72 0.06551 0.008229 -2.26782 -0.007496 -0.031527 -0.058021 0.997789 
73 0.06985 0.006295 -2.25884 -0.006504 -0.035033 -0.060312 0.997543 
74 0.074607 0.009477 -2.25115 -0.005003 -0.038767 -0.063464 0.997218 
75 0.078096 0.012359 -2.24378 -0.005467 -0.042191 -0.066585 0.996873 
76 0.082916 0.009135 -2.23443 -0.007023 -0.045765 -0.070224 0.996456 
77 0.085516 0.007523 -2.22541 -0.006889 -0.048496 -0.073693 0.996077 
78 0.08893 0.010166 -2.21766 -0.006166 -0.051926 -0.076831 0.995672 
79 0.093123 0.010052 -2.20901 -0.006991 -0.056347 -0.080177 0.995162 
80 0.09474 0.009918 -2.20046 -0.007628 -0.060272 -0.083716 0.994636 
81 0.098179 0.011973 -2.19208 -0.008168 -0.064673 -0.087424 0.994036 
82 0.100524 0.011779 -2.18341 -0.010141 -0.068631 -0.090511 0.993476 
83 0.102337 0.009648 -2.17412 -0.011942 -0.072748 -0.093278 0.992907 
84 0.10484 0.009284 -2.16534 -0.01249 -0.077233 -0.095999 0.992302 
85 0.107529 0.008244 -2.1557 -0.012747 -0.081708 -0.098837 0.991661 
86 0.109944 0.008412 -2.14631 -0.01254 -0.085832 -0.101832 0.991013 
87 0.112472 0.007402 -2.13658 -0.012687 -0.089396 -0.104786 0.990387 
88 0.113859 0.006342 -2.1267 -0.012279 -0.092668 -0.108072 0.989738 
89 0.117701 0.007153 -2.11652 -0.011278 -0.096356 -0.111619 0.989004 
90 0.119338 0.006915 -2.10592 -0.011354 -0.099398 -0.114696 0.98835 
91 0.12071 0.007726 -2.09599 -0.011535 -0.102821 -0.116698 0.987763 
92 0.123199 0.006218 -2.08537 -0.012575 -0.106774 -0.118211 0.987151 
93 0.12581 0.006069 -2.07499 -0.013055 -0.111088 -0.119956 0.986458 
94 0.128645 0.004642 -2.06406 -0.014219 -0.116007 -0.122302 0.985587 
95 0.130251 -0.001141 -2.05218 -0.015097 -0.120871 -0.125827 0.984545 
96 0.132108 -0.001778 -2.04159 -0.01361 -0.125025 -0.129401 0.983585 
97 0.13532 -0.002906 -2.03078 -0.013067 -0.129217 -0.133083 0.982558 
98 0.135768 -0.009279 -2.01908 -0.012924 -0.133324 -0.13664 0.981523 
99 0.137385 -0.012124 -2.00792 -0.010481 -0.137594 -0.139464 0.980565 
100 0.139446 -0.012033 -1.99796 -0.008077 -0.141764 -0.141746 0.979666 
101 0.140308 -0.016928 -1.98685 -0.006565 -0.14632 -0.144045 0.978672 
102 0.142889 -0.017986 -1.97631 -0.003476 -0.15134 -0.146213 0.977602 
103 0.144173 -0.019248 -1.96717 -0.001204 -0.155436 -0.148366 0.97664 
104 0.144403 -0.022448 -1.95787 0.001003 -0.159252 -0.150165 0.97575 
105 0.146224 -0.021053 -1.94948 0.003587 -0.163264 -0.15157 0.974863 
106 0.146445 -0.024824 -1.9404 0.004496 -0.167268 -0.153327 0.973906 
107 0.146913 -0.028436 -1.93155 0.006271 -0.171638 -0.154935 0.97288 
108 0.147964 -0.03019 -1.92295 0.009018 -0.176841 -0.155439 0.971846 
109 0.149393 -0.031493 -1.91429 0.011458 -0.183004 -0.155552 0.97066 
110 0.150692 -0.032797 -1.90604 0.0136 -0.189243 -0.155669 0.969417 
111 0.149373 -0.03575 -1.89784 0.015388 -0.195171 -0.156211 0.968127 
112 0.150306 -0.035824 -1.88943 0.017827 -0.201341 -0.156705 0.966741 
113 0.1513 -0.036248 -1.88131 0.019578 -0.207298 -0.157578 0.965305 
114 0.150561 -0.03917 -1.87264 0.020904 -0.212734 -0.158936 0.963871 
115 0.151022 -0.038914 -1.86424 0.022639 -0.218241 -0.159654 0.962481 
116 0.150894 -0.040194 -1.85504 0.023711 -0.224776 -0.160434 0.96082 
117 0.152198 -0.041332 -1.84487 0.025458 -0.231999 -0.160859 0.958985 
118 0.152279 -0.041222 -1.83538 0.027267 -0.238195 -0.161835 0.957251 
119 0.152667 -0.042559 -1.82505 0.028273 -0.244652 -0.163325 0.955338 
120 0.152404 -0.043625 -1.81457 0.029975 -0.251381 -0.16537 0.953185 
121 0.152331 -0.044971 -1.8039 0.031193 -0.257886 -0.166776 0.951161 
122 0.152137 -0.046768 -1.79355 0.032362 -0.264132 -0.167772 0.949231 
123 0.152714 -0.048652 -1.78239 0.033743 -0.270848 -0.168746 0.947115 
124 0.153194 -0.049339 -1.7717 0.03543 -0.277333 -0.170171 0.944919 
125 0.154405 -0.050554 -1.76069 0.036351 -0.283358 -0.172086 0.942748 
126 0.155521 -0.05313 -1.75002 0.037321 -0.289309 -0.174376 0.940479 
127 0.156883 -0.054059 -1.73954 0.038942 -0.295222 -0.175694 0.938328 
128 0.158505 -0.05245 -1.73039 0.039416 -0.300689 -0.177187 0.936289 
129 0.160064 -0.053911 -1.72094 0.038414 -0.306429 -0.178735 0.934173 
130 0.160715 -0.05632 -1.71103 0.037865 -0.312643 -0.179628 0.931962 
131 0.162492 -0.055192 -1.70219 0.038173 -0.318814 -0.181239 0.929545 
132 0.163961 -0.058231 -1.69199 0.037706 -0.325088 -0.183714 0.926901 
133 0.165149 -0.057846 -1.68409 0.038867 -0.331286 -0.185565 0.924286 
134 0.166975 -0.056162 -1.67609 0.039313 -0.338074 -0.187516 0.921411 
135 0.168936 -0.056055 -1.66741 0.038588 -0.345119 -0.189172 0.918486 
136 0.169972 -0.056961 -1.65942 0.037695 -0.351614 -0.1899 0.915906 
137 0.170704 -0.056865 -1.65147 0.037637 -0.358894 -0.189689 0.913125 
138 0.171041 -0.05592 -1.64343 0.037878 -0.366963 -0.189612 0.909918 
139 0.170038 -0.055222 -1.62885 0.035551 -0.382154 -0.18994 0.903669 
140 0.169122 -0.053998 -1.62158 0.035075 -0.390178 -0.189162 0.900416 
141 0.168009 -0.052856 -1.61476 0.03386 -0.398051 -0.188459 0.897158 
142 0.165934 -0.053392 -1.60781 0.032537 -0.40544 -0.187867 0.894017 
143 0.163395 -0.053741 -1.60154 0.032068 -0.412344 -0.187487 0.890951 
144 0.160819 -0.054728 -1.59487 0.032639 -0.419727 -0.186719 0.887637 
145 0.157969 -0.052039 -1.58929 0.034105 -0.427009 -0.186392 0.884171 
146 0.154594 -0.050072 -1.58415 0.033984 -0.433622 -0.186977 0.880827 
147 0.150942 -0.050159 -1.57792 0.033288 -0.4405 -0.187548 0.877313 
148 0.147339 -0.049705 -1.57095 0.03294 -0.447352 -0.188039 0.873746 
149 0.143111 -0.049513 -1.56482 0.032697 -0.453664 -0.188468 0.870402 
150 0.138991 -0.049169 -1.55823 0.032705 -0.460106 -0.188354 0.867038 
151 0.134812 -0.048732 -1.55044 0.033298 -0.467072 -0.188298 0.863295 
152 0.130185 -0.047758 -1.54357 0.034016 -0.473555 -0.188352 0.859717 
153 0.12503 -0.047543 -1.5367 0.03437 -0.479408 -0.188578 0.856403 
154 0.114822 -0.045361 -1.52238 0.034156 -0.489475 -0.188311 0.850757 
155 0.109766 -0.045413 -1.51457 0.033236 -0.495303 -0.188255 0.847426 
156 0.104452 -0.044338 -1.50764 0.033092 -0.501213 -0.18829 0.843942 
157 0.0985 -0.044023 -1.50082 0.032438 -0.507081 -0.189379 0.84021 
158 0.092859 -0.044687 -1.4936 0.032009 -0.51285 -0.190252 0.83652 
159 0.086825 -0.044922 -1.48706 0.032487 -0.51856 -0.191578 0.832669 
160 0.08047 -0.044599 -1.4809 0.03241 -0.523678 -0.19359 0.828995 
161 0.074872 -0.044917 -1.47504 0.03147 -0.528754 -0.195017 0.825468 
162 0.069261 -0.045253 -1.46853 0.031081 -0.534703 -0.195785 0.821459 
163 0.063432 -0.044968 -1.46186 0.030615 -0.540775 -0.197011 0.817198 
164 0.058114 -0.044955 -1.45576 0.029468 -0.546465 -0.197756 0.813265 
165 0.052578 -0.046369 -1.44847 0.028724 -0.552384 -0.197427 0.809363 
166 0.047247 -0.044729 -1.44336 0.02907 -0.557808 -0.197492 0.805606 
167 0.041934 -0.04433 -1.43834 0.028021 -0.562833 -0.19843 0.80191 
168 0.037697 -0.044059 -1.43249 0.02768 -0.568148 -0.198293 0.798199 
169 0.033737 -0.04183 -1.4274 0.027808 -0.573684 -0.198124 0.794267 
170 0.029337 -0.040116 -1.42359 0.026395 -0.578923 -0.198466 0.790419 
171 0.025648 -0.038493 -1.42015 0.024218 -0.583964 -0.198262 0.786824 
172 0.022352 -0.036819 -1.41642 0.022388 -0.589552 -0.19698 0.783024 
173 0.018895 -0.034884 -1.41245 0.020645 -0.595645 -0.19555 0.778808 
174 0.015546 -0.033175 -1.41014 0.018603 -0.601267 -0.194294 0.774843 
175 0.012905 -0.031073 -1.40699 0.016782 -0.607478 -0.19262 0.770446 
176 0.010286 -0.029083 -1.40438 0.014916 -0.613815 -0.1916 0.765701 
177 0.007979 -0.027763 -1.40162 0.013289 -0.620117 -0.190528 0.760905 
178 0.005845 -0.026032 -1.39861 0.011996 -0.626605 -0.188854 0.756014 
179 0.003386 -0.024685 -1.39692 0.010258 -0.632836 -0.187354 0.751207 
180 0.001092 -0.023758 -1.3952 0.008554 -0.639086 -0.185861 0.746292 
181 -0.000969 -0.022514 -1.39447 0.007559 -0.645585 -0.184231 0.741095 
182 -0.005048 -0.020364 -1.39237 0.005558 -0.659362 -0.181617 0.729538 
183 -0.006922 -0.019421 -1.39156 0.005961 -0.666617 -0.180181 0.723272 
184 -0.009524 -0.01841 -1.38832 0.005877 -0.673501 -0.179506 0.717035 
185 -0.011531 -0.018106 -1.38412 0.005176 -0.679997 -0.180014 0.710755 
186 -0.013138 -0.017511 -1.37976 0.004452 -0.686328 -0.180385 0.704554 
187 -0.014609 -0.016836 -1.37531 0.003045 -0.692346 -0.181831 0.698273 
188 -0.015528 -0.0176 -1.37045 0.001855 -0.698239 -0.183964 0.691821 
189 -0.015526 -0.017535 -1.36603 0.003146 -0.704456 -0.184976 0.685212 
190 -0.016153 -0.017117 -1.36036 0.004653 -0.710711 -0.185369 0.678606 
191 -0.016954 -0.017141 -1.35542 0.004534 -0.716289 -0.186408 0.672429 
192 -0.01728 -0.017206 -1.35104 0.004056 -0.721549 -0.187314 0.666532 
193 -0.017358 -0.016915 -1.34731 0.003882 -0.72687 -0.187469 0.660682 
194 -0.017584 -0.016303 -1.3441 0.003479 -0.73189 -0.187399 0.655139 
195 -0.017618 -0.015304 -1.34108 0.002695 -0.736734 -0.187165 0.649758 
196 -0.017636 -0.014994 -1.33787 0.001797 -0.741725 -0.187298 0.644019 
197 -0.017439 -0.01428 -1.33649 0.001441 -0.746399 -0.186861 0.638725 
198 -0.017389 -0.013261 -1.33383 0.000888 -0.750972 -0.186007 0.633594 
199 -0.017642 -0.012733 -1.33123 -0.000487 -0.75539 -0.185562 0.628453 
200 -0.017408 -0.01222 -1.33002 -0.001444 -0.759813 -0.184938 0.623282 
201 -0.017706 -0.012246 -1.32892 -0.00196 -0.764107 -0.184124 0.618251 
202 -0.017954 -0.01226 -1.32719 -0.002371 -0.768452 -0.183013 0.613174 
203 -0.018329 -0.012444 -1.32545 -0.002621 -0.772595 -0.181764 0.608319 
204 -0.01892 -0.013153 -1.32509 -0.003185 -0.77662 -0.180491 0.603551 
205 -0.019205 -0.01337 -1.32413 -0.003251 -0.780957 -0.17835 0.59857 
206 -0.019792 -0.013299 -1.32384 -0.003042 -0.785038 -0.176024 0.593904 
207 -0.020413 -0.012709 -1.324 -0.003755 -0.78887 -0.173822 0.589453 
208 -0.021328 -0.012797 -1.32357 -0.005074 -0.792538 -0.172596 0.584866 
209 -0.021854 -0.012948 -1.32415 -0.006264 -0.795962 -0.171672 0.58046 
210 -0.022402 -0.013424 -1.32595 -0.007434 -0.799263 -0.170415 0.576265 
211 -0.02281 -0.013116 -1.32704 -0.008406 -0.802726 -0.168666 0.571938 
212 -0.023202 -0.013022 -1.32884 -0.009308 -0.80579 -0.167406 0.567971 
213 -0.023929 -0.013946 -1.33039 -0.010146 -0.808618 -0.166394 0.564223 
214 -0.024604 -0.014602 -1.33226 -0.010482 -0.811495 -0.164754 0.560556 
215 -0.025524 -0.015387 -1.33393 -0.010807 -0.814556 -0.162975 0.556616 
216 -0.026297 -0.016252 -1.33583 -0.011187 -0.81767 -0.16102 0.552597 
217 -0.027092 -0.017286 -1.33738 -0.011307 -0.820661 -0.15909 0.548706 
218 -0.027856 -0.018253 -1.33952 -0.010938 -0.823689 -0.157266 0.544688 
219 -0.028524 -0.018668 -1.34101 -0.010078 -0.826551 -0.155255 0.540932 
220 -0.02947 -0.019803 -1.34306 -0.008774 -0.829174 -0.153594 0.537403 
221 -0.030792 -0.02137 -1.34559 -0.007566 -0.831526 -0.151635 0.534335 
222 -0.032027 -0.021817 -1.34784 -0.007105 -0.833894 -0.149199 0.531328 
223 -0.033486 -0.023305 -1.35075 -0.00729 -0.836352 -0.146967 0.528075 
224 -0.034804 -0.024174 -1.35363 -0.006945 -0.839098 -0.144492 0.524393 
225 -0.036475 -0.025143 -1.35647 -0.006805 -0.841765 -0.142294 0.520709 
226 -0.037989 -0.026212 -1.35931 -0.006253 -0.844317 -0.139782 0.517254 
227 -0.039574 -0.026192 -1.36258 -0.00581 -0.846428 -0.137165 0.514502 
228 -0.041309 -0.027082 -1.36606 -0.006043 -0.848192 -0.135142 0.512123 
229 -0.043315 -0.028522 -1.36972 -0.006335 -0.850192 -0.132935 0.509373 
230 -0.045268 -0.029911 -1.37316 -0.005963 -0.852136 -0.130588 0.506731 
231 -0.047462 -0.031138 -1.37578 -0.004938 -0.854051 -0.127975 0.504177 
232 -0.049611 -0.03225 -1.38009 -0.003644 -0.855619 -0.125309 0.502195 
233 -0.051808 -0.03302 -1.38337 -0.002277 -0.856931 -0.12313 0.500503 
234 -0.054253 -0.034601 -1.3872 0.000598 0.858054 0.121259 -0.499038 
235 -0.056876 -0.0357 -1.39072 -0.000379 0.85908 0.119142 -0.497783 
236 -0.062903 -0.041113 -1.39883 -0.003463 0.861034 0.115336 -0.495284 
237 -0.066144 -0.043444 -1.40288 -0.005311 0.862233 0.112585 -0.493812 
238 -0.069729 -0.047397 -1.40747 -0.007505 0.863556 0.109858 -0.492084 
239 -0.073284 -0.049827 -1.41098 -0.009868 0.864942 0.106111 -0.490427 
240 -0.076844 -0.051946 -1.4147 -0.01238 0.866251 0.10224 -0.48888 
241 -0.080284 -0.054281 -1.41986 -0.014574 0.867195 0.098653 -0.487881 
242 -0.084039 -0.056992 -1.42414 -0.01642 0.868085 0.095116 -0.486942 
243 -0.087363 -0.058365 -1.42873 -0.017443 0.868757 0.09178 -0.486346 
244 -0.091093 -0.06084 -1.43383 -0.017451 0.869612 0.08895 -0.485343 
245 -0.094757 -0.063893 -1.43862 -0.017836 0.870616 0.085773 -0.484099 
246 -0.098412 -0.066629 -1.4444 -0.018512 0.871634 0.082267 -0.48285 
247 -0.101606 -0.068564 -1.44986 -0.019819 0.87256 0.078663 -0.481724 
248 -0.105022 -0.071048 -1.45484 -0.020741 0.87348 0.075284 -0.480557 
249 -0.108704 -0.074873 -1.46028 -0.021732 0.874608 0.071902 -0.478977 
250 -0.112112 -0.077749 -1.46596 -0.023285 0.875977 0.068095 -0.476954 
251 -0.115127 -0.080696 -1.47197 -0.025243 0.87729 0.064902 -0.474882 
252 -0.118529 -0.083992 -1.47752 -0.027258 0.878746 0.061708 -0.472498 
253 -0.122055 -0.086626 -1.48272 -0.029577 0.880171 0.058084 -0.47016 
254 -0.125137 -0.089102 -1.48796 -0.031827 0.881479 0.05462 -0.467972 
255 -0.128505 -0.092046 -1.49312 -0.033866 0.88288 0.05117 -0.465572 
256 -0.131341 -0.094593 -1.49871 -0.035779 0.884162 0.048674 -0.463258 
257 -0.134458 -0.096998 -1.50418 -0.036849 0.885438 0.046648 -0.460939 
258 -0.137873 -0.100283 -1.50935 -0.03781 0.886953 0.043936 -0.458208 
259 -0.140827 -0.102179 -1.51476 -0.039586 0.88857 0.040749 -0.455209 
260 -0.143751 -0.104045 -1.52034 -0.041176 0.88996 0.038261 -0.452561 
261 -0.146927 -0.10653 -1.52571 -0.04228 0.891465 0.036338 -0.449646 
262 -0.150279 -0.108886 -1.53138 -0.043166 0.893216 0.034237 -0.44624 
263 -0.153455 -0.109289 -1.53597 -0.044759 0.895075 0.031291 -0.442559 
264 -0.156128 -0.110325 -1.54144 -0.046623 0.896582 0.029391 -0.439435 
265 -0.159261 -0.112381 -1.54725 -0.047502 0.897961 0.028623 -0.436567 
266 -0.162313 -0.113428 -1.55322 -0.048514 0.899519 0.027239 -0.433324 
267 -0.165435 -0.113961 -1.55793 -0.050077 0.901046 0.025373 -0.430075 
268 -0.168357 -0.114687 -1.56352 -0.051925 0.902221 0.023151 -0.427511 
269 -0.170642 -0.116249 -1.57073 -0.052877 0.903213 0.021502 -0.42538 
270 -0.173835 -0.117755 -1.57643 -0.052918 0.904548 0.020488 -0.422578 
271 -0.176894 -0.118783 -1.58282 -0.05294 0.906105 0.018328 -0.419327 
272 -0.17997 -0.11898 -1.58829 -0.053515 0.907727 0.016449 -0.415809 
273 -0.181883 -0.118629 -1.59479 -0.054047 0.909055 0.015413 -0.412868 
274 -0.184687 -0.118617 -1.60058 -0.054487 0.910471 0.014566 -0.409708 
275 -0.187741 -0.118661 -1.60575 -0.055108 0.911835 0.013184 -0.406628 
276 -0.190444 -0.118637 -1.61126 -0.05632 0.913014 0.011642 -0.403854 
277 -0.192786 -0.118143 -1.61678 -0.05731 0.914075 0.010762 -0.401332 
278 -0.195421 -0.119209 -1.62253 -0.05747 0.915101 0.010411 -0.398973 
279 -0.198079 -0.119705 -1.62795 -0.057679 0.916301 0.009746 -0.396196 
280 -0.201101 -0.120371 -1.63361 -0.057828 0.917729 0.009152 -0.392868 
281 -0.204325 -0.121066 -1.63896 -0.058126 0.919369 0.008816 -0.388979 
282 -0.207202 -0.121151 -1.6441 -0.057768 0.921127 0.008774 -0.384852 
283 -0.210732 -0.121328 -1.65001 -0.057527 0.923001 0.008991 -0.380368 
284 -0.214021 -0.120957 -1.65642 -0.057249 0.924835 0.009246 -0.375922 
285 -0.217701 -0.120182 -1.66202 -0.056257 0.926673 0.009442 -0.371514 
286 -0.221418 -0.119321 -1.66871 -0.054868 0.928572 0.00946 -0.366952 
287 -0.227414 -0.117902 -1.67319 -0.05279 0.930639 0.009958 -0.361974 
288 -0.232223 -0.1167 -1.67973 -0.050841 0.932456 0.010277 -0.357541 
289 -0.237398 -0.115225 -1.68551 -0.049059 0.934285 0.009487 -0.353007 
290 -0.243006 -0.112598 -1.6906 -0.047956 0.936072 0.009546 -0.348394 
291 -0.248662 -0.110392 -1.69595 -0.046708 0.937655 0.010862 -0.344243 
292 -0.255268 -0.109568 -1.70233 -0.044693 0.939183 0.01127 -0.340311 
293 -0.262326 -0.108821 -1.70765 -0.043337 0.940722 0.010786 -0.336226 
294 -0.269487 -0.107733 -1.71286 -0.042404 0.942243 0.010598 -0.332066 
295 -0.276772 -0.106785 -1.71782 -0.04199 0.943704 0.010742 -0.327941 
296 -0.283963 -0.105827 -1.72309 -0.041784 0.94506 0.011844 -0.323999 
297 -0.292078 -0.105947 -1.72798 -0.040694 0.946482 0.013267 -0.319905 
298 -0.300102 -0.104699 -1.73313 -0.03935 0.947945 0.014152 -0.315676 
299 -0.308216 -0.104721 -1.73835 -0.037851 0.949318 0.015462 -0.311648 
300 -0.31675 -0.105302 -1.74345 -0.035908 0.950714 0.016586 -0.307537 
301 -0.324799 -0.104786 -1.74906 -0.034822 0.95212 0.017514 -0.30323 
302 -0.333169 -0.103846 -1.75382 -0.034546 0.953465 0.018754 -0.29893 
303 -0.341712 -0.104749 -1.75945 -0.034544 0.954794 0.020247 -0.294558 
304 -0.350538 -0.10555 -1.76435 -0.034865 0.956253 0.021085 -0.289688 
305 -0.358923 -0.105502 -1.76975 -0.035568 0.957652 0.021256 -0.284931 
306 -0.366987 -0.10348 -1.77404 -0.036625 0.958914 0.021646 -0.280488 
307 -0.375298 -0.10231 -1.77864 -0.03715 0.960135 0.022953 -0.276106 
308 -0.383891 -0.102671 -1.78363 -0.037349 0.961363 0.024344 -0.271651 
309 -0.393378 -0.102476 -1.78702 -0.037263 0.962696 0.024605 -0.266874 
310 -0.401484 -0.100784 -1.79101 -0.037258 0.963988 0.024845 -0.262147 
311 -0.409527 -0.099572 -1.79502 -0.03645 0.96533 0.025485 -0.257217 
312 -0.418749 -0.098177 -1.79814 -0.035315 0.966843 0.025803 -0.251599 
313 -0.426703 -0.094601 -1.80112 -0.03448 0.968296 0.026484 -0.245991 
314 -0.435161 -0.092045 -1.80377 -0.034378 0.969651 0.0276 -0.240485 
315 -0.442225 -0.088821 -1.807 -0.034711 0.970705 0.02878 -0.236004 
316 -0.449282 -0.086175 -1.80957 -0.034469 0.971607 0.030883 -0.232029 
317 -0.455924 -0.085004 -1.81372 -0.033709 0.972406 0.032625 -0.22853 
318 -0.4627 -0.084023 -1.81765 -0.032644 0.973211 0.033278 -0.225138 
319 -0.468061 -0.081313 -1.82191 -0.031576 0.973935 0.033627 -0.222087 
320 -0.473431 -0.07691 -1.82524 -0.030598 0.974561 0.034499 -0.219325 
321 -0.479296 -0.075591 -1.82954 -0.029169 0.975152 0.036053 -0.216629 
322 -0.484959 -0.073694 -1.83463 -0.028249 0.97584 0.037074 -0.213458 
323 -0.490319 -0.070615 -1.83924 -0.027884 0.976548 0.037915 -0.210091 
324 -0.494745 -0.067419 -1.84421 -0.027532 0.977153 0.039112 -0.207086 
325 -0.500409 -0.065352 -1.84962 -0.027054 0.977732 0.040393 -0.20415 
326 -0.505435 -0.063024 -1.85421 -0.026474 0.978144 0.041296 -0.202061 
327 -0.510329 -0.060369 -1.85982 -0.025898 0.978406 0.042428 -0.200627 
328 -0.515038 -0.057544 -1.86537 -0.025047 0.978611 0.043515 -0.199498 
329 -0.519619 -0.055552 -1.87179 -0.024331 0.978819 0.044653 -0.198309 
330 -0.524135 -0.052659 -1.87788 -0.023852 0.979017 0.045873 -0.197111 
331 -0.528221 -0.051682 -1.88588 -0.023439 0.97913 0.047446 -0.196226 
332 -0.532942 -0.050303 -1.89332 -0.023587 0.979267 0.048521 -0.195258 
333 -0.536955 -0.044659 -1.8992 -0.024282 0.979299 0.049689 -0.194717 
334 -0.540895 -0.044184 -1.90759 -0.024191 0.979118 0.052812 -0.194819 
335 -0.545103 -0.045176 -1.91863 -0.024098 0.979054 0.05524 -0.194475 
336 -0.549301 -0.043828 -1.92638 -0.024145 0.979135 0.056951 -0.19357 
337 -0.553765 -0.044665 -1.93536 -0.023911 0.979303 0.058775 -0.192197 
338 -0.558208 -0.045721 -1.94456 -0.023362 0.979528 0.059565 -0.190868 
339 -0.56263 -0.045666 -1.95285 -0.022846 0.979817 0.059547 -0.18945 
340 -0.566849 -0.04428 -1.96146 -0.023216 0.98008 0.059483 -0.188058 
341 -0.570334 -0.041735 -1.9697 -0.023709 0.980153 0.059826 -0.187505 
342 -0.573706 -0.041286 -1.98034 -0.023491 0.980146 0.061247 -0.187114 
343 -0.577046 -0.041747 -1.99057 -0.022987 0.980229 0.062461 -0.186337 
344 -0.58038 -0.041344 -1.99965 -0.022996 0.9804 0.062813 -0.185317 
345 -0.583609 -0.039983 -2.00909 -0.022898 0.980539 0.062724 -0.184622 
346 -0.586732 -0.038116 -2.01712 -0.022823 0.980583 0.063059 -0.184279 
347 -0.589725 -0.036193 -2.02621 -0.022102 0.98055 0.063746 -0.184307 
348 -0.591931 -0.034375 -2.03652 -0.021226 0.980478 0.06473 -0.184453 
349 -0.594371 -0.031851 -2.04535 -0.02022 0.98044 0.065636 -0.184445 
350 -0.596926 -0.030012 -2.05524 -0.019182 0.980413 0.066978 -0.184219 
351 -0.599285 -0.028429 -2.06424 -0.018227 0.980415 0.068176 -0.183863 
352 -0.60252 -0.028567 -2.07368 -0.017134 0.980528 0.068996 -0.183061 
353 -0.604901 -0.027511 -2.0815 -0.016429 0.980706 0.068812 -0.182236 
354 -0.607211 -0.026377 -2.09016 -0.015611 0.980923 0.068668 -0.181195 
355 -0.60987 -0.026474 -2.09902 -0.014197 0.981267 0.068494 -0.179506 
356 -0.613205 -0.026205 -2.10612 -0.013109 0.981756 0.067531 -0.177268 
357 -0.614734 -0.02244 -2.1142 -0.012759 0.982187 0.066268 -0.175369 
358 -0.61491 -0.018773 -2.12153 -0.01206 0.982491 0.066823 -0.173497 
359 -0.616761 -0.017766 -2.12902 -0.010759 0.982885 0.06847 -0.170684 
360 -0.618437 -0.017034 -2.13844 -0.009978 0.98345 0.069298 -0.167108 
361 -0.620246 -0.014116 -2.14527 -0.009726 0.984101 0.069697 -0.163071 
362 -0.620909 -0.012321 -2.1533 -0.009825 0.984653 0.07085 -0.15919 
363 -0.623465 -0.013357 -2.16178 -0.009702 0.985212 0.071691 -0.155315 
364 -0.625415 -0.013093 -2.17011 -0.010141 0.985833 0.070773 -0.151731 
365 -0.62551 -0.008556 -2.17762 -0.010978 0.986418 0.069746 -0.148305 
366 -0.626425 -0.006221 -2.18568 -0.011077 0.986971 0.070759 -0.144078 
367 -0.628135 -0.005565 -2.19332 -0.011218 0.987572 0.07175 -0.139386 
368 -0.629941 -0.006058 -2.20098 -0.011333 0.988194 0.072265 -0.134617 
369 -0.632411 -0.007257 -2.2105 -0.011106 0.988887 0.072048 -0.12957 
370 -0.633598 -0.006398 -2.22037 -0.010835 0.98962 0.070821 -0.124578 
371 -0.635067 -0.007008 -2.22987 -0.010276 0.99034 0.069637 -0.119466 
372 -0.637899 -0.007562 -2.23797 -0.009842 0.991095 0.067576 -0.114308 
373 -0.639732 -0.003201 -2.24423 -0.009565 0.991819 0.064989 -0.109453 
374 -0.641459 -0.000835 -2.25211 -0.008722 0.992327 0.064141 -0.105344 
375 -0.644825 -0.00354 -2.26053 -0.007308 0.992745 0.063828 -0.101636 
376 -0.645691 -0.001258 -2.26954 -0.006106 0.993245 0.061432 -0.098253 
377 -0.64742 0.002708 -2.27734 -0.005724 0.993729 0.059968 -0.094202 
378 -0.64984 0.002759 -2.28716 -0.005549 0.994137 0.060101 -0.089716 
379 -0.652789 0.003318 -2.29431 -0.005421 0.994549 0.059526 -0.085438 
380 -0.654343 0.005327 -2.30411 -0.004607 0.994857 0.058998 -0.082209 
381 -0.657052 0.005506 -2.31153 -0.00317 0.995146 0.058899 -0.078778 
382 -0.661138 0.00541 -2.32042 -0.001813 0.995479 0.058478 -0.074824 
383 -0.665387 0.004967 -2.32829 -0.000686 0.99579 0.057718 -0.0712 
384 -0.667491 0.005308 -2.33789 0.00014 0.99605 0.057092 -0.068008 
385 -0.670927 0.004291 -2.34695 0.000746 0.996304 0.056791 -0.064434 
386 -0.676104 0.002491 -2.3542 0.001273 0.996597 0.055786 -0.06067 
387 -0.679114 0.001853 -2.36361 0.001165 0.996862 0.054278 -0.057612 
388 -0.684027 0.001342 -2.37123 0.000997 0.997092 0.05304 -0.054712 
389 -0.689263 -0.001491 -2.3794 0.001176 0.997273 0.052195 -0.05216 
390 -0.693658 -0.002855 -2.38789 0.001029 0.997478 0.050373 -0.05 
391 -0.696818 -0.003239 -2.39585 0.001445 0.997626 0.04875 -0.048616 
392 -0.701036 -0.004341 -2.40363 0.002035 0.997768 0.047367 -0.047025 
393 -0.707418 -0.006456 -2.41262 0.002942 0.997898 0.046206 -0.045336 
394 -0.710252 -0.008735 -2.42213 0.00344 0.997988 0.044791 -0.044747 
395 -0.71458 -0.010384 -2.42906 0.003683 0.998134 0.042703 -0.043499 
396 -0.71872 -0.008228 -2.43721 0.00361 0.998304 0.040277 -0.041877 
397 -0.722208 -0.007449 -2.44446 0.003066 0.998419 0.039199 -0.040174 
398 -0.726431 -0.010944 -2.45321 0.002849 0.99853 0.038692 -0.037845 
399 -0.72952 -0.010917 -2.46089 0.002691 0.998702 0.036578 -0.035333 
400 -0.733448 -0.011659 -2.46831 0.002231 0.998851 0.03509 -0.032578 
401 -0.737098 -0.013501 -2.47606 0.002344 0.998989 0.033174 -0.030232 
402 -0.738047 -0.014588 -2.48482 0.002569 0.99914 0.030413 -0.028078 
403 -0.741555 -0.013205 -2.49064 0.001985 0.999307 0.02738 -0.025145 
404 -0.743774 -0.01765 -2.49914 0.000686 0.999394 0.025999 -0.023133 
405 -0.746706 -0.017717 -2.50497 4.4e-05 0.9995 0.0232 -0.021465 
406 -0.748085 -0.017789 -2.51198 -0.000164 0.999581 0.021039 -0.019899 
407 -0.750071 -0.017569 -2.51887 -0.000182 0.99964 0.019887 -0.017998 
408 -0.751253 -0.020953 -2.52627 0.000388 0.999685 0.019165 -0.016188 
409 -0.752425 -0.022074 -2.53314 0.000811 0.999755 0.016896 -0.014257 
410 -0.754094 -0.023706 -2.54048 0.000628 0.999811 0.014696 -0.012752 
411 -0.756339 -0.023676 -2.54716 0.000707 0.999851 0.013022 -0.011353 
412 -0.757183 -0.023818 -2.55431 0.001243 0.999878 0.01201 -0.009942 
413 -0.758147 -0.026144 -2.5628 0.002411 0.999893 0.011653 -0.008476 
414 -0.759389 -0.025967 -2.56992 0.003967 0.999914 0.01054 -0.006669 
415 -0.761827 -0.027321 -2.57807 0.005834 0.999931 0.009321 -0.004133 
416 -0.765051 -0.029945 -2.58645 0.006825 0.999947 0.007596 -0.001304 
417 -0.766372 -0.033434 -2.59578 0.006939 0.999963 0.005002 0.000729 
418 -0.766526 -0.03252 -2.60393 0.006452 0.999975 0.001819 0.002208 
419 -0.768019 -0.034109 -2.61327 0.005996 0.999977 0.000302 0.003291 
420 -0.766564 -0.03599 -2.62248 0.005725 0.999978 -0.001064 0.003301 
421 -0.769262 -0.037386 -2.63096 0.00548 0.999976 -0.002423 0.003603 
422 -0.770137 -0.040207 -2.64091 0.005246 0.999975 -0.003742 0.003007 
423 -0.769167 -0.040479 -2.65075 0.004434 0.999966 -0.006644 0.00185 
424 -0.768489 -0.040259 -2.66001 0.002834 0.99996 -0.008431 0.000457 
425 -0.7686 -0.038677 -2.66887 0.001161 0.999958 -0.008986 -0.000997 
426 -0.763411 -0.040274 -2.67969 -0.000413 0.999953 -0.009079 -0.003468 
427 -0.761822 -0.040197 -2.68982 -0.001743 0.999939 -0.009693 -0.004904 
428 -0.763195 -0.040517 -2.69938 -0.00262 0.999931 -0.010008 -0.005522 
429 -0.761772 -0.042545 -2.71084 -0.002581 0.999923 -0.01014 -0.006645 
430 -0.761397 -0.043275 -2.72038 -0.002213 0.999908 -0.011377 -0.007041 
431 -0.761872 -0.043569 -2.73108 -0.002127 0.999886 -0.012969 -0.007471 
432 -0.760786 -0.04406 -2.74094 -0.001632 0.999861 -0.014016 -0.008827 
433 -0.761248 -0.047757 -2.75229 -0.000633 0.99985 -0.014593 -0.009338 
434 -0.758665 -0.048332 -2.76259 -0.000372 0.999805 -0.016995 -0.010027 
435 -0.756474 -0.048562 -2.7717 -0.001177 0.999742 -0.019875 -0.010905 
436 -0.752764 -0.049007 -2.78202 -0.002547 0.999689 -0.021483 -0.012384 
437 -0.745478 -0.049933 -2.79191 -0.004322 0.999622 -0.023229 -0.01404 
438 -0.743469 -0.050242 -2.80051 -0.005499 0.999551 -0.025425 -0.014886 
439 -0.741226 -0.051541 -2.80903 -0.006686 0.999466 -0.027598 -0.016184 
440 -0.740556 -0.049879 -2.81759 -0.007128 0.999369 -0.030198 -0.017289 
441 -0.739861 -0.047554 -2.82495 -0.007447 0.999281 -0.032227 -0.018558 
442 -0.73928 -0.04683 -2.83326 -0.007334 0.999219 -0.033248 -0.020064 
443 -0.739448 -0.048759 -2.84232 -0.006955 0.999205 -0.033176 -0.020962 
444 -0.739443 -0.048677 -2.85115 -0.007105 0.999215 -0.032703 -0.021199 
445 -0.739717 -0.049883 -2.8593 -0.007114 0.999251 -0.031617 -0.021131 
446 -0.738441 -0.049519 -2.86741 -0.007166 0.99922 -0.032289 -0.021594 
447 -0.736668 -0.045722 -2.87424 -0.007731 0.999169 -0.033324 -0.02215 
448 -0.737822 -0.047735 -2.8909 -0.006102 0.999182 -0.032978 -0.022611 
449 -0.737473 -0.04616 -2.89888 -0.005229 0.999096 -0.035256 -0.02315 
450 -0.738586 -0.04161 -2.9054 -0.004649 0.999003 -0.037574 -0.02366 
451 -0.738881 -0.039023 -2.91266 -0.003839 0.998894 -0.039713 -0.024872 
452 -0.740407 -0.040152 -2.92183 -0.003543 0.998822 -0.040961 -0.025777 
453 -0.742164 -0.043361 -2.93166 -0.002891 0.998817 -0.040694 -0.026448 
454 -0.74371 -0.045929 -2.94072 -0.002382 0.998791 -0.041146 -0.026787 
455 -0.745229 -0.044413 -2.94852 -0.002634 0.998692 -0.043185 -0.027262 
456 -0.747766 -0.046241 -2.9577 -0.002331 0.998619 -0.044641 -0.027601 
457 -0.751016 -0.046046 -2.96617 -0.0022 0.998498 -0.047527 -0.027176 
458 -0.751787 -0.045996 -2.97564 -0.003119 0.998394 -0.049796 -0.026851 
459 -0.754453 -0.046364 -2.9849 -0.003624 0.998323 -0.051299 -0.026587 
460 -0.755449 -0.043148 -2.99265 -0.003762 0.998144 -0.054501 -0.026914 
461 -0.757095 -0.043067 -3.00214 -0.004375 0.998009 -0.056766 -0.027123 
462 -0.759959 -0.04055 -3.01021 -0.005535 0.997881 -0.058678 -0.027566 
463 -0.762173 -0.04142 -3.02007 -0.00668 0.997744 -0.060263 -0.028806 
464 -0.766826 -0.044923 -3.03092 -0.007414 0.997688 -0.06082 -0.029391 
465 -0.770879 -0.048153 -3.04124 -0.007892 0.997671 -0.060691 -0.030114 
466 -0.774546 -0.051274 -3.05155 -0.007814 0.997611 -0.06112 -0.031249 
467 -0.777196 -0.051852 -3.0608 -0.007565 0.997463 -0.062885 -0.032484 
468 -0.782565 -0.059927 -3.07249 -0.00739 0.99744 -0.063213 -0.032599 
469 -0.784036 -0.058352 -3.08086 -0.008394 0.997149 -0.066942 -0.033803 
470 -0.786862 -0.061532 -3.09078 -0.009766 0.996678 -0.072682 -0.035429 
471 -0.79004 -0.05983 -3.10019 -0.011606 0.996201 -0.077777 -0.03742 
472 -0.795902 -0.060916 -3.10909 -0.012724 0.995986 -0.079643 -0.03881 
473 -0.800221 -0.064682 -3.11827 -0.013349 0.995808 -0.081036 -0.040273 
474 -0.803903 -0.069451 -3.12783 -0.014118 0.995506 -0.083993 -0.041401 
475 -0.80633 -0.075251 -3.13796 -0.01523 0.995293 -0.085733 -0.042548 
476 -0.80976 -0.081628 -3.14679 -0.015207 0.995205 -0.086383 -0.043292 
477 -0.814377 -0.084152 -3.1553 -0.014943 0.995086 -0.088028 -0.042797 
478 -0.81721 -0.086588 -3.16404 -0.014929 0.994941 -0.090018 -0.042023 
479 -0.820355 -0.088482 -3.17209 -0.015184 0.994853 -0.091499 -0.040806 
480 -0.823984 -0.091287 -3.18076 -0.015307 0.994771 -0.093033 -0.039253 
481 -0.826317 -0.088568 -3.18756 -0.015249 0.994514 -0.096225 -0.03808 
482 -0.82807 -0.089478 -3.19424 -0.015568 0.994402 -0.097796 -0.036843 
483 -0.82898 -0.089956 -3.20023 -0.015997 0.994364 -0.098508 -0.035788 
484 -0.829817 -0.091606 -3.20693 -0.015877 0.994355 -0.099074 -0.034513 
485 -0.831542 -0.094497 -3.21392 -0.015309 0.99432 -0.100059 -0.032891 
486 -0.832573 -0.09633 -3.22125 -0.014716 0.994257 -0.101398 -0.030906 
487 -0.833398 -0.094689 -3.22744 -0.01441 0.994117 -0.103495 -0.028509 
488 -0.833978 -0.096621 -3.2343 -0.014594 0.994064 -0.104635 -0.025981 
489 -0.836991 -0.097051 -3.24106 -0.013729 0.994118 -0.10505 -0.022491 
490 -0.835664 -0.099524 -3.24794 -0.013138 0.994177 -0.10527 -0.018938 
491 -0.836509 -0.099574 -3.25465 -0.01303 0.994152 -0.106224 -0.014401 
492 -0.834807 -0.102306 -3.26149 -0.012697 0.994152 -0.106708 -0.010632 
493 -0.838529 -0.100398 -3.26878 -0.012199 0.994011 -0.108448 -0.005728 
494 -0.843034 -0.100173 -3.27708 -0.011213 0.993868 -0.109998 -0.000919 
495 -0.843748 -0.097882 -3.28349 -0.010534 0.993729 -0.111277 0.002949 
496 -0.839564 -0.091737 -3.28752 -0.010458 0.993585 -0.112479 0.005285 
497 -0.83767 -0.091832 -3.2948 -0.010277 0.99358 -0.112392 0.007779 
498 -0.834673 -0.093098 -3.30247 -0.010292 0.993571 -0.112322 0.009702 
499 -0.837429 -0.085931 -3.31022 -0.009618 0.993229 -0.115059 0.01281 
500 -0.840558 -0.082728 -3.31948 -0.008786 0.992851 -0.117944 0.016093 
501 -0.838404 -0.085759 -3.32889 -0.009303 0.992737 -0.118494 0.018575 
502 -0.836357 -0.087195 -3.33661 -0.009328 0.992677 -0.118566 0.021131 
503 -0.835433 -0.090345 -3.3459 -0.008689 0.992663 -0.118173 0.024061 
504 -0.836177 -0.092962 -3.35429 -0.007289 0.992595 -0.118081 0.027568 
505 -0.838336 -0.088638 -3.36276 -0.005985 0.992366 -0.119043 0.031666 
506 -0.837448 -0.087788 -3.37198 -0.004865 0.99217 -0.119697 0.035312 
507 -0.834048 -0.085512 -3.37888 -0.004091 0.991895 -0.121032 0.038449 
508 -0.833059 -0.088259 -3.38709 -0.002399 0.991537 -0.122691 0.04237 
509 -0.83314 -0.089387 -3.39615 -0.001082 0.991316 -0.1231 0.046236 
510 -0.832246 -0.090719 -3.40574 -5.3e-05 0.991157 -0.123251 0.049171 
511 -0.823359 -0.094444 -3.4153 0.001924 0.991028 -0.123858 0.050194 
512 -0.821362 -0.093649 -3.42565 0.003339 0.99079 -0.124851 0.05231 
513 -0.816393 -0.09094 -3.4345 0.004799 0.990596 -0.125728 0.053746 
514 -0.808276 -0.088392 -3.44294 0.006793 0.990379 -0.127033 0.054456 
515 -0.80137 -0.088742 -3.45095 0.008257 0.990226 -0.127678 0.055526 
516 -0.795437 -0.090573 -3.45938 0.009723 0.990025 -0.128693 0.056516 
517 -0.79119 -0.091873 -3.46819 0.011364 0.989803 -0.129794 0.057576 
518 -0.788526 -0.090189 -3.47605 0.011763 0.989563 -0.130988 0.058898 
519 -0.785292 -0.093274 -3.48349 0.012767 0.989414 -0.131342 0.060381 
520 -0.783536 -0.099282 -3.49188 0.014322 0.989226 -0.131583 0.06255 
521 -0.780967 -0.100278 -3.49954 0.014623 0.989051 -0.13173 0.064894 
522 -0.780063 -0.099825 -3.50771 0.015045 0.988928 -0.131246 0.067603 
523 -0.778141 -0.099901 -3.51542 0.015813 0.988868 -0.130223 0.070233 
524 -0.776308 -0.101216 -3.52293 0.016728 0.988794 -0.128949 0.073345 
525 -0.77447 -0.101328 -3.52935 0.018297 0.98866 -0.127765 0.076758 
526 -0.771188 -0.10156 -3.53559 0.020297 0.988596 -0.125744 0.080345 
527 -0.768968 -0.098051 -3.54183 0.022903 0.988471 -0.123974 0.083854 
528 -0.769666 -0.097241 -3.5482 0.0247 0.988339 -0.12202 0.08767 
529 -0.767744 -0.097603 -3.55456 0.02585 0.988289 -0.119618 0.091148 
530 -0.765033 -0.09253 -3.5597 0.027011 0.988324 -0.11696 0.093845 
531 -0.763652 -0.090998 -3.56511 0.027758 0.988306 -0.114447 0.096869 
532 -0.761734 -0.087714 -3.56977 0.029348 0.988064 -0.11344 0.099993 
533 -0.761274 -0.084109 -3.57431 0.030478 0.987887 -0.111972 0.103019 
534 -0.76055 -0.084227 -3.5798 0.032061 0.987677 -0.110231 0.106371 
535 -0.760832 -0.08076 -3.58399 0.032402 0.987462 -0.108732 0.109753 
536 -0.758795 -0.079964 -3.58797 0.033004 0.9874 -0.106007 0.112756 
537 -0.757957 -0.076459 -3.59222 0.032911 0.987344 -0.102998 0.116021 
538 -0.75741 -0.075322 -3.59648 0.032927 0.987238 -0.100562 0.11901 
539 -0.758394 -0.074177 -3.60105 0.033005 0.986959 -0.09845 0.123005 
540 -0.758631 -0.069428 -3.605 0.033558 0.986583 -0.096711 0.127179 
541 -0.760764 -0.06614 -3.60895 0.03349 0.986163 -0.094814 0.1318 
542 -0.762411 -0.062352 -3.6132 0.033815 0.985566 -0.093623 0.136935 
543 -0.762936 -0.057693 -3.61665 0.034746 0.984865 -0.092708 0.142261 
544 -0.764017 -0.054574 -3.62019 0.034628 0.984203 -0.090566 0.148131 
545 -0.763409 -0.049675 -3.62366 0.034481 0.983608 -0.08721 0.154015 
546 -0.764782 -0.046167 -3.62783 0.033959 0.982895 -0.084525 0.160061 
547 -0.766452 -0.034485 -3.63086 0.03651 0.982149 -0.081796 0.165407 
548 -0.768959 -0.031686 -3.63473 0.036504 0.981388 -0.07937 0.171013 
549 -0.770816 -0.032058 -3.63899 0.037212 0.980514 -0.078054 0.176393 
550 -0.773087 -0.028917 -3.64224 0.037367 0.979681 -0.076854 0.181442 
551 -0.775872 -0.022194 -3.64521 0.039064 0.978909 -0.075055 0.18595 
552 -0.777457 -0.021384 -3.64839 0.038924 0.978186 -0.072644 0.19068 
553 -0.778574 -0.025618 -3.65274 0.038042 0.977424 -0.070706 0.195437 
554 -0.778929 -0.024398 -3.65611 0.039201 0.976545 -0.069977 0.199814 
555 -0.779471 -0.018906 -3.65859 0.040031 0.975675 -0.069589 0.203993 
556 -0.778681 -0.017443 -3.66082 0.039185 0.975041 -0.06811 0.207654 
557 -0.779872 -0.016162 -3.66405 0.038435 0.974487 -0.066102 0.211019 
558 -0.780985 -0.016581 -3.66684 0.037475 0.973942 -0.064727 0.21411 
559 -0.780276 -0.0144 -3.66935 0.037054 0.973318 -0.063325 0.217412 
560 -0.78223 -0.012226 -3.67186 0.036547 0.972721 -0.062048 0.220518 
561 -0.782399 -0.010623 -3.67421 0.036253 0.972156 -0.060653 0.223428 
562 -0.782788 -0.010289 -3.67628 0.034929 0.971579 -0.058996 0.226569 
563 -0.785109 -0.007336 -3.67888 0.034679 0.970954 -0.057018 0.229772 
564 -0.784534 -0.006452 -3.68074 0.033806 0.970328 -0.055384 0.232925 
565 -0.785354 -0.005062 -3.68384 0.033554 0.969601 -0.053872 0.236318 
566 -0.786709 -0.002885 -3.68515 0.033211 0.96894 -0.052247 0.239422 
567 -0.787375 -0.001722 -3.68738 0.033688 0.968254 -0.04988 0.242615 
568 -0.788758 -0.000358 -3.68952 0.033794 0.967532 -0.04786 0.245866 
569 -0.78927 0.003315 -3.692 0.035695 0.966698 -0.045519 0.249298 
570 -0.789295 0.002547 -3.69472 0.035647 0.965796 -0.042896 0.253232 
571 -0.790196 0.004418 -3.6978 0.036908 0.964665 -0.041209 0.257607 
572 -0.789061 0.007566 -3.70121 0.038185 0.963517 -0.039253 0.261986 
573 -0.788805 0.009967 -3.70418 0.03872 0.962402 -0.037085 0.266287 
574 -0.789664 0.013136 -3.70781 0.039786 0.961186 -0.034641 0.27081 
575 -0.788185 0.016836 -3.71057 0.04056 0.95997 -0.032191 0.275275 
576 -0.787965 0.020577 -3.71334 0.041001 0.95885 -0.029677 0.279366 
577 -0.78777 0.023687 -3.71629 0.040881 0.957702 -0.027406 0.283522 
578 -0.788308 0.025938 -3.71904 0.040085 0.956573 -0.025122 0.287628 
579 -0.788509 0.029113 -3.7209 0.038826 0.955447 -0.023184 0.291679 
580 -0.786096 0.030565 -3.72297 0.037204 0.954247 -0.021389 0.295924 
581 -0.783459 0.030364 -3.72552 0.036515 0.952981 -0.019054 0.300217 
582 -0.785094 0.035048 -3.72771 0.036044 0.95174 -0.017311 0.304289 
583 -0.782669 0.036506 -3.72826 0.034866 0.950738 -0.014687 0.307679 
584 -0.78196 0.035888 -3.73043 0.034103 0.949484 -0.011686 0.311739 
585 -0.781634 0.037612 -3.73213 0.03384 0.948181 -0.009528 0.31578 
586 -0.779581 0.039522 -3.73199 0.0334 0.946955 -0.007279 0.319543 
587 -0.779398 0.040166 -3.73368 0.032827 0.945665 -0.004929 0.323444 
588 -0.779086 0.041112 -3.73502 0.032538 0.944401 -0.00277 0.327171 
589 -0.779269 0.045953 -3.73502 0.032644 0.943177 -0.001102 0.330682 
590 -0.779513 0.048089 -3.73619 0.032279 0.941874 0.001558 0.334408 
591 -0.779489 0.049327 -3.73676 0.031942 0.940789 0.003789 0.337464 
592 -0.779503 0.050762 -3.73864 0.031682 0.939578 0.005335 0.340824 
593 -0.779302 0.0537 -3.73903 0.031698 0.938475 0.00721 0.343814 
594 -0.781196 0.055318 -3.73993 0.031551 0.937318 0.009366 0.346917 
595 -0.780584 0.055898 -3.73964 0.031769 0.936306 0.011096 0.349568 
596 -0.780965 0.057796 -3.74033 0.032056 0.935147 0.01247 0.352587 
597 -0.78061 0.061777 -3.74002 0.032051 0.933958 0.013319 0.355693 
598 -0.780003 0.064975 -3.74052 0.032046 0.932696 0.014295 0.358953 
599 -0.780054 0.067495 -3.74055 0.032333 0.931455 0.015649 0.362079 
600 -0.779414 0.071014 -3.74026 0.032538 0.930175 0.01738 0.365258 
601 -0.778749 0.073427 -3.73952 0.032806 0.928894 0.019854 0.368354 
602 -0.778244 0.075068 -3.7389 0.032669 0.927533 0.021922 0.371665 
603 -0.778964 0.075487 -3.73937 0.032593 0.925962 0.023306 0.375486 
604 -0.778115 0.077546 -3.73935 0.032523 0.924529 0.023988 0.378962 
605 -0.776853 0.078825 -3.73936 0.032374 0.923192 0.024587 0.382184 
606 -0.775311 0.080215 -3.73922 0.031901 0.921972 0.025108 0.385123 
607 -0.777372 0.084516 -3.73925 0.031587 0.92076 0.025638 0.388003 
608 -0.776576 0.084892 -3.74033 0.031245 0.919384 0.027298 0.391168 
609 -0.775594 0.088093 -3.73976 0.03137 0.917986 0.028216 0.394361 
610 -0.775009 0.088838 -3.74116 0.031368 0.916316 0.029549 0.39813 
611 -0.771827 0.085636 -3.741 0.031344 0.914936 0.030533 0.401221 
612 -0.771274 0.086245 -3.74127 0.033092 0.913243 0.030307 0.404938 
613 -0.772802 0.091453 -3.74217 0.035333 0.910913 0.030612 0.409941 
614 -0.773374 0.097379 -3.74344 0.036385 0.908529 0.032016 0.415001 
615 -0.771563 0.098509 -3.74323 0.036068 0.906695 0.033874 0.418874 
616 -0.769459 0.100836 -3.74374 0.036054 0.904975 0.035591 0.422437 
617 -0.767514 0.10123 -3.74504 0.035011 0.902991 0.038364 0.426508 
618 -0.766531 0.099378 -3.74862 0.033982 0.900705 0.040511 0.4312 
619 -0.763808 0.099724 -3.7495 0.033482 0.898669 0.040907 0.43543 
620 -0.759914 0.101671 -3.74974 0.033072 0.896895 0.04073 0.43912 
621 -0.75691 0.10289 -3.74975 0.032429 0.895426 0.040913 0.442139 
622 -0.755048 0.105674 -3.75109 0.031674 0.893667 0.04116 0.445715 
623 -0.750276 0.104923 -3.75056 0.030534 0.892295 0.041959 0.448461 
624 -0.745978 0.10375 -3.75073 0.030131 0.890615 0.042107 0.4518 
625 -0.74212 0.106586 -3.75116 0.030781 0.888619 0.042066 0.455675 
626 -0.737072 0.105392 -3.75135 0.030671 0.886904 0.043106 0.458915 
627 -0.7312 0.100872 -3.75328 0.030396 0.885135 0.043665 0.462282 
628 -0.7275 0.102041 -3.75303 0.03074 0.883629 0.042189 0.465269 
629 -0.721491 0.103991 -3.75178 0.030356 0.882255 0.041329 0.46797 
630 -0.716009 0.103907 -3.75184 0.029572 0.880615 0.041197 0.471111 
631 -0.710739 0.100252 -3.75239 0.028989 0.878763 0.041102 0.474601 
632 -0.704188 0.100604 -3.75053 0.029457 0.876972 0.040085 0.47796 
633 -0.697208 0.101558 -3.74817 0.029999 0.875198 0.039008 0.481255 
634 -0.691234 0.101081 -3.7493 0.030163 0.873127 0.03821 0.485056 
635 -0.683627 0.100189 -3.74804 0.030161 0.87132 0.037242 0.488369 
636 -0.677828 0.103442 -3.74624 0.030503 0.869627 0.03588 0.491459 
637 -0.670071 0.103108 -3.74607 0.030214 0.867948 0.035652 0.494451 
638 -0.661999 0.101659 -3.74434 0.030021 0.866369 0.035134 0.497261 
639 -0.652652 0.09996 -3.74247 0.029952 0.864948 0.034539 0.499774 
640 -0.645754 0.101637 -3.74217 0.03013 0.863343 0.033497 0.502603 
641 -0.637277 0.099374 -3.74165 0.029685 0.862014 0.033381 0.504912 
642 -0.628984 0.099957 -3.73913 0.030148 0.860876 0.032712 0.506866 
643 -0.620517 0.10195 -3.73682 0.030492 0.859796 0.032426 0.508694 
644 -0.612301 0.100358 -3.73578 0.030042 0.85859 0.033241 0.510701 
645 -0.603411 0.098681 -3.73326 0.029979 0.857626 0.033196 0.512326 
646 -0.596293 0.100496 -3.73068 0.030419 0.856625 0.032474 0.514017 
647 -0.587778 0.101685 -3.72939 0.030037 0.855506 0.032387 0.515905 
648 -0.579086 0.099897 -3.7274 0.029194 0.854747 0.032784 0.517185 
649 -0.570945 0.098006 -3.72593 0.028373 0.854066 0.032778 0.518356 
650 -0.563165 0.09755 -3.72648 0.027583 0.853182 0.032407 0.519875 
651 -0.555786 0.098148 -3.72586 0.027208 0.85257 0.032124 0.520915 
652 -0.537591 0.095067 -3.71967 0.026434 0.852847 0.032592 0.520472 
653 -0.530359 0.097057 -3.71828 0.026646 0.852715 0.032378 0.520691 
654 -0.521029 0.095312 -3.71501 0.026208 0.852832 0.032774 0.520496 
655 -0.512376 0.095358 -3.71131 0.026382 0.853005 0.03292 0.520195 
656 -0.50407 0.0959 -3.70932 0.026561 0.852595 0.033118 0.520846 
657 -0.495675 0.094376 -3.70895 0.02671 0.852007 0.033743 0.521758 
658 -0.487368 0.09573 -3.70619 0.027067 0.851701 0.033702 0.522243 
659 -0.47786 0.096409 -3.70172 0.027288 0.851802 0.034157 0.522036 
660 -0.469152 0.09577 -3.6997 0.02686 0.851714 0.03494 0.522151 
661 -0.46112 0.097562 -3.69782 0.026245 0.851815 0.034835 0.522024 
662 -0.453471 0.101048 -3.69467 0.025429 0.852476 0.035222 0.520959 
663 -0.446738 0.106256 -3.69355 0.024496 0.852824 0.036217 0.520365 
664 -0.438587 0.107977 -3.69181 0.022994 0.853026 0.037938 0.51998 
665 -0.43095 0.110195 -3.69131 0.021666 0.852858 0.039419 0.520202 
666 -0.423153 0.112135 -3.68958 0.01992 0.85273 0.040478 0.5204 
667 -0.415892 0.115661 -3.68947 0.017907 0.852554 0.041352 0.520692 
668 -0.408261 0.116765 -3.6899 0.014876 0.852484 0.042941 0.520774 
669 -0.399955 0.115675 -3.69119 0.012202 0.8526 0.04413 0.520555 
670 -0.392722 0.12 -3.69159 0.010658 0.852634 0.044461 0.520505 
671 -0.384634 0.122484 -3.69195 0.008778 0.852557 0.046379 0.520498 
672 -0.375762 0.120195 -3.69321 0.007394 0.852285 0.048824 0.520742 
673 -0.367538 0.120579 -3.69675 0.007315 0.851722 0.049805 0.521571 
674 -0.359424 0.124985 -3.69645 0.007388 0.851496 0.050247 0.521896 
675 -0.350674 0.125428 -3.70013 0.006354 0.850988 0.051455 0.52262 
676 -0.341934 0.126596 -3.7022 0.00605 0.850411 0.05238 0.523471 
677 -0.334201 0.12854 -3.70587 0.006121 0.849217 0.053588 0.525282 
678 -0.324922 0.127611 -3.71016 0.006843 0.847881 0.055054 0.527275 
679 -0.316169 0.128474 -3.71409 0.00846 0.846256 0.055384 0.529822 
680 -0.307574 0.130033 -3.7193 0.009982 0.844277 0.055786 0.532903 
681 -0.298011 0.130414 -3.72329 0.011265 0.842711 0.05653 0.535271 
682 -0.288808 0.13141 -3.72893 0.012809 0.841468 0.056723 0.537168 
683 -0.280145 0.137806 -3.73185 0.013934 0.841103 0.056516 0.537734 
684 -0.271595 0.140974 -3.73703 0.013181 0.840971 0.058091 0.537791 
685 -0.261776 0.140978 -3.7433 0.011826 0.84102 0.06001 0.537536 
686 -0.251902 0.141552 -3.74948 0.010981 0.841375 0.0618 0.536795 
687 -0.243055 0.143266 -3.75624 0.010021 0.841731 0.063603 0.536043 
688 -0.232414 0.141165 -3.76372 0.00878 0.842006 0.065786 0.53537 
689 -0.221779 0.138554 -3.77151 0.00796 0.842156 0.066027 0.535117 
690 -0.21183 0.138653 -3.77953 0.00765 0.842528 0.064835 0.534682 
691 -0.202363 0.141487 -3.78548 0.006982 0.843128 0.063723 0.533878 
692 -0.192728 0.142839 -3.79258 0.005752 0.843714 0.063756 0.532961 
693 -0.183079 0.144864 -3.7986 0.004705 0.844068 0.06409 0.532371 
694 -0.173848 0.146422 -3.8037 0.003604 0.844236 0.065036 0.532 
695 -0.155203 0.144431 -3.8194 0.002435 0.844316 0.06632 0.53172 
696 -0.147308 0.14839 -3.82439 0.003116 0.845009 0.066327 0.530614 
697 -0.132662 0.150171 -3.83725 0.001962 0.845879 0.069607 0.52881 
698 -0.125934 0.152767 -3.84364 0.001559 0.846205 0.070313 0.528196 
699 -0.11904 0.156351 -3.84749 0.001141 0.846558 0.071516 0.52747 
700 -0.112757 0.159712 -3.85216 0.000423 0.846545 0.073755 0.527182 
701 -0.105747 0.159417 -3.85858 -0.000342 0.846511 0.077045 0.526766 
702 -0.098022 0.159558 -3.86326 -0.000375 0.8469 0.079418 0.525787 
703 -0.091885 0.162771 -3.86737 -0.000287 0.847505 0.081148 0.524547 
704 -0.085243 0.164544 -3.87161 -0.001271 0.848017 0.083493 0.523349 
705 -0.077464 0.162272 -3.87696 -0.002611 0.848188 0.085711 0.522708 
706 -0.069424 0.16187 -3.88203 -0.003031 0.848539 0.085994 0.522089 
707 -0.062469 0.165409 -3.88427 -0.002769 0.849092 0.085816 0.521221 
708 -0.054828 0.166868 -3.8862 -0.003164 0.849832 0.087207 0.51978 
709 -0.046603 0.165129 -3.89045 -0.003549 0.850497 0.088647 0.518444 
710 -0.039083 0.167953 -3.89118 -0.003267 0.851742 0.08872 0.516385 
711 -0.031774 0.170626 -3.89196 -0.004464 0.853034 0.089456 0.514112 
712 -0.023505 0.169233 -3.89446 -0.006508 0.854133 0.09095 0.511999 
713 -0.013974 0.166011 -3.89646 -0.007881 0.855486 0.091681 0.509583 
714 -0.004955 0.164594 -3.89708 -0.007996 0.857273 0.091038 0.506687 
715 0.003859 0.165509 -3.89722 -0.007973 0.859361 0.090033 0.503319 
716 0.012393 0.165905 -3.89678 -0.007795 0.861394 0.089821 0.499872 
717 0.021385 0.167004 -3.89519 -0.007789 0.86336 0.089991 0.496439 
718 0.031373 0.167676 -3.89266 -0.008386 0.865277 0.091227 0.492852 
719 0.041779 0.1636 -3.89263 -0.009017 0.867085 0.093202 0.48928 
720 0.052952 0.162321 -3.89024 -0.008142 0.869201 0.093511 0.485468 
721 0.063541 0.161683 -3.88779 -0.007348 0.871155 0.094026 0.481866 
722 0.074297 0.160927 -3.88463 -0.007123 0.873048 0.094334 0.47837 
723 0.085828 0.160662 -3.88062 -0.007254 0.874976 0.094664 0.474767 
724 0.095985 0.160744 -3.87785 -0.007886 0.876639 0.095527 0.471505 
725 0.108486 0.157299 -3.87396 -0.008584 0.878515 0.097366 0.467608 
726 0.120591 0.154753 -3.87034 -0.007853 0.880388 0.097984 0.463956 
727 0.13151 0.156604 -3.86511 -0.005931 0.882524 0.098175 0.459866 
728 0.141898 0.156801 -3.86095 -0.004782 0.884382 0.100336 0.455828 
729 0.154227 0.15479 -3.85566 -0.004077 0.886542 0.102635 0.451102 
730 0.165154 0.153787 -3.85127 -0.003305 0.888785 0.104111 0.446332 
731 0.175884 0.152471 -3.84831 -0.002666 0.890954 0.105454 0.441671 
732 0.186979 0.151528 -3.84388 -0.002054 0.893296 0.10639 0.436691 
733 0.196687 0.151715 -3.83999 -0.001755 0.895515 0.106713 0.432045 
734 0.206165 0.152694 -3.83526 -0.00178 0.897649 0.106986 0.427524 
735 0.215186 0.15254 -3.83154 -0.002319 0.899699 0.107997 0.422934 
736 0.224555 0.151196 -3.82795 -0.002682 0.901826 0.108987 0.41812 
737 0.232725 0.152745 -3.82359 -0.002324 0.903962 0.109259 0.413412 
738 0.240283 0.155206 -3.81904 -0.002547 0.905723 0.110631 0.409169 
739 0.247205 0.155363 -3.81551 -0.004062 0.907277 0.11317 0.404999 
740 0.255775 0.154029 -3.81203 -0.00586 0.908914 0.115191 0.400715 
741 0.262985 0.153204 -3.80921 -0.007688 0.910397 0.116435 0.39694 
742 0.269938 0.15354 -3.80591 -0.00925 0.911828 0.117177 0.393388 
743 0.277214 0.150773 -3.80379 -0.010924 0.912868 0.118245 0.390603 
744 0.283635 0.148612 -3.80279 -0.011514 0.913629 0.117357 0.389073 
745 0.28869 0.15181 -3.79944 -0.010963 0.914365 0.115739 0.387842 
746 0.301066 0.150432 -3.7933 -0.014043 0.915587 0.11827 0.384077 
747 0.30782 0.148806 -3.7909 -0.014906 0.916431 0.118401 0.381985 
748 0.313117 0.14858 -3.78868 -0.01526 0.917158 0.118045 0.380333 
749 0.319278 0.146572 -3.78702 -0.0155 0.917824 0.118022 0.378721 
750 0.325532 0.144833 -3.78537 -0.014971 0.918767 0.117056 0.376752 
751 0.331135 0.146048 -3.78293 -0.013291 0.92009 0.115996 0.373901 
752 0.337548 0.14506 -3.78115 -0.012292 0.921434 0.116146 0.370564 
753 0.342959 0.145132 -3.77922 -0.011137 0.922987 0.115744 0.366843 
754 0.347782 0.14805 -3.77598 -0.009972 0.924654 0.115736 0.362659 
755 0.35327 0.150477 -3.77274 -0.010376 0.926242 0.11752 0.357989 
756 0.359241 0.149746 -3.77157 -0.011647 0.92781 0.120851 0.352743 
757 0.366708 0.148448 -3.76986 -0.012635 0.929605 0.123823 0.346903 
758 0.373199 0.149252 -3.76734 -0.012364 0.931268 0.125989 0.341634 
759 0.379417 0.150373 -3.76597 -0.011664 0.932692 0.128654 0.336745 
760 0.387097 0.150067 -3.76321 -0.010648 0.934255 0.131851 0.331163 
761 0.395152 0.149406 -3.76197 -0.009259 0.935922 0.134647 0.325322 
762 0.402813 0.150588 -3.75991 -0.007379 0.937563 0.137236 0.319513 
763 0.409751 0.151058 -3.75848 -0.006435 0.939045 0.140553 0.313685 
764 0.417913 0.148835 -3.75793 -0.00622 0.940588 0.143711 0.307575 
765 0.426445 0.147372 -3.75748 -0.005183 0.942216 0.145464 0.301731 
766 0.433138 0.14833 -3.75663 -0.003916 0.943583 0.146838 0.296774 
767 0.440048 0.146775 -3.75725 -0.00298 0.944631 0.14876 0.292462 
768 0.446702 0.145308 -3.75805 -0.000981 0.945517 0.149712 0.289106 
769 0.452688 0.147915 -3.75785 0.001958 0.946183 0.149798 0.28687 
770 0.458029 0.14853 -3.75842 0.00447 0.946338 0.151866 0.285238 
771 0.465343 0.146994 -3.75899 0.006531 0.946277 0.153486 0.284533 
772 0.471344 0.147059 -3.75951 0.007908 0.946233 0.153907 0.284418 
773 0.476441 0.146061 -3.76085 0.007797 0.946081 0.154167 0.284786 
774 0.481888 0.145795 -3.76159 0.007232 0.945962 0.152962 0.285842 
775 0.486865 0.146121 -3.76194 0.005642 0.945836 0.152025 0.286793 
776 0.491709 0.142549 -3.76478 0.003155 0.945568 0.151533 0.287974 
777 0.495678 0.139978 -3.76749 0.001738 0.945415 0.148751 0.289931 
778 0.499269 0.139062 -3.76867 0.00061 0.945272 0.14443 0.292577 
779 0.502486 0.138546 -3.77019 -0.001118 0.944956 0.14008 0.295694 
780 0.505706 0.137239 -3.77158 -0.003363 0.944565 0.135871 0.298874 
781 0.508359 0.137033 -3.7729 -0.005023 0.944509 0.131752 0.300864 
782 0.510651 0.13775 -3.77352 -0.005348 0.944434 0.128609 0.302448 
783 0.512836 0.138627 -3.77399 -0.005225 0.944115 0.127237 0.304023 
784 0.51602 0.13616 -3.77562 -0.005756 0.943742 0.126928 0.305299 
785 0.518909 0.134205 -3.77677 -0.005137 0.943459 0.125214 0.306888 
786 0.521623 0.132741 -3.77741 -0.00421 0.943378 0.123197 0.307964 
787 0.52495 0.129295 -3.77871 -0.004237 0.943408 0.121049 0.308723 
788 0.527712 0.126782 -3.77925 -0.003181 0.943745 0.116993 0.309269 
789 0.530848 0.12611 -3.77938 -0.001387 0.944181 0.112672 0.309556 
790 0.534328 0.124509 -3.77907 -0.000108 0.944376 0.109827 0.309988 
791 0.536735 0.122066 -3.77964 0.001052 0.94418 0.107112 0.311529 
792 0.539831 0.118823 -3.77989 0.002091 0.943962 0.10347 0.313409 
793 0.542258 0.116995 -3.77892 0.003382 0.943864 0.09938 0.315012 
794 0.544472 0.114114 -3.77861 0.003891 0.943721 0.095039 0.31677 
795 0.547194 0.110914 -3.77799 0.00436 0.943509 0.088552 0.319264 
796 0.547752 0.109793 -3.77807 0.004616 0.943139 0.081283 0.322275 
797 0.549671 0.108585 -3.77728 0.004345 0.942857 0.075772 0.324438 
798 0.551678 0.107656 -3.77675 0.004427 0.942268 0.072155 0.326963 
799 0.554168 0.106758 -3.77538 0.0045 0.941426 0.069954 0.329853 
800 0.556828 0.10596 -3.77433 0.005008 0.940361 0.067821 0.33331 
801 0.559497 0.104711 -3.77344 0.005855 0.939126 0.066236 0.337077 
802 0.561917 0.103805 -3.77168 0.006427 0.937838 0.064562 0.340955 
803 0.564119 0.102978 -3.77058 0.007148 0.936609 0.062622 0.34466 
804 0.566387 0.103022 -3.76879 0.007846 0.935269 0.060911 0.348568 
805 0.569345 0.102295 -3.76728 0.007529 0.934042 0.060109 0.351987 
806 0.571352 0.101439 -3.7658 0.006673 0.932758 0.05936 0.35552 
807 0.573946 0.100803 -3.76412 0.006192 0.931557 0.058223 0.358851 
808 0.576035 0.101109 -3.76184 0.00582 0.930171 0.056976 0.362631 
809 0.578718 0.101204 -3.75961 0.005193 0.928634 0.056498 0.366634 
810 0.581463 0.101471 -3.75708 0.004496 0.926837 0.056709 0.371129 
811 0.584924 0.100815 -3.7549 0.003633 0.925077 0.057208 0.37543 
812 0.587617 0.101253 -3.75193 0.003098 0.923304 0.058309 0.379604 
813 0.590416 0.10131 -3.74906 0.002144 0.921448 0.060165 0.38381 
814 0.593264 0.100515 -3.74691 0.001341 0.919523 0.062109 0.388095 
815 0.595807 0.100743 -3.74403 0.000978 0.917596 0.063993 0.392328 
816 0.598081 0.1006 -3.74138 0.000228 0.915724 0.066038 0.396345 
817 0.600203 0.10069 -3.73817 -0.000401 0.913828 0.06787 0.40039 
818 0.601159 0.101228 -3.73547 -0.001278 0.911808 0.069856 0.40463 
819 0.601994 0.101355 -3.73348 -0.002438 0.909885 0.071901 0.408574 
820 0.602036 0.102984 -3.73059 -0.002653 0.907982 0.073932 0.412426 
821 0.603224 0.103845 -3.72684 -0.003353 0.906133 0.076775 0.415953 
822 0.603182 0.105345 -3.72398 -0.004252 0.904239 0.079387 0.41956 
823 0.603285 0.106193 -3.7211 -0.005734 0.902551 0.082242 0.422618 
824 0.602934 0.106149 -3.71926 -0.007396 0.900707 0.085048 0.425957 
825 0.60245 0.107187 -3.71674 -0.008993 0.899042 0.087266 0.428984 
826 0.601134 0.108764 -3.71485 -0.010533 0.897525 0.089836 0.431586 
827 0.599861 0.108259 -3.71335 -0.012632 0.895931 0.092476 0.434276 
828 0.599208 0.108211 -3.70964 -0.013919 0.894787 0.094119 0.436239 
829 0.595089 0.107584 -3.70631 -0.016673 0.891952 0.096083 0.441488 
830 0.594458 0.107946 -3.70267 -0.017267 0.890899 0.096479 0.443501 
831 0.59199 0.108525 -3.7004 -0.018234 0.889169 0.097201 0.446763 
832 0.589983 0.107614 -3.69788 -0.01952 0.887266 0.098001 0.450305 
833 0.5887 0.107205 -3.69453 -0.019964 0.885416 0.098069 0.453897 
834 0.585867 0.108286 -3.69175 -0.020484 0.883238 0.098132 0.458084 
835 0.582965 0.109005 -3.68925 -0.021885 0.881107 0.098649 0.461995 
836 0.580099 0.108833 -3.68734 -0.024003 0.879216 0.099176 0.465367 
837 0.576623 0.109058 -3.68618 -0.026227 0.877512 0.099328 0.468423 
838 0.573131 0.111219 -3.6835 -0.027972 0.876083 0.099646 0.470921 
839 0.569089 0.113964 -3.67945 -0.030448 0.874558 0.100803 0.47335 
840 0.565407 0.115064 -3.67723 -0.033644 0.872594 0.10307 0.476261 
841 0.561936 0.114913 -3.67516 -0.036303 0.870413 0.104808 0.479665 
842 0.558129 0.116305 -3.67201 -0.037863 0.868178 0.105866 0.483348 
843 0.553979 0.116749 -3.67171 -0.039759 0.865479 0.107529 0.48765 
844 0.550588 0.115796 -3.66996 -0.0415 0.862831 0.109032 0.491846 
845 0.547473 0.115278 -3.66704 -0.042352 0.860276 0.109767 0.496067 
846 0.543665 0.114995 -3.66563 -0.04252 0.857309 0.109712 0.501175 
847 0.540365 0.114281 -3.6644 -0.042348 0.854126 0.109337 0.506676 
848 0.537005 0.114325 -3.66086 -0.041601 0.850785 0.108505 0.512505 
849 0.533282 0.114947 -3.66074 -0.041329 0.846724 0.107207 0.519478 
850 0.528351 0.115495 -3.66215 -0.041976 0.842431 0.105849 0.526634 
851 0.52457 0.116601 -3.66108 -0.043158 0.838625 0.104618 0.532822 
852 0.52105 0.118182 -3.6583 -0.044307 0.835092 0.103569 0.538453 
853 0.517277 0.122137 -3.65415 -0.045474 0.831651 0.102759 0.54381 
854 0.513955 0.124466 -3.64882 -0.047791 0.828406 0.103844 0.54834 
855 0.511081 0.123878 -3.64581 -0.050368 0.825221 0.10544 0.55259 
856 0.507393 0.125603 -3.64159 -0.050962 0.822325 0.105992 0.556732 
857 0.503346 0.126903 -3.63636 -0.051394 0.819371 0.106992 0.560842 
858 0.499351 0.126118 -3.63236 -0.052123 0.816347 0.10768 0.565036 
859 0.495091 0.126515 -3.62774 -0.052106 0.813767 0.107275 0.568824 
860 0.490697 0.126675 -3.62211 -0.05197 0.811687 0.106962 0.571859 
861 0.486153 0.125473 -3.61731 -0.051967 0.809691 0.106889 0.574695 
862 0.480345 0.124296 -3.61104 -0.051327 0.807804 0.10622 0.577525 
863 0.474537 0.125072 -3.60411 -0.05 0.806086 0.105091 0.580243 
864 0.468129 0.125589 -3.59663 -0.049631 0.803865 0.104844 0.583392 
865 0.461525 0.12341 -3.59125 -0.05005 0.801646 0.105088 0.586357 
866 0.454472 0.121374 -3.58482 -0.049396 0.799903 0.104006 0.58898 
867 0.447276 0.118589 -3.57834 -0.048713 0.798315 0.102576 0.591437 
868 0.439152 0.116729 -3.57067 -0.047429 0.796959 0.10033 0.593752 
869 0.430536 0.11814 -3.56261 -0.045908 0.795657 0.098028 0.595998 
870 0.421334 0.119174 -3.5534 -0.045777 0.794129 0.09786 0.598069 
871 0.412759 0.11448 -3.54664 -0.046469 0.792614 0.09932 0.599782 
872 0.403902 0.110067 -3.54017 -0.04492 0.791614 0.098587 0.60134 
873 0.39441 0.108574 -3.53312 -0.042225 0.791033 0.096317 0.602666 
874 0.384803 0.107233 -3.52595 -0.040365 0.790643 0.094064 0.603661 
875 0.37517 0.104712 -3.51876 -0.039093 0.790107 0.092112 0.604746 
876 0.365098 0.104813 -3.51123 -0.03824 0.78941 0.089629 0.606083 
877 0.355466 0.102387 -3.50517 -0.038958 0.788156 0.088086 0.607893 
878 0.3461 0.098677 -3.49754 -0.038783 0.786989 0.085378 0.609799 
879 0.336375 0.098554 -3.49087 -0.037436 0.78568 0.081671 0.612074 
880 0.326808 0.098105 -3.48313 -0.03733 0.784315 0.079628 0.614097 
881 0.316859 0.097054 -3.47596 -0.037794 0.78253 0.078504 0.616486 
882 0.308159 0.093618 -3.47019 -0.038584 0.780459 0.077579 0.619174 
883 0.299088 0.091621 -3.46436 -0.038761 0.778434 0.076334 0.621861 
884 0.289622 0.091328 -3.45757 -0.039006 0.776436 0.07541 0.624451 
885 0.280563 0.090733 -3.45162 -0.039108 0.77409 0.074927 0.627409 
886 0.271821 0.090247 -3.44577 -0.039015 0.77126 0.074936 0.630889 
887 0.263775 0.088268 -3.44039 -0.039116 0.767818 0.075658 0.634981 
888 0.256029 0.086021 -3.4349 -0.038719 0.7639 0.075941 0.63968 
889 0.248331 0.083231 -3.42983 -0.037868 0.759528 0.075834 0.644928 
890 0.240827 0.081592 -3.42493 -0.036296 0.754847 0.075648 0.650512 
891 0.233304 0.07988 -3.42037 -0.03447 0.749906 0.075175 0.656354 
892 0.22595 0.078119 -3.41608 -0.032591 0.744986 0.074518 0.662104 
893 0.218538 0.076776 -3.41203 -0.031201 0.74047 0.073643 0.667314 
894 0.211199 0.076134 -3.40769 -0.030067 0.736202 0.072949 0.672147 
895 0.204154 0.074298 -3.40452 -0.02981 0.731872 0.072391 0.67693 
896 0.196882 0.071933 -3.40121 -0.029113 0.727308 0.071645 0.68194 
897 0.189171 0.071306 -3.39882 -0.027415 0.722323 0.07066 0.68739 
898 0.181681 0.072406 -3.39685 -0.0256 0.71717 0.070419 0.692859 
899 0.174699 0.071931 -3.39667 -0.025431 0.712397 0.071083 0.697704 
900 0.167678 0.070857 -3.3961 -0.02542 0.707927 0.070878 0.70226 
901 0.159969 0.071056 -3.39478 -0.025351 0.703753 0.070347 0.706498 
902 0.152543 0.070791 -3.39459 -0.025846 0.699853 0.069848 0.710393 
903 0.145139 0.069181 -3.39268 -0.026132 0.695941 0.069037 0.714295 
904 0.137223 0.069157 -3.39244 -0.026113 0.69178 0.067671 0.718457 
905 0.129301 0.070058 -3.39353 -0.02594 0.687643 0.066317 0.722548 
906 0.12128 0.070638 -3.39498 -0.026225 0.683515 0.065787 0.726493 
907 0.113287 0.070572 -3.39491 -0.026818 0.679765 0.065494 0.730008 
908 0.105279 0.069837 -3.3949 -0.026837 0.676587 0.065083 0.73299 
909 0.097104 0.070858 -3.39597 -0.026313 0.673466 0.064344 0.735942 
910 0.089394 0.070194 -3.39565 -0.026404 0.670462 0.064213 0.738688 
911 0.081853 0.06915 -3.39518 -0.026376 0.667541 0.063588 0.741384 
912 0.073656 0.069726 -3.395 -0.025893 0.664695 0.062357 0.744057 
913 0.06616 0.070486 -3.39623 -0.025461 0.661685 0.061218 0.746844 
914 0.058836 0.070901 -3.39613 -0.024969 0.65884 0.060632 0.74942 
915 0.051356 0.073144 -3.39664 -0.024713 0.655942 0.060364 0.751988 
916 0.044424 0.07322 -3.39593 -0.025076 0.653508 0.06063 0.75407 
917 0.038057 0.072365 -3.39534 -0.024849 0.651199 0.060529 0.756081 
918 0.031717 0.073039 -3.39525 -0.023893 0.648941 0.059958 0.758096 
919 0.026187 0.072454 -3.39471 -0.02295 0.646871 0.059675 0.759914 
920 0.021117 0.070731 -3.3933 -0.021506 0.6452 0.059037 0.761426 
921 0.016228 0.070416 -3.39268 -0.019144 0.643578 0.058035 0.762937 
922 0.011695 0.071307 -3.39306 -0.016837 0.642074 0.056664 0.76436 
923 0.006847 0.072043 -3.39241 -0.015372 0.640996 0.055893 0.765352 
924 0.002897 0.071146 -3.39231 -0.014996 0.639602 0.055562 0.766549 
925 -0.000612 0.070677 -3.39226 -0.014225 0.637902 0.054852 0.76803 
926 -0.003807 0.067995 -3.3903 -0.013382 0.636553 0.053653 0.769248 
927 -0.006815 0.06732 -3.38931 -0.011745 0.635116 0.051944 0.770579 
928 -0.009346 0.066474 -3.38848 -0.01065 0.633831 0.050216 0.771766 
929 -0.01186 0.065309 -3.38761 -0.009713 0.633129 0.048728 0.77245 
930 -0.013917 0.064671 -3.3874 -0.008636 0.632704 0.047552 0.772884 
931 -0.016149 0.063146 -3.3861 -0.007554 0.632742 0.046439 0.772932 
932 -0.017826 0.060742 -3.38468 -0.006132 0.632685 0.045145 0.773068 
933 -0.019112 0.059494 -3.3844 -0.003872 0.632854 0.04343 0.773043 
934 -0.020446 0.059045 -3.38423 -0.002121 0.633054 0.042041 0.772962 
935 -0.021375 0.059085 -3.38417 -0.000856 0.633079 0.041039 0.772998 
936 -0.022199 0.059156 -3.38425 0.000249 0.633111 0.040043 0.773024 
937 -0.022178 0.058473 -3.38513 0.000844 0.633184 0.039386 0.772998 
938 -0.022256 0.057512 -3.3855 0.001168 0.633688 0.038724 0.772618 
939 -0.022548 0.055742 -3.38526 0.001777 0.634508 0.037866 0.771987 
940 -0.022266 0.054181 -3.3856 0.002798 0.635364 0.036843 0.771328 
941 -0.022002 0.053478 -3.38638 0.004045 0.635917 0.035433 0.770933 
942 -0.021615 0.051907 -3.38696 0.004996 0.636388 0.034168 0.770596 
943 -0.021147 0.050984 -3.38766 0.006333 0.636815 0.032941 0.770287 
944 -0.021158 0.050514 -3.38793 0.007571 0.637334 0.031708 0.769897 
945 -0.020768 0.049563 -3.38791 0.008578 0.63802 0.030775 0.769356 
946 -0.02051 0.048913 -3.38817 0.00971 0.638835 0.029636 0.768712 
947 -0.01991 0.04804 -3.3889 0.011048 0.639541 0.028578 0.768146 
948 -0.019131 0.046758 -3.38965 0.011901 0.639959 0.027806 0.767814 
949 -0.018484 0.045896 -3.39007 0.012643 0.640143 0.02716 0.767671 
950 -0.018081 0.045057 -3.38969 0.013704 0.640549 0.025917 0.767358 
951 -0.016947 0.044312 -3.39086 0.014518 0.64079 0.025227 0.767164 
952 -0.016196 0.043181 -3.39111 0.01503 0.641153 0.024986 0.766859 
953 -0.015719 0.043181 -3.39114 0.016196 0.641498 0.024534 0.766561 
954 -0.014729 0.042058 -3.39206 0.017143 0.641846 0.024426 0.766252 
955 -0.014357 0.042595 -3.39268 0.01814 0.642192 0.024178 0.765948 
956 -0.013888 0.041954 -3.39278 0.019153 0.642686 0.024596 0.765496 
957 -0.01302 0.042112 -3.39351 0.020309 0.642925 0.024941 0.765254 
958 -0.012552 0.041742 -3.39344 0.020947 0.643418 0.025436 0.764806 
959 -0.011604 0.04143 -3.39402 0.021651 0.643696 0.025932 0.764535 
960 -0.010803 0.041247 -3.3946 0.022632 0.644123 0.026354 0.764132 
961 -0.009991 0.041836 -3.39502 0.023717 0.644641 0.026681 0.763651 
962 -0.009005 0.041244 -3.39539 0.024611 0.645204 0.026964 0.763138 
963 -0.008214 0.041033 -3.39557 0.025484 0.645986 0.026809 0.762452 
964 -0.007449 0.04115 -3.39611 0.026166 0.646743 0.026508 0.761798 
