0 1.306492 0.884353 1.493748 -2.208785 0.887283 1.499703
1 1.325339 0.882988 1.494045 -0.341893 0.883724 1.496323
2 -0.994791 -0.212277 1.501081 -0.988704 -1.456403 1.494728
3 0.105692 -0.177991 0.86018 0.108394 -1.488014 0.847311
4 -0.37167 -1.425925 1.036075 -0.370879 -0.195106 1.034
5 -0.371111 -0.194147 0.9143 -0.365523 -1.48797 0.789983
6 -0.370673 -1.487634 0.853053 -0.350561 -0.184243 0.849939
7 -0.827785 -0.17772 0.85102 -0.830564 -1.487407 0.853892
8 -0.374138 -1.487689 0.869194 -0.371165 -0.189939 0.864107
9 -1.850342 0.909994 0.286337 -0.378346 0.909312 0.286953
10 0.116893 -1.474294 1.493565 0.109231 -0.174243 1.498889
11 1.144695 0.908318 0.327704 -0.356783 0.909378 0.281044
12 -0.347114 -0.202588 0.850053 -0.355998 -1.487719 0.872553
13 0.592334 0.905435 -0.711905 0.154062 0.906951 -0.688311
14 -0.85248 0.906178 -0.713193 -0.376784 0.907185 -0.715615
15 -0.410236 -1.449929 0.854357 -0.40536 -0.207442 0.850213
16 0.149055 0.907565 -0.186203 0.629768 0.906996 -0.211444
17 -1.212105 -0.693553 0.394358 -1.215961 -0.6944 -0.397404
18 -0.830584 -0.180984 0.851048 0.10674 -0.177954 0.88116
19 -1.355693 0.90152 -2.19033 -1.362457 0.903338 -0.702983
20 -1.217441 -1.202782 0.369385 -1.212117 -0.707763 0.36568
21 -2.864462 -0.237056 -1.425386 -2.863436 -0.232039 -0.737131
22 -2.863179 0.236633 -1.423846 -2.862708 0.241219 -0.75132
23 -1.877876 0.903975 -1.696262 -1.874725 0.906968 -0.692249
24 -1.348085 0.905841 -1.223845 -1.364007 0.899507 -1.700529
25 -2.846634 -0.188159 -1.395985 -2.846318 -0.186211 -0.783975
26 -0.917203 0.903295 -1.690979 -1.363511 0.903062 -1.687892
27 -1.376637 0.896998 -3.716332 -1.35217 0.902849 -2.224375
28 -1.216614 -0.705275 -3.111864 -2.806794 -0.722206 -3.098939
29 -1.852292 0.903273 -2.218457 -1.877568 0.897245 -3.727183
30 -1.22362 -0.703489 -3.095628 -1.218491 -0.702334 -3.892378
31 -2.782531 -1.421627 -3.096652 -2.781061 -0.743707 -3.098797
32 -2.866354 -0.763765 -3.10624 -2.864264 -1.438885 -3.099507
33 -2.867459 -1.4376 -3.125546 -2.862501 -1.435076 -1.951272
34 -1.655974 -0.744155 -3.100299 -1.685384 -1.222201 -3.099058
35 -2.867626 -0.708064 -3.847117 -2.866431 -0.712654 -3.118101
36 -2.09589 0.861719 -5.900168 -0.49541 0.859275 -5.901863
37 -2.815985 -0.700024 -3.093847 -2.81516 -0.701328 -3.872244
38 2.128439 -1.448979 -5.891057 -1.598486 -1.446258 -5.893136
39 0.119541 0.893091 -4.718018 -1.891157 0.895205 -4.732471
40 -2.840422 0.279314 -3.114094 -2.847317 -0.276966 -3.109333
41 -0.044529 0.89591 -3.714566 -0.858535 0.896989 -3.688567
42 -1.362748 0.895417 -4.193723 -0.882321 0.895076 -4.193071
43 1.268169 0.860397 -5.90448 -0.180231 0.859879 -5.902048
44 -1.453099 -0.263749 -4.341582 -1.790726 -0.262251 -4.182779
45 1.148198 0.892387 -4.711122 -0.359439 0.893041 -4.710567
46 -1.219286 -0.706834 -4.742934 -1.220626 -0.703688 -3.94569
47 -1.223425 -0.746586 -3.999903 -1.227576 -0.75615 -4.711246
48 -1.219211 -0.722681 -4.701971 -1.224681 -1.224683 -4.709638
49 2.129423 -1.505572 -5.101641 2.126067 -1.507485 -5.888659
50 0.69285 0.889251 -5.712749 2.079304 0.889888 -5.687757
51 2.129882 0.231345 -5.071112 2.129823 -0.452811 -5.061871
52 1.127667 0.889366 -5.690333 -0.354689 0.891187 -5.685535
53 1.128484 0.890836 -5.215884 -0.242657 0.891335 -5.190632
54 2.12999 -0.467793 -4.55364 2.13133 0.234329 -4.573081
55 1.61379 0.89205 -4.700011 1.61423 0.895285 -3.718053
56 0.653184 0.890627 -5.685901 1.135256 0.889159 -5.688387
57 2.129824 -0.455024 -5.050406 2.130296 -0.465073 -4.553539
58 2.129933 0.886732 -5.787769 2.135543 0.900608 -1.289961
59 2.104906 0.231868 -4.560696 2.13055 0.232554 -5.073161
60 1.137269 0.890614 -5.223338 1.135533 0.892428 -4.705362
61 2.107374 0.184607 -5.020328 2.112454 -0.407265 -5.014693
62 2.113705 -0.404648 -4.591183 2.113058 -0.407888 -5.009148
63 2.13047 0.883413 -5.171299 1.643395 0.890567 -5.21786
64 2.13242 -0.22325 -3.373663 2.13274 0.197563 -3.367858
65 2.132745 0.204674 -3.369814 2.133418 0.204123 -2.633124
66 2.132611 -0.223469 -3.376559 2.133677 -0.218912 -2.631754
67 2.132961 -0.218085 -2.632629 2.133437 0.205395 -2.629051
68 1.914874 -0.027671 -2.298427 1.916465 -1.071233 -2.289541
69 1.515812 -0.269309 -3.818628 1.514227 -0.608869 -3.81691
