0 0.398769 0.910118 0.390682
1 -1.311193 0.911136 0.391079
2 0.578494 0.910887 0.661038
3 0.609379 0.908625 0.601
4 -0.891995 0.909196 0.601149
5 -0.501248 -0.303206 0.829239
6 0.733301 -0.632742 0.153717
7 0.740684 -0.610218 0.083148
8 -0.731591 -0.145111 1.199062
9 0.609403 0.908354 0.541096
10 0.609273 0.908522 0.57105
11 0.674513 -0.576258 -0.100589
12 -0.707864 -0.128992 1.195945
13 -1.216708 -0.694528 0.389592
14 0.882014 -0.568278 -0.089433
15 -0.732245 -0.124094 1.143604
16 -0.531508 -0.065378 1.174049
17 -0.731911 -0.063302 1.228572
18 -0.560807 -0.046644 1.191359
19 -0.711 -0.047305 1.185885
20 0.817991 -0.57687 -0.266971
21 -0.732239 -0.037665 1.17803
22 -0.525309 -0.03614 1.410592
23 0.648732 -0.634275 0.148438
24 1.087982 -0.489002 -0.120735
25 0.882318 -0.488448 -0.121485
26 0.158858 0.906656 0.541285
27 -1.311461 0.911036 0.360956
28 -0.898994 0.91209 0.769815
29 -0.891959 0.90835 0.360822
30 0.15844 0.906029 0.360903
31 1.087483 -0.504999 -0.119056
32 0.665476 0.905277 0.331577
33 1.088958 0.907841 0.335455
34 0.668933 0.908644 0.750913
35 0.670161 -0.63501 0.179378
36 0.641972 -0.553833 -0.379484
37 0.668802 0.907895 0.511123
38 0.837658 -0.553723 -0.379707
39 1.338677 -0.691097 0.085298
40 -0.891679 0.908329 0.390823
41 0.158564 0.906131 0.390717
42 -1.370469 -0.592123 0.030725
43 0.669138 0.907664 0.39077
44 -0.891676 0.908569 0.45127
45 -0.731579 -0.101539 1.230724
46 -1.405425 0.912356 0.751451
47 0.837607 -0.601006 -0.380224
48 -1.339925 0.907357 0.391107
49 0.88226 -0.54311 -0.119263
50 1.082693 -0.601193 -0.380543
51 1.191546 -0.691786 -0.159559
52 1.085685 -0.504798 -0.268806
53 -1.405665 0.912254 0.720994
54 0.609258 0.907866 0.39078
55 1.215294 -0.691698 -0.125462
56 0.669064 0.907692 0.420756
57 0.66917 0.908556 0.691399
58 1.117746 0.905846 0.390847
59 0.158423 0.906234 0.42133
60 -1.405487 0.912155 0.690749
61 -0.899284 0.911931 0.692421
62 0.632893 -0.552588 -0.091786
63 0.518757 0.911032 0.690958
64 0.838011 -0.571447 -0.088889
65 0.94331 -0.506972 -0.269256
66 -0.021278 -0.303261 0.848533
67 1.082723 -0.488941 -0.410662
68 0.368563 0.910146 0.390914
69 0.660905 -0.661365 0.085127
70 -0.371035 -0.21315 0.960111
71 0.998955 0.910932 0.750707
72 0.518587 0.910053 0.390914
73 0.518895 0.910145 0.421152
74 1.082729 -0.536046 -0.410728
75 0.278786 0.911168 0.690988
76 0.39844 0.911095 0.690997
77 0.968436 0.90979 0.390831
78 0.398533 0.910218 0.421105
79 1.028701 0.910724 0.691408
80 0.488576 0.910069 0.391123
81 0.008633 -0.303163 0.848491
82 0.728587 0.90993 0.391024
83 -0.980863 0.911775 0.687727
84 0.908364 0.91079 0.691406
85 0.518862 0.910535 0.540834
86 -1.24513 0.911803 0.682755
87 1.028787 0.906721 0.775857
88 0.848714 0.90986 0.390987
89 0.278832 0.910291 0.420781
90 -1.100622 0.911786 0.685136
91 1.510418 -0.936924 1.499944
92 0.398753 0.910611 0.541182
93 0.878671 0.910324 0.541315
94 0.666264 -1.414368 1.501598
95 -0.921234 0.911389 0.541216
96 -0.891837 0.909045 0.571038
97 -0.891912 0.908935 0.540809
98 1.420366 -0.930658 1.500014
99 -0.891936 0.908547 0.421089
100 0.881682 -0.663687 -0.269232
101 0.158753 0.90591 0.299188
102 -0.921078 0.911718 0.659698
103 1.088681 0.910693 0.690992
104 1.362167 -0.691021 0.118223
105 0.669359 0.907602 0.361089
106 0.669155 0.908633 0.721308
107 0.644805 -0.662582 0.09273
108 0.788501 0.910867 0.691195
109 0.609296 0.908906 0.691019
110 1.088585 0.909714 0.390931
111 0.690945 -0.63582 0.184262
112 -0.525378 -0.036497 1.350431
113 0.698739 0.91082 0.660927
114 -1.36656 -0.580334 0.035236
115 1.47364 -0.903289 1.499857
116 -0.899577 0.91189 0.664538
117 -0.731882 -0.063512 1.171572
118 -1.221222 0.911975 0.661466
119 -0.707245 -0.063627 1.179716
120 -0.561173 -0.067334 1.181496
121 -0.731298 -0.091565 1.169671
122 -0.731348 -0.098062 1.200518
123 -0.70637 -0.135969 1.17876
124 0.578696 0.910502 0.541179
125 0.943278 -0.506596 -0.148905
126 -1.670439 -1.414516 1.504429
127 0.338646 0.91103 0.660837
128 0.218561 0.91111 0.660873
129 -1.311304 0.912202 0.720593
130 1.058644 0.910605 0.661138
131 0.673972 -0.576323 -0.119161
132 0.9918 -0.689949 0.38889
133 0.66756 -0.63 0.146047
134 -1.281545 0.912007 0.661164
135 -1.281404 0.911209 0.420792
136 -0.921426 0.910893 0.391093
137 0.248564 0.910891 0.60092
138 0.368722 0.910822 0.600915
139 0.837862 -0.552053 -0.356854
140 0.881706 -0.665454 -0.251288
141 1.448423 -0.90287 1.499886
142 0.278677 0.911069 0.660729
143 0.67379 -0.576778 -0.267853
144 0.578729 0.910407 0.510926
145 0.39859 0.910997 0.660899
146 0.518624 0.910929 0.660964
147 0.669025 0.908417 0.661124
148 -0.73164 -0.14958 1.138882
149 0.788803 0.910762 0.661017
150 1.0827 -0.555126 -0.380657
151 -0.6822 -0.047185 1.18586
152 -0.525433 -0.036972 1.290999
153 -0.731641 -0.035703 1.230497
154 0.609216 0.909139 0.751207
155 -0.899083 0.912052 0.751433
156 1.088712 0.910782 0.721093
157 0.908629 0.910688 0.660837
158 0.188594 0.911219 0.691123
159 -1.101511 0.91194 0.66234
160 -1.431237 0.912175 0.690887
161 -0.527374 -0.037731 1.230572
162 0.578854 0.910989 0.691106
163 0.248782 0.910988 0.631013
164 -0.899637 0.911845 0.64162
165 0.755514 -0.605815 0.084961
166 1.418651 -0.903206 1.499909
167 0.398732 0.910894 0.630974
168 0.518911 0.910828 0.631155
169 0.788642 0.910671 0.63128
170 -1.216771 -0.694639 0.36106
171 0.815856 -0.576406 -0.11915
172 0.428763 0.911273 0.751049
173 -0.525412 -0.148491 1.351474
174 0.248822 0.911385 0.751081
175 0.33904 0.911134 0.690855
176 0.36849 0.910916 0.631193
177 0.488487 0.91085 0.631445
178 -0.56144 -0.05993 1.196889
179 -0.681375 -0.062968 1.193523
180 -1.405871 0.911086 0.360921
181 0.218718 0.911199 0.690964
182 0.662859 -0.690592 0.12003
183 -0.37112 -0.243216 0.901362
184 0.188631 0.910148 0.360841
185 1.08874 0.909626 0.36123
186 1.085775 -0.504888 -0.238732
187 1.088207 -0.488239 -0.148572
188 0.882312 -0.487912 -0.149155
189 -0.731993 -0.12307 1.200797
190 -0.899191 0.911989 0.721859
191 0.698663 0.910918 0.691258
192 0.368582 0.911117 0.691369
193 0.248868 0.911185 0.691309
194 0.66631 -1.383068 1.502578
195 -1.342813 0.906967 0.660909
196 -1.487995 0.911819 0.648101
197 1.028541 0.909744 0.390907
198 0.838225 -0.553016 -0.091661
199 0.308945 0.91115 0.690841
200 0.428372 0.911075 0.691121
201 0.458722 0.91106 0.691241
202 0.54864 0.911005 0.691282
203 -1.216776 -0.694664 0.331075
204 -1.281384 0.911017 0.3609
205 0.817157 -0.576695 -0.209228
206 0.838397 -0.570767 -0.119461
207 1.058304 -0.507046 -0.269555
208 0.578728 0.910119 0.421068
209 -0.920837 0.911762 0.688247
210 0.632018 -0.573092 -0.118859
211 0.308598 0.91095 0.63105
212 0.428702 0.910882 0.631465
213 -1.305733 0.911818 0.68253
214 0.968832 -0.506607 -0.148867
215 -0.527386 -0.037717 1.200815
216 1.058605 -0.506854 -0.208986
217 1.058745 0.910711 0.691232
218 -0.383247 -0.24314 0.850456
219 0.495553 -0.783306 0.363271
220 0.495413 -0.754361 0.363557
221 0.488513 0.911236 0.751067
222 -0.711172 -0.0844 1.164825
223 -0.801533 -0.212406 0.845876
224 0.067991 -0.212659 0.849679
225 -0.471269 -0.303046 0.829214
226 -0.471244 -0.693205 0.851106
227 0.008619 -0.693165 0.810451
228 0.882328 -0.487852 -0.178946
229 0.818693 -0.553799 -0.379843
230 0.248661 0.910209 0.390925
231 -1.339969 0.90779 0.541083
232 -1.405355 0.911801 0.655882
233 1.117574 0.90643 0.540996
234 0.814685 -0.576337 -0.09896
235 0.667291 -0.627254 0.120846
236 -0.731658 -0.14716 1.172272
237 0.669282 0.908119 0.541151
238 -0.888306 0.905888 0.330292
239 0.188881 0.907965 0.334004
240 -0.89164 0.908761 0.510903
241 0.609161 0.907803 0.361005
242 -0.561966 -0.047285 1.185788
243 -0.526365 -0.035788 1.468254
244 0.188724 0.911414 0.750849
245 1.117791 0.90628 0.51138
246 -1.405891 0.911375 0.450998
247 0.685871 -1.414458 1.501872
248 0.7775 -0.603412 0.089859
249 -1.221334 0.911277 0.451211
250 0.75864 0.910396 0.541452
251 -1.491333 0.912208 0.690838
252 0.632709 -0.55291 -0.358786
253 -0.731488 -0.101482 1.260951
254 -0.95127 0.911402 0.54108
255 -1.405032 0.912349 0.770828
256 0.998577 0.910259 0.541697
257 -1.311295 0.912112 0.691006
258 0.278735 0.91068 0.541316
259 0.817678 -0.576777 -0.238849
260 0.674161 -0.576693 -0.239361
261 -1.281411 0.911111 0.391018
262 -0.731408 -0.03629 1.201558
263 1.028723 0.910623 0.661078
264 0.762003 -0.610315 0.149561
265 -0.731237 -0.035149 1.411232
266 0.458496 0.910965 0.661152
267 -0.981338 0.911521 0.571014
268 -1.010749 0.911778 0.687572
269 0.67072 -0.640379 0.211145
270 -1.311439 0.911233 0.420998
271 0.632976 -0.552422 -0.119024
272 -0.82364 -0.187713 0.850912
273 0.88197 -0.568074 -0.119413
274 -0.732033 -0.123124 1.172826
275 -0.731447 -0.035448 1.320935
276 -1.37121 0.90497 0.33075
277 -0.371139 -0.213448 0.871039
278 1.087584 -0.482431 -0.386301
279 -1.342224 0.905852 0.33178
280 0.943328 -0.506875 -0.238906
281 -0.527522 -0.037802 1.17784
282 0.488718 0.911046 0.690843
283 -0.823585 -0.213158 0.850932
284 -0.383133 -0.213225 0.850384
285 0.643142 -0.63223 0.116599
286 -0.525321 -0.03676 1.381249
287 -0.731486 -0.063659 1.200366
288 0.158679 0.907242 0.75095
289 0.607142 0.906692 0.776981
290 -0.891953 0.908773 0.481043
291 -0.970631 0.91183 0.748047
292 -0.501274 -0.333124 0.830214
293 -1.219935 0.911806 0.684312
294 -1.101464 0.912183 0.770014
295 0.87859 0.910717 0.661042
296 0.758687 0.91078 0.661039
297 -0.980614 0.91173 0.659478
298 -1.100959 0.911763 0.658295
299 -1.221125 0.911784 0.65692
300 -1.280041 0.911789 0.657427
301 0.278628 0.910196 0.391092
302 0.458519 0.910575 0.541049
303 0.218678 0.910719 0.541233
304 0.758669 0.910307 0.5112
305 -1.221224 0.911177 0.421213
306 -0.371056 -0.213115 0.931045
307 -0.731686 -0.116368 1.410929
308 -0.70974 -0.063019 1.192716
309 0.698668 0.910429 0.541334
310 0.878774 0.910616 0.630786
311 0.669184 0.90838 0.630935
312 0.578678 0.91002 0.39044
313 -0.951327 0.912084 0.751236
314 -0.731243 -0.100975 1.410936
315 -1.405887 0.911181 0.390891
316 -0.681576 -0.135834 1.17872
317 0.882304 -0.543176 -0.148716
318 0.548505 0.911199 0.751197
319 0.645641 -0.636425 0.095171
320 0.497604 -0.755691 0.331647
321 0.368789 0.911203 0.720985
322 -0.951491 0.912125 0.769612
323 -0.371153 -0.242847 0.870455
324 0.698795 -0.576336 -0.118971
325 0.158335 0.906854 0.631084
326 -1.370818 0.906144 0.691026
327 -0.525402 -0.122985 1.350992
328 -0.731444 -0.10178 1.291599
329 -0.471292 -0.723131 0.85056
330 0.008612 -0.723135 0.809842
331 -0.731577 -0.035709 1.260569
332 -0.73135 -0.101326 1.380476
333 -0.371007 -0.213651 0.987045
334 0.158836 0.907059 0.660978
335 -0.805444 -0.095775 1.500524
336 -0.711274 -0.046615 1.190833
337 -1.339936 0.90768 0.510864
338 0.758713 0.90991 0.390842
339 -0.98137 0.911031 0.420935
340 0.878646 0.909939 0.421217
341 -0.981993 0.911907 0.662441
342 0.39873 0.910707 0.57086
343 0.038738 -0.723126 0.810502
344 -0.981291 0.912146 0.769674
345 0.278769 0.910783 0.570866
346 0.699224 -0.576274 -0.10025
347 0.609385 0.908811 0.661016
348 0.188435 0.911125 0.661126
349 -1.405739 0.912065 0.661445
350 0.158441 0.907123 0.721216
351 1.059008 -0.50711 -0.291476
352 0.662612 -0.634462 0.089106
353 1.117708 0.906175 0.481079
354 0.998531 0.909862 0.421002
355 -0.981312 0.911323 0.510892
356 0.158577 0.906989 0.691052
357 -0.921226 0.911887 0.663095
358 -0.921092 0.910997 0.420895
359 0.746323 -0.621269 0.076884
360 1.05886 0.910218 0.541377
361 -0.681205 -0.129221 1.196188
362 -0.52522 -0.036962 1.441288
363 -1.130955 0.911791 0.685906
364 0.578799 0.911183 0.751165
365 0.548703 0.910912 0.660998
366 0.632064 -0.573418 -0.089624
367 -0.525373 -0.148195 1.380137
368 -1.491478 0.912114 0.661079
369 -1.281553 0.911817 0.684116
370 0.248645 0.911282 0.721311
371 -0.525398 -0.036807 1.321136
372 0.632873 -0.552641 -0.149632
373 0.42867 0.910986 0.661092
374 0.308823 0.911043 0.660661
375 0.882008 -0.488251 -0.388972
376 0.609347 0.909045 0.721043
377 0.766875 -0.614596 0.178316
378 0.631976 -0.573249 -0.149542
379 0.609183 0.908021 0.421067
380 0.609313 0.908177 0.480772
381 0.609164 0.908119 0.451071
382 -0.706334 -0.139513 1.17765
383 0.73308 -0.636547 0.181985
384 0.998734 0.91064 0.660653
385 0.94265 -0.506545 -0.130549
386 0.758771 0.910004 0.420689
387 0.908623 0.910987 0.751061
388 -0.981189 0.911422 0.541003
389 -0.021348 -0.333168 0.849487
390 0.698835 0.910717 0.630845
391 -0.922433 0.911854 0.639474
392 0.69564 -0.639696 0.213707
393 0.518637 0.91122 0.751189
394 0.654755 -0.690549 0.137734
395 0.837141 -0.579186 -0.071949
396 0.368807 0.911302 0.751075
397 -0.52548 -0.123119 1.291381
398 0.638471 -1.41453 1.501517
399 -0.920205 0.911792 0.715948
400 -0.371068 -0.242633 0.930344
401 0.758956 -0.605735 0.11976
402 0.497554 -0.755931 0.301628
403 0.882494 -0.546318 -0.0942
404 -0.501188 -0.273246 0.830115
405 0.490266 -0.724157 0.363594
406 1.448123 -0.932336 1.499968
407 -0.981216 0.911125 0.451018
408 -0.561251 -0.13588 1.178839
409 0.218761 0.910327 0.420791
410 -0.921315 0.911286 0.511227
411 -0.729994 -0.101988 1.441838
412 -0.371101 -0.212852 0.901181
413 -1.281198 0.911495 0.510598
414 -1.131043 0.911772 0.658228
415 -0.731507 -0.035384 1.291332
416 0.674158 -0.576407 -0.149068
417 -1.011442 0.911743 0.659633
418 -0.525498 -0.148257 1.291312
419 0.578682 0.90992 0.360978
420 0.698491 -0.576424 -0.149025
421 0.968116 -0.506559 -0.130501
422 -0.731949 -0.122144 1.229712
423 0.578414 0.91109 0.721502
424 0.188761 0.910252 0.390881
425 0.698722 0.90994 0.390955
426 0.838219 -0.552768 -0.119192
427 1.05891 -0.506951 -0.239011
428 0.488795 0.911148 0.72083
429 0.497581 -0.782969 0.331911
430 -0.862744 -0.175027 1.500862
431 -0.021429 -0.723127 0.809888
432 -0.0215 -0.693184 0.810482
433 0.878655 0.910227 0.511085
434 -0.708438 -0.126148 1.227717
435 0.670553 0.906423 0.777667
436 -1.10148 0.911992 0.691104
437 1.088967 0.909804 0.420861
438 -1.431339 0.912076 0.66107
439 -0.681244 -0.064066 1.1795
440 0.669222 0.907825 0.450818
441 -1.311259 0.911617 0.541056
442 -0.915978 0.911801 0.741322
443 0.278633 0.910967 0.631185
444 -1.342042 0.907113 0.630922
445 -0.59144 -0.060039 1.19651
446 0.068745 -0.187986 0.849608
447 0.652328 -0.638532 0.173185
448 -0.707296 -0.063237 1.227393
449 0.698721 0.910042 0.421153
450 0.488758 0.910749 0.601108
451 -1.339997 0.907247 0.361056
452 -1.431313 0.912268 0.720959
453 -0.861973 -0.153236 1.500793
454 -0.891368 0.906668 0.299946
455 -0.560608 -0.060345 1.226806
456 -1.281274 0.911602 0.540857
457 0.248493 0.911084 0.660904
458 0.368661 0.911017 0.6608
459 -1.281713 0.90802 0.330841
460 -1.101267 0.911103 0.421077
461 -0.803794 -0.027994 1.500329
462 -0.92123 0.911488 0.571146
463 -0.526082 -0.037068 1.261637
464 0.008825 -1.142953 0.851184
465 -1.340073 0.907585 0.480821
466 -1.405899 0.911281 0.421157
467 -0.981403 0.911865 0.635938
468 -1.101447 0.911896 0.632793
469 0.160471 0.906305 0.77909
470 -0.890449 0.908905 0.66045
471 -0.525449 -0.148267 1.320676
472 -1.011678 0.911916 0.662437
473 0.158277 0.906617 0.571195
474 0.518668 0.910631 0.570713
475 -0.533347 -0.062198 1.199613
476 0.548737 0.907056 0.776366
477 -1.461258 0.91229 0.720744
478 1.087096 -0.508446 -0.102638
479 0.398662 0.910311 0.450872
480 -0.77453 -0.097383 1.500489
481 -1.251313 0.911197 0.420736
482 -0.809043 -0.063074 1.500456
483 -0.801269 -0.187699 0.850857
484 0.908905 0.906745 0.776297
485 -0.471296 -0.273129 0.830079
486 -1.371247 0.907035 0.300197
487 -1.221421 0.911075 0.3909
488 -1.220767 0.911707 0.600046
489 -1.461324 0.912189 0.690972
490 -0.981119 0.911227 0.480787
491 -1.131389 0.911952 0.661712
492 -1.250008 0.911784 0.65676
493 -1.011825 0.912154 0.769902
494 0.096271 -0.2132 0.849609
495 -0.921304 0.910804 0.360875
496 0.096259 -0.187976 0.849605
497 1.452632 -0.677052 0.208479
498 -1.402868 0.907439 0.328492
499 -0.525682 -0.151348 1.410085
500 -0.501346 -0.723234 0.850586
501 -0.981249 0.910938 0.390953
502 -0.732551 -0.102161 1.149755
503 -0.891209 -0.153206 1.500833
504 0.669156 0.908187 0.571125
505 0.805563 -0.667214 0.365996
506 -1.281425 0.911405 0.480755
507 -1.101219 0.911674 0.600339
508 -1.311098 0.907944 0.330583
509 -0.981409 0.911954 0.691857
510 -1.101354 0.911203 0.450946
511 -1.340111 0.907392 0.420992
512 -1.280351 0.911765 0.628937
513 0.878766 0.911001 0.750859
514 -1.25169 0.911991 0.661397
515 -1.461451 0.912389 0.770881
516 -0.621328 -0.155764 1.135783
517 -1.131307 0.911123 0.421067
518 -1.461296 0.912099 0.661033
519 -1.131362 0.911024 0.391023
520 -1.041191 0.911064 0.421133
521 -1.22149 0.912058 0.691224
522 -1.011298 0.910955 0.391234
523 -1.636831 -0.670849 0.064759
524 -1.101372 0.911008 0.391146
525 -1.511787 0.911816 0.650269
526 -1.599905 -0.657796 -0.079666
527 -1.648052 -0.670225 0.080998
528 -1.101319 0.910905 0.36103
529 -1.221069 0.911654 0.570585
530 -1.01115 0.911054 0.421146
531 -1.251309 0.910997 0.361067
532 -1.491291 0.912406 0.770486
533 -1.641245 0.912214 0.660989
534 -1.825667 0.908087 0.332749
535 -1.825237 0.910461 0.361068
536 -1.761183 0.911408 0.391114
537 -1.731398 0.91149 0.420927
538 -1.791289 0.908283 0.330874
539 -1.761391 0.911508 0.420943
540 -1.731205 0.912266 0.661227
541 -1.521306 0.911351 0.420728
542 -1.101185 0.907937 0.331036
543 -1.761123 0.91238 0.690829
544 -1.491455 0.911239 0.390883
545 -0.590065 -0.154729 1.134562
546 -1.221445 0.907969 0.330831
547 -1.731154 0.911587 0.451308
548 -1.611304 0.911219 0.361037
549 -1.611415 0.912192 0.661295
550 -1.731163 0.912359 0.690855
551 -1.790895 0.911329 0.361222
552 -1.251132 0.911669 0.570514
553 -1.521478 0.912137 0.661223
554 -1.761285 0.912282 0.661257
555 -1.461241 0.911412 0.45118
556 -1.251213 0.911582 0.541177
557 -1.491986 0.911871 0.544589
558 -1.461214 0.908032 0.330472
559 -1.731393 0.911393 0.391027
560 -1.61113 0.91131 0.390875
561 -1.611227 0.912283 0.690886
562 -0.981357 0.911618 0.600873
563 -1.10116 0.911592 0.571227
564 -1.461251 0.911317 0.421136
565 -1.101192 0.911499 0.541187
566 -1.491291 0.911337 0.420814
567 -1.611294 0.911412 0.420899
568 -1.491236 0.911434 0.45105
569 -1.04137 0.911925 0.66174
570 -1.46125 0.911221 0.391231
571 -1.04139 0.911452 0.541097
572 -1.581054 0.911288 0.390901
573 -1.251412 0.912078 0.691122
574 -1.221104 0.911564 0.541005
575 -1.761424 0.91195 0.542123
576 -1.16138 0.911529 0.541218
577 -1.760607 0.911771 0.538254
578 -1.222307 0.911884 0.603374
579 -1.6112 0.911503 0.450916
580 -1.436975 -0.315582 -0.662201
581 -1.221327 0.911368 0.480959
582 -1.730319 0.911799 0.566444
583 -1.223896 0.911846 0.580587
584 -1.161304 0.911139 0.420996
585 -1.761175 0.911312 0.360961
586 -1.461295 0.911124 0.361161
587 -1.731044 0.911675 0.480478
588 -1.611215 0.911604 0.480959
589 -1.101427 0.911302 0.480811
590 -0.981245 0.910842 0.360818
591 -1.457373 -0.313189 -0.65453
592 -1.731231 0.911293 0.36093
593 -0.981361 0.908014 0.331489
594 -1.221342 0.910974 0.361048
595 -1.420571 -0.265486 -0.749441
596 -1.761026 0.908246 0.330756
597 -1.491325 0.911532 0.481122
598 -0.832949 -0.093464 1.500557
599 -1.609057 0.911797 0.595573
600 -1.58113 0.908024 0.330198
601 -1.490656 0.911781 0.598016
602 -1.732074 0.911807 0.590262
603 -1.649929 -0.626945 -0.248709
604 -1.764543 -0.307565 -0.715277
605 -1.429349 -0.577063 -0.507634
606 -1.581419 0.911198 0.361075
607 -1.430003 -0.589425 -0.513626
608 -1.462968 -0.332104 -0.485525
609 -2.619507 -0.575782 -0.339672
610 -2.447686 -0.531955 -0.416817
611 -2.628802 -0.577732 -0.358025
612 -1.730522 -0.251644 -0.71897
613 -2.637281 -0.524558 -0.486827
614 -1.437144 -0.255094 -0.829546
615 -1.698704 -0.252986 -0.73909
616 -2.447855 -0.51327 -0.417527
617 -2.702966 -0.487248 -0.612544
618 -2.653111 -0.549941 -0.508154
619 -1.405357 0.907119 -0.749023
620 -1.731546 0.912065 0.600918
621 -2.862897 -0.531932 -0.538659
622 -2.862914 -0.5344 -0.569971
623 -2.7104 -0.481592 -0.627814
624 -1.456551 -0.253943 -0.828262
625 -1.491133 0.903314 -0.720016
626 -1.461245 0.90719 -0.839045
627 -1.461334 0.907484 -0.748991
628 -1.611221 0.907579 -0.749007
629 -2.845533 -0.207279 -0.754799
630 -2.680568 -0.56418 -0.539044
631 -1.461236 0.90328 -0.719979
632 -1.731153 0.907676 -0.748911
633 -1.611055 0.903454 -0.720068
634 -2.846107 -0.183197 -0.778979
635 -1.581097 0.907271 -0.838954
636 -2.86298 -0.218326 -0.745493
637 -1.491232 0.907507 -0.748995
638 -2.842308 0.026748 -0.778919
639 -1.611112 0.907293 -0.838958
640 -2.84598 -0.207421 -0.778922
641 -2.837395 0.227647 -0.755593
642 -1.73118 0.907384 -0.839041
643 -1.49125 0.907113 -0.868966
644 -2.846166 -0.183183 -0.838966
645 -1.671229 0.907342 -0.83894
646 -2.702732 -0.485851 -0.62809
647 -1.731295 0.907283 -0.868903
648 -2.677127 -0.565384 -0.52268
649 -2.649674 -0.572605 -0.566111
650 -1.461127 0.906801 -0.958953
651 -2.845543 -0.153151 -0.778967
652 -1.731196 0.906993 -0.958926
653 -2.651991 -0.633082 -0.486612
654 -1.581222 0.906888 -0.958918
655 -1.461235 0.906707 -0.988954
656 -2.654775 -0.630128 -0.509725
657 -1.70116 0.90736 -0.839024
658 -1.611173 0.906909 -0.958988
659 -1.61125 0.907198 -0.868975
660 -1.791118 0.907719 -0.749003
661 -2.86288 -0.513176 -0.538454
662 -1.491188 0.90682 -0.958977
663 -1.761205 0.907019 -0.95896
664 -1.7611 0.907697 -0.748967
665 -2.326519 -0.60402 -0.60361
666 -1.461174 0.906412 -1.078983
667 -2.862965 -0.535285 -0.599897
668 -1.731186 0.906898 -0.988882
669 -1.491199 0.906724 -0.988991
670 -1.611166 0.907396 -0.808926
671 -1.7311 0.907475 -0.809016
672 -2.331073 -0.586037 -0.602909
673 -2.703124 -0.48706 -0.832446
674 -1.461174 0.906314 -1.109
675 -2.661314 -0.717736 -0.390436
676 -2.842695 0.026842 -1.078927
677 -2.842339 0.026891 -0.808912
678 -2.713844 -0.484574 -0.835996
679 -1.731144 0.906607 -1.07893
680 -1.581221 0.906505 -1.078938
681 -2.842816 0.026818 -1.168959
682 -2.846651 -0.183197 -1.19901
683 -1.491255 0.906437 -1.078901
684 -2.839631 0.17678 -0.808988
685 -2.363962 -0.609113 -0.61723
686 -2.451227 -0.603713 -0.6304
687 -2.863213 -0.535288 -0.778026
688 -1.731214 0.906509 -1.108863
689 -1.61131 0.906522 -1.078958
690 -1.611226 0.906425 -1.108972
691 -2.845586 -0.153192 -0.80891
692 -1.491245 0.904549 -1.168608
693 -2.863244 -0.535269 -0.812109
694 -2.481309 -0.603401 -0.635624
695 -1.461228 0.904482 -1.168744
696 -1.403686 0.903724 -1.169845
697 -1.491233 0.906337 -1.108944
698 -1.671186 0.906948 -0.958954
699 -1.611244 0.904595 -1.168648
700 -1.731252 0.904637 -1.168621
701 -1.731208 0.907091 -0.928962
702 -1.731058 0.907187 -0.898922
703 -1.461177 0.903426 -1.228772
704 -2.846593 -0.208371 -1.407471
705 -2.84688 -0.183187 -1.378999
706 -1.403051 0.902581 -1.227509
707 -2.86319 -0.516809 -0.777974
708 -1.821238 0.904693 -1.168572
709 -1.791217 0.904651 -1.168612
710 -2.839193 0.206874 -0.869071
711 -1.731246 0.903718 -1.228861
712 -1.581285 0.904573 -1.16867
713 -1.491266 0.903463 -1.228836
714 -2.84471 -0.063165 -1.378989
715 -2.844168 -0.03316 -1.379031
716 -2.844675 -0.063136 -1.348953
717 -2.840387 0.176843 -1.378997
718 -2.843632 -0.003226 -1.378973
719 -2.83827 0.226661 -1.408102
720 -2.863897 -0.220764 -1.411701
721 -2.863296 -0.535222 -0.837405
722 -1.761278 0.904666 -1.168543
723 -1.611195 0.90361 -1.228841
724 -2.845794 -0.123173 -1.378958
725 -2.845219 -0.093202 -1.349118
726 -1.7313 0.906704 -1.049045
727 -2.839867 0.206813 -1.378887
728 -1.641257 0.903614 -1.228781
729 -2.840897 0.146805 -1.348968
730 -1.611244 0.90575 -1.318941
731 -1.461154 0.905642 -1.318932
732 -1.731269 0.905841 -1.318992
733 -2.842854 0.026854 -1.199035
734 -1.731253 0.905743 -1.348895
735 -2.846338 -0.153159 -1.379005
736 -1.671293 0.903616 -1.228663
737 -2.843586 -0.003172 -1.348974
738 -1.491148 0.905667 -1.318919
739 -1.581191 0.905731 -1.319005
740 -1.551241 0.903526 -1.228754
741 -1.791281 0.905788 -1.348909
742 -1.731147 0.905453 -1.438935
743 -1.79132 0.903768 -1.228792
744 -1.7912 0.90588 -1.318921
745 -1.611169 0.905658 -1.348894
746 -1.491208 0.905569 -1.348972
747 -1.611269 0.905374 -1.438861
748 -2.839815 0.206878 -1.348942
749 -1.731224 0.90536 -1.469021
750 -1.461243 0.905544 -1.348871
751 -1.821177 0.903768 -1.228759
752 -1.761236 0.905383 -1.468876
753 -1.761222 0.905762 -1.34889
754 -1.461223 0.90526 -1.438901
755 -1.491248 0.905279 -1.438962
756 -1.791076 0.905494 -1.43893
757 -1.731162 0.905077 -1.558852
758 -2.651589 -0.652626 -0.50192
759 -1.461186 0.905166 -1.468885
760 -1.7913 0.905408 -1.468993
761 -1.731165 0.905937 -1.288978
762 -1.731312 0.904985 -1.588838
763 -1.611207 0.90499 -1.558894
764 -1.761274 0.905001 -1.588932
765 -1.491215 0.905187 -1.468859
766 -1.671145 0.904623 -1.168645
767 -1.461171 0.904879 -1.558858
768 -1.491203 0.904904 -1.558907
769 -1.61118 0.904897 -1.588935
770 -1.731108 0.905649 -1.378876
771 -1.404705 0.904062 -1.588843
772 -1.791211 0.905026 -1.588804
773 -1.731272 0.905549 -1.408935
774 -1.791264 0.905117 -1.55886
775 -1.731237 0.901125 -1.678664
776 -1.461223 0.904783 -1.588867
777 -1.76125 0.903728 -1.22883
778 -1.491227 0.904803 -1.588915
779 -1.404731 0.904173 -1.558804
780 -1.73112 0.905266 -1.498864
781 -1.521109 0.904829 -1.588803
782 -1.611251 0.905467 -1.408891
783 -1.611203 0.905086 -1.528882
784 -1.731299 0.905171 -1.528887
785 -2.845255 -0.09316 -1.379006
786 -1.61111 0.905277 -1.468867
787 -1.731236 0.904783 -1.648866
788 -1.611207 0.904712 -1.648872
789 -1.731237 0.904885 -1.618879
790 -1.491191 0.904616 -1.648865
791 -2.844945 0.086727 -3.148862
792 -2.843765 0.176832 -3.148959
793 -2.840412 0.283071 -3.119035
794 -2.845024 0.086781 -3.208729
795 -2.844156 0.146777 -3.148813
796 -2.844638 0.116818 -3.208964
797 -2.84498 0.086898 -3.178896
798 -2.845418 0.056756 -3.208998
799 -2.843812 0.176875 -3.179041
800 -2.842098 0.267006 -3.119435
801 -2.866128 0.26682 -3.111466
802 -2.843065 0.236829 -3.208909
803 -2.8435 0.206787 -3.238931
804 -2.84546 0.056849 -3.239036
805 -2.843247 0.236889 -3.328995
806 -2.844812 0.116778 -3.32886
807 -2.844852 0.116909 -3.35894
808 -2.845195 0.086801 -3.328914
809 -2.843155 0.236869 -3.268829
810 -2.843105 0.236808 -3.238891
811 -2.845241 0.086904 -3.359088
812 -2.844289 0.146753 -3.23886
813 -2.843287 0.236783 -3.358848
814 -2.843326 0.23683 -3.388701
815 -2.843721 0.206873 -3.389139
816 -2.845069 0.086806 -3.238851
817 -2.843672 0.206858 -3.359002
818 -2.845027 0.11694 -3.478965
819 -2.845422 0.086851 -3.478857
820 -2.845369 0.086792 -3.44899
821 -2.843463 0.236871 -3.478919
822 -2.846634 -0.033193 -3.238817
823 -2.843755 0.206883 -3.419216
824 -2.846903 -0.0632 -3.148935
825 -2.844985 0.11678 -3.448994
826 -2.846815 -0.033175 -3.358907
827 -2.844155 0.176891 -3.418923
828 -2.84712 -0.063167 -3.298893
829 -2.846894 -0.033164 -3.418952
830 -1.821112 0.901342 -2.758813
831 -1.731282 0.901185 -2.788804
832 -2.844682 0.116828 -3.239039
833 -1.79126 0.898187 -2.728561
834 -2.84751 -0.093217 -3.29902
835 -2.847554 -0.093134 -3.328986
836 -2.843417 0.236774 -3.448912
837 -2.844201 0.176866 -3.449019
838 -1.791202 0.901326 -2.758834
839 -2.843808 0.206768 -3.448864
840 -2.847375 -0.063256 -3.479099
841 -1.731167 0.90081 -2.908848
842 -2.845111 0.08682 -3.268854
843 -1.611267 0.901104 -2.788821
844 -1.731091 0.901283 -2.758737
845 -1.461297 0.897827 -2.728445
846 -1.731308 0.900435 -3.028922
847 -1.61133 0.900734 -2.908949
848 -2.847723 -0.09327 -3.449019
849 -2.844371 0.146757 -3.298988
850 -2.843981 0.176895 -3.298846
851 -2.848678 -0.183137 -3.298808
852 -1.461237 0.901099 -2.758918
853 -1.401382 0.89684 -2.727032
854 -2.846113 -0.003061 -3.148982
855 -1.761329 0.901117 -2.818917
856 -1.611313 0.901201 -2.758778
857 -1.76134 0.901306 -2.758865
858 -2.849256 -0.243131 -3.148885
859 -1.431267 0.900896 -2.818796
860 -2.848073 -0.153164 -3.149056
861 -1.731232 0.900526 -2.999017
862 -1.491268 0.900651 -2.908911
863 -1.611233 0.900356 -3.028872
864 -2.848463 -0.18294 -3.148889
865 -1.403799 0.899906 -2.758677
866 -1.821242 0.899348 -3.242798
867 -1.821204 0.898204 -2.728556
868 -2.848882 -0.270422 -3.118501
869 -1.461271 0.900728 -2.878779
870 -2.844109 0.17678 -3.388829
871 -2.844327 0.146907 -3.268952
872 -1.731391 0.901096 -2.818936
873 -1.731166 0.900994 -2.848992
874 -2.849736 -0.243014 -3.478952
875 -1.491301 0.900275 -3.028947
876 -1.403743 0.899341 -2.908927
877 -1.491228 0.901026 -2.788925
878 -1.403548 0.899226 -2.938752
879 -2.847336 -0.063138 -3.448935
880 -1.731335 0.900908 -2.878763
881 -1.461251 0.901007 -2.788916
882 -2.846941 -0.063246 -3.178914
883 -1.701338 0.900412 -3.028766
884 -2.866479 -0.303084 -3.118899
885 -1.403534 0.89962 -2.818948
886 -2.847334 -0.093194 -3.178995
887 -1.791251 0.899305 -3.242664
888 -2.848512 -0.153262 -3.449045
889 -1.731333 0.900142 -3.119522
890 -1.491198 0.90112 -2.758889
891 -1.731201 0.900239 -3.088963
892 -1.731242 0.899252 -3.388821
893 -1.611392 0.900067 -3.118981
894 -1.731274 0.900342 -3.058852
895 -1.611359 0.900917 -2.848884
896 -2.84959 -0.270884 -3.479185
897 -2.849172 -0.270731 -3.502467
898 -1.403573 0.899419 -2.879011
899 -1.491195 0.899901 -3.148857
900 -1.761232 0.899647 -3.268918
901 -2.847197 -0.06304 -3.358953
902 -1.7613 0.900261 -3.088872
903 -1.491416 0.900936 -2.818997
904 -2.867062 -0.303132 -3.508941
905 -1.581207 0.900326 -3.029008
906 -1.731268 0.900714 -2.938789
907 -1.403865 0.899843 -2.788904
908 -1.731182 0.898877 -3.508905
909 -1.611247 0.899174 -3.388849
910 -2.84624 -0.003097 -3.239038
911 -1.611249 0.89996 -3.149448
912 -1.491286 0.900745 -2.87896
913 -1.7613 0.89928 -3.242698
914 -2.847242 -0.063213 -3.388949
915 -1.731217 0.900609 -2.968916
916 -1.403633 0.898521 -3.148875
917 -1.611541 0.89955 -3.269549
918 -1.401589 0.897284 -3.242176
919 -2.866456 -0.275995 -3.112222
920 -1.761285 0.900738 -2.938912
921 -1.491274 0.89999 -3.118703
922 -1.491288 0.900362 -2.998867
923 -1.461279 0.900238 -3.028877
924 -1.731335 0.899281 -3.24292
925 -1.491251 0.900842 -2.848912
926 -2.562359 -0.31432 -3.556017
927 -1.403241 0.898144 -3.269969
928 -1.611376 0.8988 -3.508893
929 -1.402881 0.895545 -3.179115
930 -2.849691 -0.243088 -3.448945
931 -2.847772 -0.093167 -3.478931
932 -2.849292 -0.213023 -3.449006
933 -2.847285 -0.063131 -3.418852
934 -1.611223 0.900255 -3.058914
935 -2.848463 -0.153007 -3.419012
936 -2.847643 -0.093309 -3.388975
937 -1.521265 0.900103 -3.088884
938 -1.49119 0.900454 -2.968911
939 -1.611307 0.900171 -3.088911
940 -2.86697 -0.286486 -3.478913
941 -1.491276 0.899475 -3.26907
942 -2.867036 -0.285945 -3.509564
943 -2.846848 -0.0332 -3.389046
944 -2.846328 -0.003214 -3.298831
945 -1.611388 0.900439 -2.998886
946 -1.403726 0.898967 -3.028959
947 -1.491332 0.899098 -3.388859
948 -2.849118 -0.27048 -3.148935
949 -2.848852 -0.212876 -3.148836
950 -1.403672 0.898671 -3.118914
951 -1.491162 0.900081 -3.088823
952 -1.731243 0.899437 -3.328861
953 -2.84646 -0.00322 -3.388896
954 -2.541622 -0.314503 -3.559468
955 -1.491243 0.900175 -3.058891
956 -2.846424 -0.003158 -3.358904
957 -1.403112 0.897767 -3.389198
958 -1.731165 0.898591 -3.598866
959 -1.611359 0.90101 -2.818916
960 -2.848113 -0.153124 -3.178984
961 -2.849336 -0.212988 -3.479049
962 -2.848857 -0.183174 -3.418965
963 -1.73125 0.899343 -3.358801
964 -2.848814 -0.183182 -3.388974
965 -1.731286 0.899063 -3.448903
966 -1.402844 0.89729 -3.508738
967 -1.491295 0.89872 -3.508828
968 -1.611282 0.898514 -3.598916
969 -1.431245 0.89887 -3.448893
970 -2.8489 -0.182977 -3.448884
971 -2.848988 -0.213087 -3.238824
972 -2.849036 -0.213169 -3.268938
973 -1.61126 0.899359 -3.328922
974 -2.274139 -0.333108 -3.604271
975 -2.56256 -0.333167 -3.55572
976 -2.27163 -0.301775 -3.597741
977 -1.757698 -0.275681 -4.111219
978 -1.402907 0.898004 -3.299192
979 -2.541147 -0.333181 -3.558876
980 -1.761281 0.898703 -3.568834
981 -1.641307 0.900175 -3.088907
982 -2.847163 -0.063232 -3.328795
983 -2.847675 -0.093024 -3.418994
984 -1.731276 0.898685 -3.568838
985 -1.78221 -0.273858 -4.139524
986 -1.402901 0.896901 -3.629023
987 -1.761044 -0.265191 -4.136372
988 -1.491223 0.898436 -3.598934
989 -2.848167 -0.123265 -3.479034
990 -2.848514 -0.183261 -3.178842
991 -1.761252 0.898607 -3.598897
992 -1.777194 -0.281697 -4.122526
993 -1.731218 0.898967 -3.478865
994 -1.491478 0.899039 -3.243529
995 -1.611367 0.898988 -3.448922
996 -2.56208 -0.538997 -3.555253
997 -1.731267 0.898499 -3.628872
998 -1.641183 0.898624 -3.568931
999 -1.402352 0.892983 -3.684896
1000 -1.461268 0.898703 -3.508925
1001 -2.571118 -0.273572 -3.543674
1002 -1.402894 0.896846 -3.658936
1003 -1.731282 0.899626 -3.268904
1004 -2.540978 -0.539302 -3.558438
1005 -2.541219 -0.513122 -3.558309
1006 -1.611213 0.898417 -3.628927
1007 -1.402769 0.896993 -3.598889
1008 -2.273107 -0.544698 -3.600664
1009 -1.581056 -0.344568 -3.929669
1010 -1.730894 -0.275512 -4.107269
1011 -2.301249 -0.333202 -3.601512
1012 -1.611287 0.898611 -3.568882
1013 -2.849555 -0.270815 -3.449132
1014 -2.480916 -0.640465 -4.695587
1015 -2.473092 -0.664219 -4.292584
1016 -2.344115 -0.618861 -3.863598
1017 -2.481791 -0.664698 -4.439008
1018 -1.491181 0.898343 -3.628934
1019 -1.491276 0.898528 -3.568935
1020 -2.463356 -0.664867 -4.439009
1021 -2.506296 -0.660876 -4.323792
1022 -2.781974 -0.759747 -3.115932
1023 -2.571057 -0.661116 -4.409058
1024 -2.465437 -0.645898 -4.696127
1025 -2.271166 -0.573102 -3.595372
1026 -2.475549 -0.692772 -4.293491
1027 -2.460884 -0.665583 -4.695364
1028 -2.477339 -0.665272 -4.31891
1029 -2.688256 -0.64 -4.259369
1030 -2.429188 -0.71295 -3.94435
1031 -2.204102 -0.684389 -4.59141
1032 -2.343653 -0.603088 -3.864736
1033 -2.477589 -0.68942 -4.318615
1034 -2.511196 -0.66096 -4.348598
1035 -2.511242 -0.333082 -3.564189
1036 -2.122787 -0.672054 -3.440526
1037 -2.330337 -0.695189 -3.807592
1038 -2.040306 -0.662492 -4.33458
1039 -1.403014 0.897152 -3.568983
1040 -2.060969 -0.658653 -4.318742
1041 -1.910185 -0.586899 -4.213383
1042 -2.359458 -0.695589 -3.838832
1043 -2.87001 -0.783144 -5.308905
1044 -2.301237 -0.513112 -3.600951
1045 -2.481522 -0.663126 -4.695505
1046 -2.274096 -0.513174 -3.603649
1047 -2.870022 -0.811282 -5.309802
1048 -1.944824 -0.703828 -4.496438
1049 -2.035817 -0.666775 -4.317739
1050 -2.450793 -0.713028 -3.944324
1051 -2.786805 -0.765128 -3.141011
1052 -1.620401 -0.615396 -3.770273
1053 -2.301195 -0.543739 -3.597837
1054 -1.849743 0.890714 -4.768965
1055 -1.751727 -0.637565 -3.746014
1056 -2.143433 -0.670865 -3.439273
1057 -2.346776 -0.603802 -3.876742
1058 -1.730319 -0.640468 -3.717855
1059 -1.700575 -0.641143 -3.717954
1060 -1.619908 -0.615564 -3.748816
1061 -1.700623 -0.645153 -3.687837
1062 -1.73026 -0.644559 -3.687921
1063 -2.027837 -0.703858 -4.526996
1064 -2.122301 -0.672909 -3.42011
1065 -2.451873 -0.703171 -3.952006
1066 -2.330582 -0.687632 -3.778598
1067 -2.870059 -0.783236 -5.338801
1068 -1.821303 0.894967 -4.768803
1069 -1.671709 -0.653933 -3.629412
1070 -1.701297 -0.653113 -3.628742
1071 -2.454182 -0.69422 -4.70216
1072 -1.554149 -0.599224 -3.924056
1073 -1.43306 -0.577041 -4.024469
1074 -1.678173 -0.641684 -3.716766
1075 -1.916344 -0.589304 -4.21333
1076 -1.657066 -0.614462 -3.760648
1077 -1.972258 -0.703906 -4.526508
1078 -2.541773 -0.661043 -4.37957
1079 -2.484367 -0.704246 -3.943898
1080 -2.033849 -0.666425 -4.288826
1081 -2.480052 -0.689844 -4.698516
1082 -2.541207 -0.661136 -4.408936
1083 -2.511272 -0.656095 -4.465587
1084 -1.612421 -0.634959 -3.77268
1085 -1.821429 0.894545 -4.745898
1086 -1.727439 -0.653159 -3.62814
1087 -1.72697 -0.647327 -3.664772
1088 -1.721694 -0.665596 -3.566966
1089 -1.720342 -0.67574 -3.235622
1090 -1.41107 -0.592641 -4.019826
1091 -2.115739 -0.640844 -4.404148
1092 -2.511323 -0.663036 -4.695769
1093 -2.511416 -0.661054 -4.378626
1094 -1.640589 -0.701094 -3.597012
1095 -1.672772 -0.701053 -3.594924
1096 -1.413268 -0.584347 -4.017526
1097 -2.211856 -0.684168 -4.610496
1098 -1.701209 -0.666825 -3.564627
1099 -1.609197 -0.634845 -3.749268
1100 -1.410357 -0.585865 -3.994424
1101 -1.980274 -0.703979 -4.548371
1102 -2.511172 -0.513133 -3.563647
1103 -1.606971 -0.701112 -3.600042
1104 -1.636434 -0.691673 -3.173828
1105 -1.70337 -0.69797 -3.234709
1106 -1.629115 -0.704121 -4.53464
1107 -1.54573 -0.714624 -3.945932
1108 -1.461528 -0.690447 -4.04777
1109 -2.479562 -0.665383 -4.348059
1110 -2.118722 -0.681189 -4.410777
1111 -2.481009 -0.664881 -4.408937
1112 -2.661068 -0.63965 -4.25942
1113 -1.682205 -0.699873 -3.230943
1114 -1.548702 -0.702876 -3.957795
1115 -1.644954 -0.701176 -3.615065
1116 -1.701355 -0.657432 -3.598134
1117 -1.479217 -0.61364 -4.234314
1118 -1.639652 -0.614262 -3.748934
1119 -1.421895 -0.591847 -3.994319
1120 -1.419935 -0.584983 -3.9971
1121 -2.104735 -0.676372 -3.408485
1122 -1.462113 -0.691437 -3.299911
1123 -1.369024 -0.713045 -3.945787
1124 -1.372394 -0.699621 -3.930825
1125 -1.401185 -0.713127 -3.945587
1126 -1.731733 -0.649976 -3.653223
1127 -1.791309 0.894856 -4.798801
1128 -1.436828 -0.67635 -3.439291
1129 -1.608379 -0.695755 -4.52985
1130 -1.713896 -0.699955 -3.254972
1131 -1.696068 -0.676109 -3.220452
1132 -1.657437 -0.614374 -3.76789
1133 -1.54298 -0.692394 -3.905054
1134 -1.614633 -0.689355 -3.572729
1135 -1.701642 -0.675438 -3.238621
1136 -1.725311 -0.657598 -3.599464
1137 -2.786819 -0.783641 -3.148681
1138 -1.705131 -0.574026 -4.075905
1139 -2.510635 -0.661247 -4.438187
1140 -1.479136 -0.699636 -3.363563
1141 -1.580884 -0.693376 -3.574324
1142 -1.46268 -0.676193 -3.443646
1143 -1.457773 -0.605587 -4.225805
1144 -1.433152 -0.695622 -4.079903
1145 -2.870077 -0.81208 -5.339323
1146 -1.621292 -0.617003 -3.723333
1147 -1.581277 -0.662906 -3.59691
1148 -1.51982 -0.700971 -3.541793
1149 -1.480667 -0.679367 -4.069705
1150 -1.398305 -0.695298 -3.951708
1151 -1.595768 -0.646472 -3.737968
1152 -1.639993 -0.614069 -3.768454
1153 -1.730948 -0.607165 -4.104738
1154 -1.611006 -0.336579 -3.988741
1155 -2.143306 -0.637599 -4.455428
1156 -1.701578 -0.280132 -4.109116
1157 -1.609974 -0.340054 -3.959917
1158 -1.430056 -0.27318 -4.287753
1159 -1.429926 -0.275195 -4.257571
1160 -1.43333 -0.702631 -4.378433
1161 -1.84943 0.890674 -4.798855
1162 -1.669851 -0.675724 -3.215041
1163 -1.402063 -0.705562 -3.943643
1164 -1.625241 -0.684044 -3.194495
1165 -2.508834 -0.702973 -3.954177
1166 -2.032038 -0.665867 -4.258874
1167 -1.433956 -0.272418 -4.311089
1168 -1.592174 -0.671411 -3.507858
1169 -1.468447 -0.677633 -4.452764
1170 -1.821344 0.894877 -4.79889
1171 -1.430525 -0.69907 -4.049503
1172 -1.401997 -0.713272 -3.943162
1173 -1.464114 -0.676215 -3.360118
1174 -2.479897 -0.660526 -4.465116
1175 -1.603659 -0.701215 -3.623442
1176 -2.511113 -0.685146 -4.69568
1177 -1.611594 -0.690496 -3.177076
1178 -2.654286 -1.054943 -3.296709
1179 -1.459802 -0.688338 -3.23793
1180 -1.457785 -0.689929 -3.268809
1181 -1.482394 -0.700408 -3.38917
1182 -1.716898 -0.675373 -3.255244
1183 -1.457469 -0.682745 -4.138808
1184 -1.576508 -0.634409 -4.028475
1185 -1.585949 -0.662431 -4.067889
1186 -1.700918 -0.64734 -3.665302
1187 -1.460974 -0.692015 -4.441974
1188 -1.821154 0.894774 -4.828835
1189 -1.399753 -0.701235 -3.989716
1190 -2.870117 -0.812592 -5.369186
1191 -1.577738 -0.693108 -3.597292
1192 -1.640851 -0.682448 -3.198788
1193 -1.489509 -0.68244 -4.046644
1194 -2.338964 -0.60318 -3.838941
1195 -1.79106 0.894757 -4.828774
1196 -1.581836 -0.661546 -3.628509
1197 -1.70158 -0.6911 -3.563375
1198 -1.730139 -0.265333 -4.137214
1199 -1.460607 -0.692762 -3.358321
1200 -2.631167 -1.054759 -3.296806
1201 -2.464254 -0.664967 -4.409161
1202 -1.579784 -0.641772 -4.041245
1203 -1.610847 -0.667789 -4.074808
1204 -2.061189 -0.658557 -4.288857
1205 -1.430447 -0.694009 -4.10867
1206 -1.579332 -0.695319 -3.628835
1207 -1.671397 -0.675415 -3.239033
1208 -1.791344 0.894947 -4.769012
1209 -1.640983 -0.69351 -4.018181
1210 -1.450746 -0.682802 -4.46265
1211 -1.47675 -0.678081 -4.453879
1212 -1.611255 0.893392 -3.683783
1213 -1.699788 -0.675497 -3.268031
1214 -2.510453 -1.08364 -3.289541
1215 -1.462341 -0.674329 -4.469389
1216 -2.002247 -0.703798 -4.526594
1217 -1.461336 -0.702018 -4.409285
1218 -1.670288 -0.647304 -3.668297
1219 -2.457795 -0.70545 -3.943914
1220 -1.435979 -0.30648 -4.20197
1221 -1.670004 -0.32295 -4.072376
1222 -1.707449 -0.592327 -4.088239
1223 -1.400904 -0.341566 -4.048463
1224 -1.455085 -0.594935 -4.206101
1225 -1.73146 0.894817 -4.798935
1226 -2.121999 -0.673615 -3.389531
1227 -1.487897 -0.697114 -4.44054
1228 -1.446026 -0.677838 -4.482568
1229 -1.654874 -0.65044 -3.646899
1230 -1.434915 -0.282556 -4.232929
1231 -1.4334 -0.701181 -4.440749
1232 -1.404998 -0.591796 -3.984359
1233 -1.402588 0.893041 -4.768874
1234 -1.602331 -0.343764 -3.935637
1235 -1.402139 0.892738 -4.829125
1236 -1.402202 0.89288 -4.799211
1237 -2.023198 -0.700998 -4.502118
1238 -2.187051 -0.693507 -4.587188
1239 -1.791424 0.894003 -5.069069
1240 -1.611342 0.89389 -5.069111
1241 -1.402479 0.892724 -4.858962
1242 -2.11043 -0.662654 -4.429473
1243 -1.791348 0.894567 -4.888681
1244 -2.509875 -0.705733 -3.94389
1245 -1.402602 0.892574 -4.918867
1246 -1.491337 0.893824 -5.06899
1247 -2.003137 -0.703656 -4.498038
1248 -1.672521 -0.308488 -4.083933
1249 -1.341609 0.892023 -4.768963
1250 -1.445705 -0.677725 -4.495622
1251 -1.431301 0.894542 -4.82886
1252 -1.229286 -0.783019 -4.678925
1253 -1.731213 0.894347 -4.948715
1254 -1.40225 0.891654 -5.159147
1255 -1.402084 0.891907 -5.068915
1256 -1.49128 0.893727 -5.098908
1257 -1.7915 0.894091 -5.039108
1258 -1.402922 0.888465 -5.183901
1259 -1.398981 0.891507 -4.741847
1260 -1.311208 0.894564 -4.798826
1261 -1.402477 0.891917 -5.098728
1262 -1.341499 0.891643 -4.918685
1263 -1.431451 0.894161 -4.949031
1264 -1.220291 -0.724256 -4.709812
1265 -1.226808 -0.753299 -4.678924
1266 -1.416162 -0.310119 -4.259642
1267 -1.402211 0.892329 -4.948956
1268 -1.341559 0.891972 -4.798876
1269 -1.402127 0.891717 -5.128957
1270 -1.401273 0.890479 -4.706454
1271 -1.611224 0.893986 -5.038972
1272 -1.491325 0.893917 -5.038841
1273 -1.22454 -0.753166 -4.70994
1274 -1.341537 0.891548 -4.948643
1275 -1.431274 0.894632 -4.798829
1276 -1.821245 0.893922 -5.098901
1277 -1.76139 0.894081 -5.038617
1278 -1.341581 0.891695 -4.888942
1279 -1.791289 0.893905 -5.099167
1280 -1.220668 -0.721617 -4.678677
1281 -1.402254 0.892226 -4.97886
1282 -1.431096 0.893783 -5.068875
1283 -1.761182 0.894742 -4.82871
1284 -1.707622 -0.602143 -4.103291
1285 -1.731368 0.894161 -5.008946
1286 -1.402273 0.892044 -5.039019
1287 -1.461401 0.894554 -4.82875
1288 -1.731122 0.893964 -5.068722
1289 -1.311275 0.894088 -4.948952
1290 -1.227043 -0.783137 -4.709501
1291 -1.460512 -0.267241 -4.257428
1292 -1.611163 0.893794 -5.098944
1293 -1.459057 -0.672548 -4.497317
1294 -1.251171 0.894534 -4.798723
1295 -1.251173 0.893576 -5.099017
1296 -1.491358 0.888923 -5.182544
1297 -1.311308 0.893895 -5.008619
1298 -1.311264 0.894647 -4.768794
1299 -1.25135 0.893683 -5.069207
1300 -1.311295 0.89371 -5.069057
1301 -1.431458 0.893692 -5.098824
1302 -1.13129 0.894262 -4.858713
1303 -1.341445 0.891918 -4.829057
1304 -1.311139 0.893621 -5.099159
1305 -1.341675 0.890972 -5.128798
1306 -1.131291 0.894452 -4.798813
1307 -1.251251 0.888831 -5.182905
1308 -1.79136 0.894382 -4.949163
1309 -1.491402 0.893541 -5.159083
1310 -1.131222 0.893508 -5.098911
1311 -1.311541 0.893863 -4.744513
1312 -1.25126 0.893772 -5.038809
1313 -1.28134 0.893696 -5.068859
1314 -1.311353 0.894467 -4.828694
1315 -1.219332 -0.722193 -4.733973
1316 -1.131203 0.893603 -5.068996
1317 -1.731313 0.894723 -4.828587
1318 -1.251354 0.894428 -4.828802
1319 -1.491387 0.894103 -4.979217
1320 -1.400905 -0.34421 -4.017516
1321 -1.01136 0.893533 -5.068723
1322 -1.251478 0.893389 -5.158597
1323 -1.101337 0.893299 -5.159098
1324 -1.281478 0.893593 -5.098848
1325 -1.251277 0.894046 -4.948988
1326 -1.221157 0.893377 -5.158824
1327 -0.891103 0.890268 -4.91916
1328 -0.89108 0.890163 -4.949008
1329 -0.891166 0.89055 -4.828916
1330 -1.131273 0.8887 -5.183086
1331 -1.011279 0.893434 -5.098784
1332 -2.476907 -0.690866 -4.464623
1333 -1.131316 0.893697 -5.03885
1334 -1.311195 0.893517 -5.129084
1335 -0.891173 0.890671 -4.79908
1336 -0.891051 0.889694 -5.06894
1337 -1.131195 0.893982 -4.949169
1338 -1.76131 0.893989 -5.068883
1339 -1.611243 0.894743 -4.798777
1340 -1.131307 0.893315 -5.158957
1341 -1.011261 0.894283 -4.829088
1342 -0.890984 0.890696 -4.768798
1343 -1.821358 0.893832 -5.128396
1344 -1.011322 0.894377 -4.79906
1345 -0.951302 0.893392 -5.099044
1346 -2.208233 -0.65772 -4.049592
1347 -1.761171 0.893889 -5.098868
1348 -1.281374 0.894544 -4.798889
1349 -0.891104 0.889419 -5.158575
1350 -0.891157 0.890227 -4.706726
1351 -0.890997 0.889811 -5.03903
1352 -0.951256 0.893489 -5.068841
1353 -1.011234 0.893627 -5.038808
1354 -1.281404 0.894628 -4.768711
1355 -0.893126 0.887821 -5.18555
1356 -0.921246 0.894321 -4.798521
1357 -0.981266 0.893227 -5.15853
1358 -1.311219 0.894282 -4.888527
1359 -0.9211 0.893192 -5.158604
1360 -1.521301 0.893835 -5.068836
1361 -0.951237 0.894346 -4.798332
1362 -1.341208 0.890422 -4.706559
1363 -1.431318 0.893879 -5.039048
1364 -1.491432 0.894672 -4.799015
1365 -0.888587 0.889633 -4.739928
1366 -0.951312 0.894247 -4.828435
1367 -1.161258 0.893714 -5.039071
1368 -0.921214 0.894414 -4.768788
1369 -1.343943 0.890873 -4.741683
1370 -1.281176 0.894447 -4.82907
1371 -1.341672 0.890928 -5.158519
1372 -1.161317 0.893626 -5.068779
1373 -1.371269 0.887559 -5.129283
1374 -0.890989 0.889472 -5.128534
1375 -0.891073 0.88964 -5.098943
1376 -1.071368 0.89347 -5.098842
1377 -0.921242 0.893383 -5.099092
1378 -1.041308 0.893642 -5.038701
1379 -2.391298 -0.70364 -4.529493
1380 -1.431157 0.893978 -5.008868
1381 -1.371412 0.887654 -5.09902
1382 -0.981394 0.893518 -5.068835
1383 -1.491325 0.894196 -4.948888
1384 -1.281052 0.893791 -5.039059
1385 -2.480716 -0.639623 -4.259793
1386 -1.641224 0.893908 -5.068919
1387 -1.011185 0.893906 -4.948698
1388 -1.491391 0.894293 -4.91858
1389 -0.92136 0.893574 -5.039094
1390 -1.251318 0.894153 -4.918625
1391 -1.011278 0.894193 -4.858916
1392 -2.464926 -0.644649 -4.261213
1393 -1.676174 -0.645662 -3.688291
1394 -1.101381 0.89378 -5.008322
1395 -0.891056 0.890454 -4.858697
1396 -1.131295 0.894355 -4.828805
1397 -1.521282 0.893743 -5.099299
1398 -2.508877 -0.71295 -3.944272
1399 -1.521207 0.893935 -5.038463
1400 -1.251192 0.893962 -4.978895
1401 -1.071309 0.893569 -5.068856
1402 -1.101362 0.893687 -5.038632
1403 -1.431281 0.89407 -4.978815
1404 -1.311266 0.894369 -4.858844
1405 -0.921349 0.893479 -5.068772
1406 -1.281291 0.893403 -5.1588
1407 -1.131407 0.893885 -4.97927
1408 -1.384501 -0.346491 -4.021579
1409 -1.131368 0.89407 -4.918895
1410 -1.420293 -0.333139 -4.2281
1411 -1.519962 -1.443686 -5.889833
1412 -1.011304 0.893815 -4.979349
1413 -1.011484 0.893998 -4.918797
1414 -1.041321 0.893545 -5.068749
1415 -2.869248 -0.655201 -4.829923
1416 -1.191342 0.893637 -5.069407
1417 -1.385856 -0.347198 -4.035807
1418 -1.071292 0.894326 -4.828685
1419 -1.161236 0.89381 -5.008978
1420 -1.761307 0.894357 -4.948858
1421 -1.041392 0.893732 -5.008728
1422 -0.890989 0.889977 -4.978892
1423 -1.191064 0.89354 -5.098942
1424 -1.519844 -1.412988 -5.893316
1425 -1.731241 0.894069 -5.03869
1426 -0.981349 0.893604 -5.038879
1427 -1.341755 0.891389 -4.9791
1428 -1.101218 0.893587 -5.06873
1429 -2.75129 -0.641224 -4.695388
1430 -1.641137 0.893813 -5.098967
1431 -1.791356 0.894669 -4.858731
1432 -1.341585 0.891099 -5.098964
1433 -1.791267 0.89872 -3.56894
1434 -1.446546 -0.678354 -4.511675
1435 -2.508557 -0.713785 -3.943875
1436 -1.551138 0.893857 -5.068938
1437 -0.981146 0.893414 -5.098801
1438 -1.221186 0.89375 -5.039238
1439 -1.404497 -0.339804 -4.078193
1440 -1.685849 -0.578201 -4.080596
1441 -1.311406 0.893427 -5.158612
1442 -1.221398 0.893658 -5.06927
1443 -1.041177 0.8944 -4.798993
1444 -1.914231 -0.713354 -3.945034
1445 -0.891146 0.889956 -5.009164
1446 -1.849578 0.890236 -4.948744
1447 -0.891102 0.890317 -4.888916
1448 -1.191393 0.894398 -4.828975
1449 -1.221234 0.89356 -5.098758
1450 -1.440512 -0.59075 -4.210188
1451 -1.431311 0.898494 -3.568946
1452 -1.339561 0.888469 -5.183833
1453 -1.101426 0.893493 -5.099025
1454 -1.311204 0.89399 -4.979055
1455 -0.891653 0.894367 -4.679586
1456 -1.221319 0.89385 -5.008868
1457 -1.041302 0.894305 -4.82887
1458 -1.56303 -0.587188 -3.940355
1459 -1.579701 -0.537432 -3.92065
1460 -2.301372 -0.69147 -4.496437
1461 -0.98113 0.893699 -5.008824
1462 -1.409136 -0.338835 -4.107937
1463 -2.181262 -0.696772 -4.614018
1464 -1.731373 0.894447 -4.918743
1465 -1.161418 0.894462 -4.798901
1466 -1.95049 -0.598426 -4.253977
1467 -1.849617 0.890293 -4.918985
1468 -1.731268 0.893874 -5.098784
1469 -1.34166 0.891346 -5.009163
1470 -1.101124 0.893397 -5.128845
1471 -2.187393 -0.712238 -3.944651
1472 -1.641318 0.894006 -5.03887
1473 -1.822382 -0.702213 -3.989315
1474 -1.482201 -0.672798 -4.495074
1475 -1.161309 0.888794 -5.182892
1476 -0.981363 0.89332 -5.128775
1477 -2.870057 -0.842107 -5.339078
1478 -1.28132 0.88878 -5.18297
1479 -1.341702 0.891744 -4.859037
1480 -2.216708 -0.692873 -4.475469
1481 -1.43124 -0.697142 -4.168281
1482 -1.161331 0.894375 -4.829027
1483 -1.521222 0.894689 -4.799129
1484 -1.551353 0.893763 -5.098749
1485 -1.611339 0.894373 -4.91876
1486 -1.191209 0.894482 -4.799171
1487 -1.251314 0.894336 -4.858743
1488 -1.341456 0.891301 -5.03876
1489 -1.641209 0.894665 -4.828895
1490 -1.761289 0.889083 -5.18214
1491 -1.611348 0.889003 -5.18241
1492 -1.611288 0.89465 -4.828517
1493 -1.491263 0.894575 -4.828938
1494 -1.311336 0.894187 -4.918615
1495 -1.671332 0.893929 -5.069154
1496 -1.64114 0.894758 -4.798994
1497 -1.611117 0.893605 -5.158854
1498 -1.5214 0.8946 -4.828883
1499 -1.611278 0.894277 -4.948881
1500 -1.16116 0.893334 -5.158698
1501 -1.55147 0.894612 -4.82871
1502 -1.071207 0.894414 -4.798855
1503 -1.221326 0.893465 -5.128867
1504 -1.731171 0.893682 -5.158757
1505 -1.611409 0.894184 -4.978728
1506 -0.981327 0.890319 -4.706383
1507 -2.870018 -0.842179 -5.309464
1508 -1.460258 -0.674566 -4.521838
1509 -1.954093 -0.584866 -4.251683
1510 -1.10135 0.893512 -4.743625
1511 -1.551238 0.89471 -4.798987
1512 -0.981275 0.888727 -5.183034
1513 -1.731362 0.89425 -4.978845
1514 -1.479177 -0.673571 -4.518915
1515 -1.450511 -0.681101 -4.530585
1516 -1.611288 0.894558 -4.858811
1517 -0.981218 0.893286 -4.743212
1518 -1.731178 0.894628 -4.858857
1519 -1.491163 0.894485 -4.858919
1520 -2.869974 -0.84233 -5.279806
1521 -1.221294 0.893736 -4.744384
1522 -1.493093 -0.688307 -4.463556
1523 -1.731356 0.889008 -5.182095
1524 -1.191192 0.894017 -4.948668
1525 0.18873 0.887916 -5.185341
1526 0.160083 0.887213 -5.186762
1527 0.158451 0.889574 -5.099004
1528 0.158751 0.890006 -4.979008
1529 0.248762 0.89244 -5.158941
1530 0.158696 0.889539 -5.12895
1531 0.158569 0.88978 -5.039171
1532 0.158585 0.890112 -4.918878
1533 0.158569 0.889866 -5.009111
1534 0.158515 0.890005 -4.948931
1535 0.158353 0.890241 -4.859031
1536 0.158395 0.890588 -4.76856
1537 0.188837 0.892752 -5.069003
1538 -1.431134 0.89444 -4.858932
1539 -0.95126 0.893869 -4.949086
1540 0.248792 0.892813 -5.038934
1541 0.158706 0.889455 -5.158928
1542 0.158563 0.890365 -4.829049
1543 0.248886 0.893005 -4.97889
1544 0.156041 0.88919 -4.738904
1545 0.248737 0.892624 -5.098996
1546 0.158558 0.890449 -4.799795
1547 0.188801 0.892657 -5.09901
1548 0.158446 0.890167 -4.889271
1549 0.248791 0.89272 -5.068903
1550 0.188754 0.893038 -4.978862
1551 0.248751 0.893375 -4.859162
1552 0.248697 0.88786 -5.185502
1553 -1.071347 0.893953 -4.949267
1554 0.248918 0.89358 -4.798908
1555 0.278673 0.88785 -5.185516
1556 0.24878 0.892912 -5.00894
1557 0.218688 0.89246 -5.158792
1558 0.188883 0.893134 -4.948796
1559 0.368677 0.887832 -5.185611
1560 0.369026 0.892737 -5.038845
1561 0.158701 0.889737 -4.707236
1562 -1.461277 0.893611 -5.129127
1563 0.369013 0.892921 -4.979016
1564 0.278799 0.892702 -5.068988
1565 0.368888 0.89332 -4.858953
1566 0.188713 0.892471 -5.15885
1567 0.368754 0.893503 -4.798937
1568 0.188937 0.893518 -4.829047
1569 0.278734 0.892421 -5.158862
1570 0.488945 0.892831 -4.978795
1571 0.488853 0.892652 -5.038784
1572 0.368882 0.892643 -5.068718
1573 0.488932 0.892556 -5.06876
1574 0.489664 0.893177 -4.858828
1575 0.368877 0.892549 -5.098884
1576 0.488881 0.892467 -5.098792
1577 0.488931 0.892741 -5.008806
1578 0.548935 0.892511 -5.068711
1579 0.670694 0.891759 -5.128855
1580 0.670741 0.891684 -5.158833
1581 0.670641 0.891839 -5.098893
1582 0.728667 0.887612 -5.186005
1583 0.75867 0.887607 -5.186045
1584 0.698602 0.892423 -5.068902
1585 0.670551 0.892065 -5.008894
1586 -1.432631 -0.330874 -4.170399
1587 -1.226741 -0.705115 -4.735008
1588 0.548753 0.892857 -4.948791
1589 -1.226633 -0.70505 -4.70885
1590 -1.521879 -0.704372 -4.619243
1591 -1.401513 -0.701346 -4.22933
1592 -1.422368 -0.601415 -4.284844
1593 -1.401259 -0.701965 -4.257946
1594 -1.460244 -0.702245 -4.347594
1595 -1.458972 -0.701654 -4.318851
1596 -1.398974 -0.605561 -3.962501
1597 -1.491063 -1.443901 -5.88978
1598 -1.369465 -0.701472 -4.168884
1599 -1.225918 -0.703653 -4.229078
1600 0.368733 0.892467 -5.128916
1601 -1.370222 -0.701151 -4.138134
1602 -0.951254 -1.508577 -5.848897
1603 -1.225802 -0.703403 -4.138926
1604 -1.400259 -0.701468 -4.107282
1605 -1.420019 -0.607843 -4.040389
1606 0.068788 -1.509181 -5.849168
1607 -1.460773 -0.702404 -4.288556
1608 -1.489531 -0.702885 -4.595187
1609 -1.578409 -0.703396 -4.407997
1610 -1.513412 -0.702141 -4.266912
1611 -0.891301 -1.50704 -5.369015
1612 2.108942 -1.453045 -5.88941
1613 2.127601 -1.50027 -5.877581
1614 2.109022 -1.472363 -5.888438
1615 2.104881 0.226792 -5.035588
1616 2.106198 0.206864 -5.035713
1617 2.107017 0.176825 -5.0089
1618 2.111379 -0.442965 -5.034336
1619 2.129798 -0.4606 -5.038878
1620 2.105069 0.22696 -5.008779
1621 2.109067 -0.033203 -5.008892
1622 2.112578 -0.392855 -5.008937
1623 2.112304 -0.423026 -5.034719
1624 2.109143 -0.033241 -4.948904
1625 2.109436 -0.063174 -4.94891
1626 2.109729 -0.09315 -4.94881
1627 2.110604 -0.183176 -4.948866
1628 2.111152 -0.243069 -4.978893
1629 2.111552 -0.443024 -5.008891
1630 2.108595 0.02686 -4.918892
1631 2.10918 -0.03319 -4.918856
1632 2.110315 -0.153208 -4.948875
1633 2.110644 -0.183121 -4.918882
1634 2.110941 -0.213114 -4.91891
1635 2.130247 0.242664 -5.038828
1636 1.088663 0.891939 -5.158809
1637 2.108927 -0.003174 -4.888898
1638 2.109103 -0.033208 -4.97889
1639 2.109479 -0.063201 -4.918896
1640 2.109768 -0.093134 -4.918835
1641 2.110686 -0.183153 -4.88886
1642 2.112892 -0.423034 -5.008891
1643 2.108092 0.086751 -4.858836
1644 2.108383 0.056823 -4.858896
1645 2.108681 0.026821 -4.858821
1646 2.108637 0.026768 -4.888874
1647 2.108972 -0.003244 -4.858889
1648 2.109261 -0.033143 -4.858923
1649 2.11006 -0.123153 -4.918919
1650 2.111567 -0.273188 -4.888844
1651 2.109396 -0.063269 -4.978893
1652 2.109362 -0.063233 -5.008904
1653 2.111603 -0.273134 -4.858864
1654 2.111308 -0.242975 -4.858841
1655 2.11102 -0.213162 -4.858924
1656 2.110727 -0.183091 -4.858886
1657 2.108717 0.026823 -4.828832
1658 2.110353 -0.153101 -4.918916
1659 2.11043 -0.153183 -4.858831
1660 2.112777 -0.393003 -4.858873
1661 2.112482 -0.362923 -4.8589
1662 2.107255 0.176758 -4.82887
1663 1.058662 0.892232 -5.06886
1664 2.108131 0.086824 -4.828865
1665 2.111897 -0.302972 -4.858876
1666 2.108428 0.05682 -4.828923
1667 2.108758 0.026867 -4.79885
1668 2.11135 -0.242919 -4.82883
1669 2.111055 -0.213169 -4.828884
1670 2.110392 -0.153151 -4.888926
1671 2.107314 0.146811 -5.008857
1672 2.112658 -0.392853 -4.948898
1673 0.938775 0.892293 -5.068969
1674 0.998716 0.892357 -5.038824
1675 0.878615 0.892051 -5.158874
1676 2.11198 -0.302914 -4.798897
1677 2.111647 -0.273162 -4.828858
1678 2.111688 -0.273121 -4.79887
1679 2.111389 -0.242872 -4.798919
1680 2.110806 -0.18316 -4.79886
1681 2.110767 -0.183238 -4.828885
1682 0.998681 0.892264 -5.068788
1683 0.878695 0.892143 -5.128894
1684 0.998708 0.892081 -5.128837
1685 2.109048 -0.003158 -4.798854
1686 2.109343 -0.033146 -4.798844
1687 1.028643 0.892248 -5.068801
1688 1.028649 0.892338 -5.038762
1689 2.112597 -0.362785 -4.768914
1690 2.111934 -0.302923 -4.828909
1691 2.111723 -0.273079 -4.76893
1692 2.111429 -0.242907 -4.768911
1693 2.111098 -0.213162 -4.798824
1694 2.111139 -0.213143 -4.768861
1695 2.112821 -0.393064 -4.828962
1696 0.878594 0.892428 -5.038876
1697 2.111473 -0.242931 -4.738892
1698 2.111174 -0.213154 -4.738827
1699 2.112899 -0.392989 -4.768867
1700 2.112644 -0.362912 -4.738985
1701 2.108797 0.026771 -4.768899
1702 2.109131 -0.003196 -4.738811
1703 0.998778 0.892635 -4.948904
1704 0.908754 0.892314 -5.069026
1705 2.110855 -0.213098 -4.978872
1706 2.112612 -0.392806 -4.978893
1707 2.129829 -0.460574 -5.008877
1708 0.998723 0.892729 -4.918924
1709 2.112058 -0.302966 -4.738849
1710 1.028782 0.892618 -4.948978
1711 0.878647 0.892333 -5.068879
1712 0.968816 0.892371 -5.038977
1713 2.108465 0.056791 -4.798881
1714 2.111508 -0.242916 -4.708869
1715 0.758601 0.892487 -5.038907
1716 2.112682 -0.362891 -4.708918
1717 2.111805 -0.273124 -4.708891
1718 2.112938 -0.392928 -4.738874
1719 2.111215 -0.213105 -4.708896
1720 0.788582 0.892379 -5.06888
1721 0.878651 0.892519 -5.008902
1722 1.058841 0.892599 -4.948922
1723 0.998658 0.891988 -5.158827
1724 2.109302 -0.033187 -4.82887
1725 2.111846 -0.273133 -4.678917
1726 2.112095 -0.30295 -4.70889
1727 2.111551 -0.243001 -4.678836
1728 2.112981 -0.392941 -4.708912
1729 0.758616 0.892209 -5.128943
1730 2.112391 -0.332936 -4.708937
1731 0.878613 0.892798 -4.918876
1732 2.11214 -0.302988 -4.67892
1733 2.110708 -0.153154 -4.64885
1734 2.111765 -0.273138 -4.738917
1735 0.818596 0.892364 -5.068936
1736 2.109688 -0.093222 -4.978903
1737 2.112313 -0.332917 -4.768915
1738 2.112175 -0.302824 -4.648906
1739 0.998866 0.893006 -4.828822
1740 2.110921 -0.183192 -4.708865
1741 0.758591 0.892395 -5.068886
1742 0.998828 0.892448 -5.008953
1743 2.11202 -0.302897 -4.768864
1744 2.107797 0.116748 -4.858902
1745 2.111858 -0.302979 -4.888932
1746 2.107048 0.176814 -4.978895
1747 2.111885 -0.27302 -4.648945
1748 2.107582 0.176806 -4.588893
1749 1.088738 0.891733 -4.740815
1750 0.728599 0.892596 -5.008886
1751 2.111587 -0.243011 -4.648843
1752 1.058784 0.892693 -4.918901
1753 0.968697 0.892095 -5.128811
1754 2.108875 0.026825 -4.708821
1755 2.110007 -0.093239 -4.738862
1756 0.999004 0.893099 -4.798917
1757 2.113097 -0.392924 -4.618887
1758 2.108836 0.026764 -4.738897
1759 2.111923 -0.273009 -4.618874
1760 2.105742 0.22775 -4.566447
1761 2.112506 -0.332827 -4.618867
1762 1.058705 0.891747 -4.740775
1763 0.878616 0.892705 -4.948914
1764 0.848663 0.892903 -4.888859
1765 0.848638 0.892442 -5.038906
1766 2.113052 -0.392973 -4.648888
1767 2.112859 -0.392978 -4.798877
1768 2.107295 0.176834 -4.798867
1769 2.110898 -0.213115 -4.948937
1770 2.112321 -0.36293 -4.978875
1771 2.113146 -0.392949 -4.588933
1772 2.112558 -0.332795 -4.588933
1773 2.106591 0.206828 -4.56643
1774 0.758585 0.892762 -4.948929
1775 0.488911 0.892377 -5.128828
1776 0.728616 0.8925 -5.038921
1777 0.938805 0.89239 -5.038978
1778 0.998735 0.891808 -4.740776
1779 1.028919 0.891793 -4.740892
1780 1.05872 0.892971 -4.828861
1781 2.113019 -0.392965 -4.678941
1782 0.90861 0.892691 -4.948904
1783 2.111971 -0.442363 -4.565596
1784 0.968664 0.891849 -4.7408
1785 1.028747 0.892989 -4.828832
1786 0.758643 0.89258 -5.008868
1787 0.998763 0.892823 -4.888896
1788 2.106746 0.206831 -5.008856
1789 2.112803 -0.362981 -4.61893
1790 0.758622 0.892114 -5.158902
1791 2.110964 -0.183221 -4.678836
1792 2.112838 -0.422982 -4.565552
1793 0.878559 0.893166 -4.798847
1794 0.878645 0.891928 -4.740849
1795 2.112268 -0.302902 -4.588851
1796 2.10753 0.176817 -4.618871
1797 2.112467 -0.332789 -4.648896
1798 2.109286 -0.003159 -4.618849
1799 2.108502 0.056825 -4.768861
1800 2.111894 -0.442282 -4.588761
1801 2.107304 0.206816 -4.588833
1802 0.938647 0.891854 -4.740772
1803 2.113454 -0.422941 -4.588862
1804 2.110416 -0.1232 -4.648784
1805 2.109012 -0.003152 -4.828901
1806 2.108345 0.056751 -4.888847
1807 0.848635 0.891952 -4.740842
1808 0.998965 0.893194 -4.768962
1809 2.112429 -0.332866 -4.678894
1810 2.112856 -0.363022 -4.588883
1811 2.112763 -0.363017 -4.648914
1812 2.108661 0.056854 -4.648876
1813 2.110999 -0.183165 -4.64878
1814 0.758572 0.892854 -4.918885
1815 0.728578 0.892959 -4.88886
1816 0.878665 0.892238 -5.098963
1817 0.728567 0.89205 -4.740912
1818 0.878616 0.893074 -4.828898
1819 0.878622 0.892893 -4.888839
1820 1.02872 0.892156 -5.098828
1821 2.130865 0.237202 -4.558269
1822 1.058687 0.893066 -4.798866
1823 1.028712 0.892064 -5.1288
1824 2.109579 -0.033122 -4.618912
1825 2.108174 0.086787 -4.798872
1826 0.998674 0.892173 -5.0988
1827 0.938699 0.892766 -4.918876
1828 2.111978 -0.273041 -4.588881
1829 0.90859 0.893059 -4.828851
1830 1.058652 0.892323 -5.038828
1831 2.11168 -0.243105 -4.588902
1832 2.108116 0.116836 -4.618799
1833 2.109716 -0.063208 -4.738864
1834 2.107335 0.176806 -4.768863
1835 0.669507 0.891324 -4.740111
1836 0.818633 0.891982 -4.740889
1837 1.058707 0.892045 -5.128845
1838 2.130852 0.206839 -4.557232
1839 0.758578 0.892039 -4.74094
1840 2.111627 -0.243109 -4.618907
1841 0.878614 0.893257 -4.768858
1842 0.788579 0.892751 -4.948851
1843 2.130434 -0.454292 -4.557222
1844 2.108701 0.056794 -4.618851
1845 1.18339 -0.639111 -4.083125
1846 2.111334 -0.213111 -4.618872
1847 1.658699 -0.677582 -4.135791
1848 1.028717 0.893081 -4.798846
1849 1.028765 0.892712 -4.918895
1850 1.688914 -0.674917 -4.118823
1851 1.688466 -0.681415 -4.142781
1852 0.670615 0.89192 -5.068924
1853 1.649554 -0.696887 -3.973252
1854 1.290467 -0.597168 -3.935756
1855 1.811997 -0.335054 -3.949473
1856 1.227625 -0.61277 -3.888801
1857 1.810923 -0.547014 -3.951872
1858 0.67062 0.892001 -5.038906
1859 1.568827 -0.670791 -3.92594
1860 1.577378 -0.631824 -3.858407
1861 1.598673 -0.671026 -3.925781
1862 1.579997 -0.333627 -3.840971
1863 1.627775 -0.636713 -3.897601
1864 1.796981 -0.335326 -3.942435
1865 1.632672 -0.644591 -3.849954
1866 1.595669 -0.543227 -3.848428
1867 1.809518 -0.271742 -3.956849
1868 1.058652 0.892138 -5.098897
1869 1.028697 0.89243 -5.008839
1870 2.108168 0.1168 -4.588812
1871 1.778633 -0.33503 -3.933857
1872 0.670571 0.892259 -4.948808
1873 1.088665 0.893048 -4.798872
1874 1.058671 0.892415 -5.008805
1875 2.130831 0.24341 -4.588912
1876 1.028779 0.893172 -4.768932
1877 1.028825 0.892802 -4.88885
1878 0.938686 0.892675 -4.94888
1879 1.088695 0.892955 -4.828865
1880 0.908661 0.892506 -5.00886
1881 1.088726 0.892581 -4.948875
1882 1.088713 0.892216 -5.068762
1883 1.058756 0.892785 -4.888889
1884 2.110121 -0.093222 -4.648908
1885 0.938571 0.893047 -4.82884
1886 0.788629 0.892285 -5.098905
1887 0.608218 0.889493 -4.918865
1888 1.088666 0.892032 -5.128839
1889 0.908695 0.892218 -5.09897
1890 0.698624 0.887613 -5.186028
1891 0.788605 0.892563 -5.008904
1892 2.109419 -0.033155 -4.73884
1893 2.130196 0.23836 -5.070338
1894 2.108432 0.17684 -3.356538
1895 2.111689 0.026795 -3.298988
1896 2.112201 -0.003247 -3.298985
1897 2.114263 -0.123254 -3.269048
1898 2.113762 -0.093232 -3.268972
1899 2.111744 0.026814 -3.26902
1900 2.107347 0.195722 -3.356528
1901 2.112289 -0.003109 -3.23896
1902 2.113892 -0.201584 -3.355768
1903 2.113801 -0.093147 -3.238995
1904 2.113852 -0.09325 -3.208986
1905 2.113339 -0.06321 -3.208951
1906 2.111875 0.026817 -3.17908
1907 2.112884 -0.033213 -3.178999
1908 2.113898 -0.093239 -3.17904
1909 2.114301 -0.123089 -3.239049
1910 2.112928 -0.033215 -3.148991
1911 2.113391 -0.063247 -3.179029
1912 2.11284 -0.033172 -3.209045
1913 2.112975 -0.03315 -3.11899
1914 2.112471 -0.003136 -3.119059
1915 2.113934 -0.093211 -3.14904
1916 2.112423 -0.003187 -3.149
1917 2.114487 -0.123169 -3.118895
1918 2.113989 -0.093162 -3.119096
1919 2.113438 -0.063189 -3.149023
1920 2.113478 -0.063131 -3.118962
1921 2.112794 -0.033201 -3.239069
1922 2.111188 0.056866 -3.298961
1923 2.109678 0.14675 -3.298907
1924 2.112515 -0.003119 -3.088912
1925 2.112699 -0.033143 -3.299031
1926 2.112008 0.026833 -3.089006
1927 2.114578 -0.123129 -3.058972
1928 2.114119 -0.093125 -3.029027
1929 2.112613 -0.003161 -3.029033
1930 2.114031 -0.093208 -3.08907
1931 2.113668 -0.063127 -2.99903
1932 2.113529 -0.063207 -3.088911
1933 2.132239 -0.216392 -3.360289
1934 2.113113 -0.033231 -3.029007
1935 2.113205 -0.033164 -2.969057
1936 2.114538 -0.123175 -3.088963
1937 2.113157 -0.033174 -2.999089
1938 2.112145 0.026981 -2.999013
1939 2.112288 0.026769 -2.908955
1940 2.113757 -0.063198 -2.939037
1941 2.115203 -0.183102 -3.329018
1942 2.113061 -0.033135 -3.059021
1943 2.113623 -0.063304 -3.029003
1944 2.112565 -0.003252 -3.059012
1945 2.112655 -0.003159 -2.998988
1946 2.113254 -0.033115 -2.939031
1947 2.114633 -0.123164 -3.02905
1948 2.112751 -0.033158 -3.269014
1949 2.112793 -0.003158 -2.909084
1950 2.112195 0.026762 -2.968985
1951 2.114486 -0.183099 -3.355839
1952 2.112054 0.026863 -3.059006
1953 2.113571 -0.063042 -3.059007
1954 2.11166 0.026855 -3.329061
1955 2.113938 -0.063124 -2.819048
1956 2.113019 -0.033114 -3.089148
1957 2.114723 -0.153175 -3.299093
1958 2.113528 -0.033104 -2.758954
1959 2.113806 -0.063148 -2.90898
1960 2.111778 0.056768 -2.90903
1961 2.112842 -0.00315 -2.879013
1962 2.113706 -0.093159 -3.29901
1963 2.114311 -0.093142 -2.909004
1964 2.113617 -0.033108 -2.698973
1965 2.108255 0.196647 -2.646886
1966 2.112885 -0.003165 -2.849035
1967 2.113394 -0.033238 -2.849085
1968 2.112333 0.026909 -2.879098
1969 2.114511 -0.200588 -2.64642
1970 2.113848 -0.063158 -2.879038
1971 2.113686 -0.0933 -3.329
1972 2.115136 -0.123149 -2.699031
1973 2.113119 -0.003143 -2.699115
1974 2.112382 0.02683 -2.848992
1975 2.114455 -0.09323 -2.818952
1976 2.114813 -0.123213 -2.909016
1977 2.114085 -0.063155 -2.728901
1978 2.11403 -0.06308 -2.759073
1979 2.11183 0.026885 -3.209008
1980 2.114122 -0.063186 -2.699005
1981 2.115184 -0.18322 -2.646217
1982 2.114897 -0.123248 -2.848943
1983 2.114352 -0.093205 -2.878991
1984 2.114492 -0.093147 -2.789093
1985 2.116215 -0.183231 -2.669022
1986 2.115644 -0.153204 -2.698947
1987 2.11421 -0.093134 -2.968981
1988 2.113983 -0.063242 -2.788902
1989 2.110587 0.146823 -2.699135
1990 2.113299 -0.033109 -2.909001
1991 2.112244 0.02683 -2.939022
1992 2.113711 -0.063132 -2.969051
1993 2.133338 -0.183198 -2.627681
1994 2.113343 -0.033179 -2.878983
1995 2.111829 0.056887 -2.878991
1996 2.133306 -0.215737 -2.63814
1997 2.113437 -0.033132 -2.818944
1998 1.835167 -0.002565 -2.252653
1999 1.785271 0.093287 -2.221288
2000 2.112701 -0.003152 -2.969053
2001 1.629066 -0.33454 -3.863872
2002 1.908171 0.211258 -2.309365
2003 1.915485 -0.617854 -3.591615
2004 1.916432 -0.631875 -3.590344
2005 1.915226 -0.666776 -3.589482
