0 -3.068843 0.217723 -0.018372 -1.976012 -0.55456 0.012125
1 -1.484819 0.009333 0.014141 -3.054176 1.64051 -0.046018
2 -2.496887 1.02392 0.961649 -2.493004 1.021707 0.5558
3 -1.449494 0.080942 0.01231 -2.39351 0.83829 -0.046751
4 -3.012196 1.645049 -0.017317 -2.391143 2.169338 0.02423
5 -1.43873 1.287634 0.009365 -2.040142 0.652957 -0.023724
6 -2.211805 2.070888 0.018982 -2.882631 1.466169 -0.012442
7 -1.912413 1.772109 0.013346 -2.604642 1.157347 -0.020936
8 -1.985948 -0.590965 0.013442 -2.9641 0.21748 -0.021703
9 -3.047811 0.233143 0.002116 -2.000315 -0.578958 -0.016211
10 -2.314353 0.822992 -0.00785 -1.484718 0.037559 0.015571
11 -2.34417 1.509353 -0.013175 -1.978445 1.807549 0.017721
12 -1.612987 0.269647 0.014098 -2.011313 0.597943 -0.02255
13 -1.626459 0.922389 -0.007854 -1.330162 0.684943 0.001184
14 -1.825349 0.705465 0.00874 -1.544482 0.456344 0.014964
15 -1.884148 1.763408 0.017873 -2.253627 2.128298 0.001718
16 -1.523986 1.37851 -0.002471 -1.858612 1.734313 0.01474
17 -1.981571 -0.550707 -0.004581 -2.959562 0.217029 -0.026747
18 -1.998406 0.637889 0.02059 -1.495796 1.22958 0.011203
19 -1.494897 0.090193 -0.001424 -3.037683 1.610276 -0.038331
20 -3.041616 0.226349 -0.005209 -2.344766 0.825697 -0.006189
21 -2.192955 0.769739 0.014947 -2.976282 1.550658 -0.024962
22 -3.083118 0.23204 0.251674 -3.056396 0.225576 0.917201
23 -1.724471 -0.998311 -0.010981 -2.204847 -0.546389 -0.015561
24 -2.95067 0.21377 -0.028207 -2.322463 0.812649 0.001563
25 -1.422844 0.028826 0.023932 -2.014013 -0.584446 -0.022452
26 -2.284267 -0.316107 -0.031835 -1.714572 0.253039 0.012438
27 -3.03571 0.199496 0.023685 -1.759206 -1.009302 -0.013329
28 -2.314782 0.807809 0.021872 -2.879845 0.200304 0.004332
29 -2.017359 -0.584106 -0.033877 -2.911926 0.15884 -0.029667
30 -2.166459 0.644079 0.009154 -2.592367 0.149517 -0.026784
31 -1.515741 0.066344 0.01002 -2.133576 -0.519519 -0.025832
32 -2.917126 0.240552 -0.021701 -2.359688 0.847163 -0.020919
33 -2.827733 -1.185111 1.092918 -2.839595 -1.190379 0.62527
34 -1.764766 -0.970802 -0.003896 -2.21747 -0.614662 -0.020183
35 -2.819844 0.179605 0.026763 -2.272613 0.729714 0.023358
36 -1.924711 -0.575898 0.017393 -1.481271 -0.002081 0.004678
37 -1.723026 0.263313 0.007022 -2.215297 -0.316841 -0.003696
38 -1.945906 -0.334266 0.00106 -1.514897 0.078024 0.011265
39 -1.320625 0.516414 0.007413 -1.572 0.27365 -0.009242
40 -2.6212 0.231608 -0.040218 -2.193418 0.647968 0.003637
41 -1.330136 0.674732 0.015423 -1.582091 0.464461 -0.022637
42 -2.853317 0.199705 0.017023 -2.285684 0.741868 0.047064
43 -2.86416 -1.247285 0.007012 -2.272598 -0.465942 0.008675
44 -1.326684 0.663116 0.003021 -1.544417 0.431216 0.015622
45 -1.569587 0.134286 0.005235 -1.940916 -0.333062 -0.000164
46 -1.534271 0.428833 0.017777 -1.347834 0.679026 0.003362
47 -1.34474 0.530256 -0.005028 -1.565142 0.260671 0.005352
48 -2.646729 -1.266091 -0.008383 -2.119947 -0.685926 0.001197
49 -2.899609 -1.219948 1.222405 -2.896997 -1.240272 0.308972
50 -2.837734 -1.230638 0.007965 -2.890886 -1.236555 0.614548
51 -2.585126 -0.852387 0.948504 -2.77054 -1.076325 0.943846
52 -2.629893 -0.889823 1.041663 -2.780572 -1.101343 1.033335
