0 -2.604675 1.142356 0.592219
1 -2.994622 1.562187 0.292015
2 -2.668153 1.228943 0.681926
3 -2.625957 1.149829 0.681954
4 -2.578631 1.138505 0.382021
5 -2.574985 1.112088 0.592039
6 -2.728365 1.288844 0.262471
7 -2.517874 1.078217 0.321597
8 -2.565265 1.090679 0.562967
9 -3.019795 1.569946 0.322379
10 -2.986862 1.538915 0.322842
11 -2.815992 0.030364 0.862085
12 -2.874909 0.062069 0.861954
13 -2.874174 0.063805 0.651898
14 -2.958186 1.508394 0.322599
15 -2.538679 1.087018 0.231951
16 -2.959424 1.507612 0.35229
17 -2.995351 1.560623 0.382112
18 -2.369552 0.928297 0.892231
19 -2.987836 1.538124 0.382429
20 -2.994054 1.562752 0.262199
21 -2.304279 0.810869 -0.004956
22 -2.697344 1.260536 0.32237
23 -2.874535 0.062424 0.292305
24 -2.908105 0.146506 0.682786
25 -3.026904 1.589696 0.382038
26 -2.936605 1.500238 0.381779
27 -2.929328 1.479544 0.352403
28 -2.569796 1.118062 0.232759
29 -3.042382 1.574499 0.384139
30 -2.477308 1.000957 0.531876
31 -2.546042 1.081513 0.561879
32 -2.870659 0.0369 0.862791
33 -2.905434 0.150818 -0.008595
34 -2.302789 0.843829 0.016349
35 -2.536499 1.060272 0.562535
36 -2.186954 0.752985 -0.00743
37 -2.967754 1.528999 0.682113
38 -2.838824 1.389703 0.322234
39 -2.724448 0.182228 -0.031174
40 -2.957505 1.509225 0.262232
41 -2.715682 1.241414 0.260306
42 -2.785003 1.352201 0.352172
43 -2.68645 1.209892 0.682694
44 -2.986176 1.540131 0.262255
45 -2.244666 0.902414 -0.00515
46 -2.365735 1.05209 -0.005627
47 -2.370355 0.928117 0.802561
48 -2.419981 0.966045 0.262335
49 -2.868105 1.417982 0.291608
50 -2.935307 1.501456 0.262139
51 -2.390986 0.902616 0.531853
52 -3.020163 1.56836 0.383089
53 -2.994786 1.561565 0.322128
54 -2.185689 0.7217 -0.00709
55 -3.025457 1.591276 0.261931
56 -2.846583 0.058706 0.861845
57 -2.631962 1.174737 0.261932
58 -2.391495 0.902838 0.801993
59 -2.845602 1.410779 0.292298
60 -2.50848 1.029114 0.801928
61 -2.820094 0.055414 0.861721
62 -3.016305 1.541168 0.862246
63 -2.507607 1.029545 0.592075
64 -2.574948 1.112016 0.622118
65 -2.535132 1.062708 0.324694
66 -2.511576 1.05701 0.292665
67 -2.184075 0.932918 0.01522
68 -2.245473 0.932428 0.014831
69 -2.77678 1.329861 0.321563
70 -3.046761 1.600119 0.26307
71 -2.725363 0.212216 -0.00746
72 -3.018537 1.570365 0.292854
73 -2.955448 1.482564 0.381742
74 -2.897548 1.448734 0.353053
75 -3.013599 1.54297 0.380656
76 -2.659089 1.208482 0.352071
77 -2.874489 0.063196 0.322268
78 -2.512777 1.055388 0.322175
79 -2.571345 1.114915 0.382312
80 -2.003211 0.600993 -0.004527
81 -2.846083 1.41082 0.352111
82 -2.485801 1.021348 0.592211
83 -2.98486 1.513005 0.683368
84 -2.783403 1.323322 0.682148
85 -2.98729 1.537901 0.352318
86 -2.897851 1.448339 0.382092
87 -2.399944 0.957371 0.952071
88 -2.952968 1.483733 0.355364
89 -2.986786 1.539564 0.29261
90 -2.690351 1.235848 0.291474
91 -2.421088 0.965811 0.292395
92 -2.697943 1.259735 0.292686
93 -2.819238 1.408112 0.292675
94 -2.487672 -0.209933 0.321885
95 -2.998472 1.587658 0.262104
96 -2.390795 0.902278 0.892284
97 -2.395236 1.082232 0.015517
98 -2.727132 1.290586 0.292747
99 -2.898524 0.040447 0.863449
100 -2.184943 1.172305 -0.003692
101 -2.724927 0.182308 -0.008529
102 -2.154986 1.142525 0.016394
103 -2.757742 1.319154 0.26253
104 -2.215261 0.872347 -0.004309
105 -2.596364 1.120178 0.591917
106 -2.578558 1.138307 0.261319
107 -2.81933 1.407691 0.321865
108 -2.725853 1.291422 0.322318
109 -2.519111 1.078227 0.351843
110 -2.6942 -0.086702 0.861736
111 -2.805657 1.331115 0.682272
112 -3.017128 1.571203 0.263117
113 -2.505881 1.004272 0.534639
114 -2.80721 1.359745 0.321549
115 -2.449062 0.99744 0.262263
116 -2.452316 0.995079 0.382336
117 -2.154846 1.201928 0.015945
118 -2.578723 1.138482 0.352345
119 -2.780231 1.326465 0.261336
120 -2.364976 1.052186 0.015663
121 -2.717824 1.26844 0.321833
122 -2.897968 1.447042 0.260842
123 -2.633965 1.172781 0.712073
124 -2.664282 1.20283 0.71221
125 -2.605027 1.142176 0.622178
126 -2.691733 1.234972 0.261788
127 -2.245169 0.932247 -0.00525
128 -2.934022 0.122616 0.652011
129 -2.12483 1.142217 0.016276
130 -2.639338 1.197787 0.26199
131 -2.873335 0.064021 0.682472
132 -2.814023 1.382626 0.322385
133 -2.626133 1.150206 0.652135
134 -2.390139 0.902568 0.652208
135 -2.155489 1.172679 -0.003178
136 -2.655248 1.182228 0.23474
137 -2.930139 1.4787 0.382265
138 -2.668349 1.229014 0.292656
139 -2.454474 0.992071 0.802267
140 -2.184706 1.142978 -0.003264
141 -2.154629 1.112437 -0.003081
142 -2.155219 1.232778 0.016534
143 -2.868455 1.41771 0.351968
144 -2.933905 0.122289 0.682093
145 -2.487488 1.049754 0.262304
146 -2.876132 1.441503 0.382133
147 -2.5514 1.134082 0.261107
148 -2.398491 0.95914 0.262108
149 -2.626487 1.150309 0.801847
150 -2.492018 1.074752 0.321499
151 -2.608939 1.16935 0.682392
152 -2.394972 1.082183 -0.005422
153 -2.459545 1.01764 0.531625
154 -2.334723 0.809984 -0.005821
155 -2.488099 1.049013 0.802201
156 -2.630572 1.176039 0.232663
157 -2.155828 1.202356 -0.003322
158 -2.185048 1.232062 -0.004024
159 -2.596349 1.120717 0.621623
160 -2.504588 1.032868 0.322948
161 -2.746103 1.271173 0.261775
162 -2.214753 0.902026 0.015013
163 -2.035318 0.572428 -0.005382
164 -2.630448 1.175366 0.321588
165 -2.094542 1.201563 0.015344
166 -2.594624 1.122583 0.234116
167 -2.365778 -0.329259 0.261977
168 -2.154562 1.173014 0.016654
169 -2.036335 0.600694 -0.006439
170 -2.213584 0.933153 0.015006
171 -2.155263 1.141726 -0.0034
172 -2.094668 1.141752 -0.002064
173 -2.962017 1.504455 0.682195
174 -2.578859 1.138274 0.591813
175 -2.365366 0.810787 -0.006866
176 -2.698555 1.258927 0.262506
177 -2.184809 1.262797 0.017199
178 -2.59466 1.121293 0.351786
179 -2.215694 0.901717 -0.004956
180 -2.002581 0.601812 0.015391
181 -2.59431 1.121516 0.37994
182 -2.5792 1.138207 0.621895
183 -2.840346 0.007267 0.862186
184 -2.272457 -0.416647 0.322437
185 -2.36474 1.082736 0.015794
186 -2.064231 1.201968 -0.001879
187 -2.87918 1.467784 0.351534
188 -2.879153 1.468318 0.263016
189 -2.002887 0.663345 -0.004587
190 -2.904322 1.471969 0.352223
191 -2.064051 1.202314 0.015897
192 -2.968612 1.558699 0.291738
193 -2.335261 0.991941 -0.004478
194 -2.506055 1.031555 0.231898
195 -2.486059 1.021373 0.562132
196 -2.838949 1.389965 0.291201
197 -2.862663 1.392836 0.291641
198 -2.124919 1.172401 -0.002273
199 -2.365403 1.082574 -0.005508
200 -2.392278 0.933265 0.262375
201 -2.546317 1.08112 0.80219
202 -2.969289 1.557889 0.38109
203 -2.937678 1.529717 0.262426
204 -2.369731 0.928108 0.952218
205 -2.967983 1.559013 0.261863
206 -2.374569 0.954973 0.261376
207 -2.938977 0.147356 0.652038
208 -2.185015 1.232181 0.016905
209 -2.789727 1.377919 0.322246
210 -2.394534 1.052408 -0.004953
211 -2.622002 1.124816 0.592093
212 -2.545056 1.712371 0.015798
213 -2.71398 1.242081 0.319282
214 -2.454473 -0.266679 0.322126
215 -2.608992 1.169228 0.712428
216 -2.961548 0.125966 0.652207
217 -1.856271 1.022456 0.0145
218 -2.967176 1.530961 0.382138
219 -2.544771 1.741483 0.000378
220 -2.572147 1.1146 0.352072
221 -2.938177 1.528672 0.351584
222 -2.879676 1.467277 0.381481
223 -2.601549 1.145023 0.352015
224 -2.038949 0.632772 -0.00701
225 -2.125028 1.201639 0.015515
226 -2.184767 1.142392 0.0164
227 -2.094117 1.142262 0.016497
228 -2.93602 1.50063 0.351924
229 -2.184407 0.783179 0.0158
230 -2.514517 1.742607 0.017022
231 -2.488834 1.048504 0.621811
232 -2.486098 1.021813 0.532012
233 -2.515975 1.741338 -0.000975
234 -2.395095 1.681545 0.015605
235 -2.753578 0.182304 -0.030728
236 -2.664038 1.203147 0.682003
237 -2.85042 0.084309 0.68189
238 -2.420396 0.867855 0.771694
239 -2.094251 1.173133 0.017243
240 -2.124934 1.202332 -0.002113
241 -2.390686 0.90295 0.772045
242 -2.094789 1.202026 -0.002066
243 -2.938681 0.146578 0.861658
244 -2.454206 1.8006 0.000942
245 -1.854989 1.0222 -0.002642
246 -2.518299 1.078914 0.561827
247 -2.369829 0.928177 0.562489
248 -2.605033 1.141891 0.651975
249 -2.459768 1.017238 0.562295
250 -2.425277 1.711753 0.000254
251 -2.035012 1.142747 0.016932
252 -2.782601 1.323804 0.652123
253 -2.125519 1.232649 -0.002917
254 -2.12582 1.262338 -0.002478
255 -2.184938 1.262447 -0.003249
256 -2.996849 1.62229 -0.004714
257 -2.366418 1.052628 -0.02948
258 -2.700337 1.287398 0.323247
259 -2.426682 1.801398 0.000493
260 -2.935766 1.501151 0.322032
261 -2.875397 1.441931 0.352027
262 -2.966533 1.531147 0.352097
263 -2.425332 1.802836 0.017244
264 -2.480108 1.027255 0.322542
265 -2.424282 1.683725 0.000886
266 -2.72494 0.211754 -0.031327
267 -2.395964 1.6816 0.001246
268 -2.213879 0.723717 -0.02921
269 -2.414198 0.941095 0.262089
270 -2.186069 0.723344 -0.028696
271 -2.039223 0.633111 -0.029726
272 -2.505966 1.030093 0.533311
273 -2.395339 1.742321 0.016929
274 -2.094344 1.262974 0.016822
275 -2.06448 1.172482 0.016903
276 -2.694733 0.243138 -0.00674
277 -2.668966 1.227991 0.262246
278 -2.215267 0.932602 -0.004693
279 -2.125154 1.172716 0.016277
280 -2.635267 -0.119106 0.291941
281 -2.390857 0.902069 0.502025
282 -2.624295 1.152086 0.321207
283 -2.125001 1.142124 -0.002851
284 -2.034645 1.141673 -0.00241
285 -2.155074 1.232569 -0.00331
286 -2.303133 0.842636 -0.004572
287 -2.839687 1.388192 0.261254
288 -2.3358 0.811584 -0.029621
289 -1.614917 0.90257 0.014407
290 -2.484178 1.742981 0.017452
291 -2.845781 1.411123 0.322306
292 -2.714752 1.241826 0.288628
293 -2.184225 1.20226 -0.003577
294 -2.094089 1.233531 0.016612
295 -2.03536 1.232098 0.016102
296 -2.004711 1.172054 0.016144
297 -2.455471 0.991853 0.531957
298 -3.050762 0.18504 0.321837
299 -2.844241 0.033534 0.862003
300 -2.518001 1.07991 0.232499
301 -2.425964 1.741224 -0.000878
302 -2.244022 0.904142 -0.029966
303 -2.366277 0.813365 -0.030141
304 -2.694895 0.243325 0.015527
305 -2.874962 0.061938 0.892205
306 -2.81486 1.381849 0.292441
307 -2.968002 1.558727 0.321983
308 -2.507017 1.029483 0.561849
309 -2.398799 0.95918 0.291857
310 -2.364282 0.781124 0.014836
311 -1.973345 0.662229 -0.003554
312 -2.303592 0.810993 0.015452
313 -2.605031 1.141925 0.682159
314 -2.670255 1.257151 0.322489
315 -2.004571 1.232473 -0.001392
316 -2.908729 1.497799 0.381963
317 -2.965663 1.531938 0.292182
318 -2.365969 0.811737 0.016008
319 -2.0046 1.232569 0.016347
320 -2.03587 0.601236 0.01648
321 -2.395766 0.812561 -0.007544
322 -2.548285 1.108958 0.592098
323 -2.305515 1.921381 0.015267
324 -2.695053 0.2126 -0.007668
325 -2.21473 0.722523 -0.006226
326 -2.518271 1.079229 0.26181
327 -2.094421 1.172835 -0.001608
328 -2.965342 1.532089 0.262068
329 -2.394824 0.752541 -0.004918
330 -2.27424 0.902955 -0.004015
331 -2.428015 0.989156 0.26206
332 -2.306832 1.951485 0.001938
333 -2.393907 1.712594 0.015803
334 -1.795679 1.083275 -0.002035
335 -2.154818 1.262295 -0.003107
336 -2.369945 0.902641 0.771495
337 -2.304825 1.925248 0.002295
338 -2.035342 1.23229 -0.001402
339 -1.884282 0.992432 -0.001791
340 -2.489193 1.048388 0.591779
341 -2.00444 1.202294 0.016082
342 -1.764779 0.541955 -0.003248
343 -1.614441 0.842147 0.014688
344 -1.615036 0.872664 -0.002691
345 -1.794138 1.084454 0.015546
346 -2.183665 0.902359 0.015242
347 -2.245124 0.933045 -0.03049
348 -1.614914 0.842483 -0.001791
349 -2.426524 1.77232 -0.000106
350 -2.39037 0.902581 0.682127
351 -2.037397 0.602324 -0.028751
352 -2.454186 1.742466 6.6e-05
353 -2.487375 1.048486 0.321771
354 -1.764494 0.5425 0.015781
355 -1.673848 0.782162 0.014903
356 -1.614699 0.872475 0.014356
357 -2.664305 0.24377 0.015177
358 -2.41991 0.868126 0.532149
359 -2.214408 1.232387 -0.003375
360 -2.395423 0.813581 -0.030039
361 -2.90888 1.498139 0.351847
362 -2.9088 1.498449 0.262652
363 -2.547892 1.108947 0.621948
364 -2.369346 0.902684 0.802128
365 -2.609016 1.167661 0.261725
366 -2.034571 1.112798 -0.002788
367 -2.453565 1.77152 0.000835
368 -2.425431 1.77282 0.016924
369 -1.765199 0.722503 -0.002665
370 -1.674798 0.782692 -0.001888
371 -2.185236 1.26603 -0.033353
372 -2.005418 1.112134 -0.002013
373 -2.394814 1.053464 -0.030484
374 -2.548865 1.108739 0.38213
375 -1.973474 1.112753 0.016116
376 -2.394472 0.872277 0.772164
377 -2.124346 1.292769 -0.001909
378 -2.034768 1.202092 -0.001413
379 -1.795679 1.442943 0.001045
380 -1.734062 0.722625 0.015006
381 -2.064237 1.112767 -0.00211
382 -2.459986 1.017499 0.591637
383 -2.369808 0.902462 0.711942
384 -2.424981 1.682019 0.015885
385 -2.004416 1.20249 -0.001452
386 -1.734689 0.722116 -0.001672
387 -1.645054 0.84298 -0.002282
388 -1.704996 0.752578 -0.00181
389 -1.645302 0.812518 -0.001787
390 -2.364691 0.782442 -0.004792
391 -2.155293 1.292241 -0.002425
392 -2.214541 1.142426 -0.003382
393 -1.854505 0.992901 -0.002173
394 -1.795017 1.053523 -0.002297
395 -2.064838 0.632769 -0.00658
396 -2.094693 1.322439 -0.001644
397 -1.76435 0.692213 0.014596
398 -2.506992 1.029775 0.622048
399 -1.826352 1.054186 -0.003035
400 -1.61506 0.902151 -0.002468
401 -1.765465 0.692496 -0.002522
402 -1.82472 1.081779 -0.002004
403 -2.062595 0.632638 -0.029034
404 -1.675104 0.45231 -0.002684
405 -2.540531 0.748813 0.201904
406 -2.214311 0.75234 -0.006237
407 -2.065535 0.813925 -0.005589
408 -1.884194 1.022508 -0.001808
409 -1.644515 0.842381 0.014755
410 -2.037527 0.663488 -0.006872
411 -2.426501 1.711742 0.015605
412 -1.584165 0.872431 0.014293
413 -2.36934 0.901835 0.531975
414 -1.64437 0.812255 0.015044
415 -2.564945 0.743748 0.202765
416 -2.303574 0.992549 0.015607
417 -2.694646 0.212177 0.015089
418 -2.485527 1.021403 0.622019
419 -2.541043 0.748119 0.561729
420 -2.334353 0.781619 0.015108
421 -2.515429 0.753636 0.562246
422 -2.095599 0.785249 -0.005562
423 -2.064843 0.602411 -0.006177
424 -2.605602 0.662682 0.952008
425 -1.70499 0.782458 -0.002434
426 -1.644227 0.452498 0.014196
427 -1.674983 0.452262 0.014572
428 -2.961874 0.125266 0.682301
429 -2.186121 0.721393 0.01546
430 -2.964253 0.302667 0.682065
431 -2.390724 0.90232 0.562346
432 -2.75481 0.212207 -0.007409
433 -2.153702 0.720574 0.015421
434 -2.900901 0.066482 0.321238
435 -2.511611 -0.234117 0.322337
436 -2.994186 0.272299 0.652203
437 -1.645298 0.362049 -0.002736
438 -2.271899 -0.416355 0.262145
439 -2.094916 0.813071 -0.005417
440 -1.25677 0.632963 0.000899
441 -2.597773 0.687671 0.232777
442 -2.335766 0.844662 -0.006808
443 -2.540449 0.748344 0.292264
444 -2.333866 0.809575 0.01585
445 -2.005399 1.111743 0.015405
446 -2.54118 0.748497 0.531893
447 -2.567386 0.744983 0.532224
448 -2.626494 0.684721 0.563235
449 -2.810219 0.477499 0.231765
450 -2.395265 0.842219 -0.006748
451 -1.70539 0.752066 0.014359
452 -2.064014 1.233292 -0.001934
453 -2.492014 1.074249 0.350483
454 -2.877721 0.088032 0.682188
455 -2.753581 0.211973 -0.030616
456 -2.540419 0.748581 0.232387
457 -2.27307 0.931938 -0.029789
458 -1.644767 0.872122 -0.002665
459 -2.57099 0.718705 0.562011
460 -2.48899 1.048844 0.562497
461 -2.724436 0.242717 -0.006836
462 -1.826902 1.020702 -0.002492
463 -2.540617 0.748546 0.262191
464 -2.510836 0.777214 0.321882
465 -2.901323 0.066163 0.291631
466 -2.366836 0.844318 -0.007331
467 -2.515581 1.051368 0.561842
468 -2.064668 0.662177 -0.006651
469 -2.575839 0.693182 0.561859
470 -2.965885 1.531357 0.322036
471 -2.515749 0.753453 0.202069
472 -1.974289 1.111687 -0.00107
473 -2.756586 0.51407 0.652219
474 -2.60017 0.688459 0.562507
475 -2.93742 1.528645 0.38154
476 -1.617475 0.242795 -0.00462
477 -2.904255 0.362446 0.65223
478 -2.094239 0.810507 -0.029553
479 -2.515135 0.753302 0.532188
480 -2.545568 0.723515 0.562071
481 -2.516356 0.75368 0.291881
482 -2.032895 0.783339 0.016496
483 -2.569684 0.718485 0.232125
484 -1.616667 0.243737 0.014317
485 -2.910139 0.337711 0.682152
486 -2.630309 0.658425 0.382065
487 -2.60571 0.662841 0.351895
488 -2.636248 0.633822 0.622034
489 -1.674723 0.842292 -0.002049
490 -1.644763 0.212649 -0.00231
491 -2.939645 0.306861 0.682017
492 -2.570403 0.718609 0.322194
493 -2.605835 0.663933 0.712189
494 -2.630037 0.658528 0.352289
495 -2.545826 0.72315 0.531948
496 -2.575942 0.693331 0.592231
497 -2.754291 0.512267 0.261937
498 -2.155005 0.784136 -0.006137
499 -2.779211 0.50737 0.261721
500 -2.035145 1.201986 0.016123
501 -1.705733 0.782531 0.014067
502 -2.879983 0.087592 0.322126
503 -1.643791 0.242659 -0.003213
504 -2.565175 0.742445 0.261068
505 -2.757832 1.319665 0.682134
506 -2.780061 0.50767 0.232227
507 -2.602213 0.689921 0.711912
508 -2.625598 0.685007 0.683698
509 -2.184836 0.782582 -0.005935
510 -2.930564 0.358259 0.652022
511 -2.605861 0.66322 0.381973
512 -2.934969 0.332759 0.682008
513 -2.935084 0.332495 0.652166
514 -2.880411 0.368075 0.651744
515 -2.659307 0.627305 0.322567
516 -2.598366 0.686956 0.202396
517 -2.212866 0.752091 -0.029723
518 -2.605516 0.662878 0.322002
519 -2.511777 -0.234003 0.292355
520 -2.816736 1.380735 0.262259
521 -2.570798 0.718225 0.532186
522 -2.062841 0.661764 -0.028963
523 -2.602205 0.689578 0.682178
524 -2.576057 0.69305 0.682204
525 -2.184505 0.780985 -0.030104
526 -2.185752 0.753477 -0.02991
527 -2.372169 0.928684 0.261926
528 -2.754591 0.511945 0.232186
529 -1.615297 0.272038 -0.002985
530 -2.037958 0.662842 -0.029454
531 -2.515951 0.753275 0.262089
532 -2.453996 -0.266958 0.292114
533 -2.032831 0.781285 -0.003585
534 -1.553412 0.24225 -0.001692
535 -2.3923 0.933163 0.232058
536 -2.42297 1.082452 -0.02863
537 -2.034566 1.262253 -0.001416
538 -1.974752 1.232178 -0.001401
539 -2.628998 0.657599 0.322493
540 -1.644631 0.451977 -0.001776
541 -2.909976 0.337142 0.651989
542 -2.664372 0.242831 -0.006916
543 -2.90113 0.065958 0.862493
544 -2.810074 0.477558 0.291835
545 -2.569938 0.718124 0.202314
546 -2.005554 1.143063 -0.001764
547 -2.394409 0.841938 -0.030959
548 -2.184919 1.202673 0.016771
549 -2.274691 0.932373 -0.004843
550 -2.547591 0.696043 0.56218
551 -2.545628 0.722944 0.232072
552 -2.479523 0.807628 0.322032
553 -2.661359 0.628722 0.592217
554 -2.449745 0.836882 0.321955
555 -2.063533 0.603131 -0.028842
556 -2.901127 0.06797 0.652538
557 -2.214767 0.96233 -0.00469
558 -2.004758 0.694071 -0.004794
559 -2.724956 0.241227 -0.030641
560 -2.593772 0.714187 0.204094
561 -2.272422 -0.416624 0.292088
562 -2.877161 0.087978 0.651889
563 -2.868932 0.416967 0.231835
564 -2.536898 0.77405 0.532635
565 -2.213642 0.779798 -0.029624
566 -2.59667 0.713366 0.562957
567 -2.66484 0.272646 -0.006357
568 -2.89997 0.388104 0.652606
569 -2.035489 0.692919 -0.005639
570 -2.064231 1.171965 -0.001464
571 -1.554939 0.273204 -0.001164
572 -2.334658 0.782231 -0.004801
573 -2.783537 0.481357 0.29226
574 -2.574078 0.69194 0.202308
575 -2.843111 0.421651 0.23208
576 -2.634488 0.632535 0.32201
577 -2.510275 0.777682 0.532401
578 -2.57189 0.720083 0.682132
579 -2.004822 -0.147475 -0.004725
580 -2.366202 0.842069 -0.030948
581 -2.515662 -0.20911 0.322076
582 -2.034544 -0.177715 -0.029385
583 -2.515786 0.753537 0.231858
584 -2.034823 -0.177632 -0.004936
585 -2.540001 -0.231204 0.322166
586 -2.004951 -0.117563 -0.004586
587 -2.81371 0.451271 0.32233
588 -2.545906 0.72352 0.322033
589 -2.094584 -0.0877 -0.005586
590 -2.934739 0.331856 0.231801
591 -2.429187 0.98724 0.531937
592 -2.25299 -0.442046 0.862217
593 -2.906863 0.33525 0.232101
594 -2.635742 0.633517 0.592076
595 -2.613944 -0.920211 0.381746
596 -2.634691 0.272982 0.014699
597 -2.455074 0.812492 0.322045
598 -2.27337 -0.448628 0.862214
599 -2.57466 0.692132 0.232074
600 -2.183039 -0.570909 0.014476
601 -2.940119 0.30708 0.922388
602 -2.880721 0.367791 0.681869
603 -2.064228 1.142564 0.016969
604 -2.660893 0.628842 0.622088
605 -2.549787 0.695822 0.231513
606 -2.635127 0.242412 0.01478
607 -2.00448 -0.147552 0.012418
608 -2.635015 -0.118345 0.262367
609 -2.901334 0.067016 0.681676
610 -1.554185 0.273543 0.014718
611 -1.551802 0.242518 0.014959
612 -2.603582 0.661767 0.232379
613 -2.252354 -0.423151 0.861913
614 -2.638193 1.198667 0.682099
615 -2.969223 0.277019 0.651881
616 -2.993186 0.154269 0.952097
617 -2.480887 0.80907 0.802042
618 -2.480825 -0.263226 0.292096
619 -2.542809 0.749286 0.741984
620 -2.634295 0.242861 -0.006954
621 -2.515503 0.753593 0.322173
622 -2.904202 0.243432 -0.008986
623 -2.729369 0.517135 0.832541
624 -2.576046 0.693179 0.712079
625 -2.546353 0.723461 0.291954
626 -2.216246 0.904159 -0.029567
627 -2.065259 -0.807239 -0.00121
628 -2.540774 0.748546 0.322115
629 -2.421456 0.842086 -0.030054
630 -2.815741 0.453546 0.892343
631 -2.694977 0.242726 -0.030421
632 -2.03446 1.172405 0.01671
633 -2.960936 0.329081 0.952064
634 -2.754976 0.241673 -0.030159
635 -2.935166 0.333155 0.982118
636 -2.094981 -0.836788 -0.001085
637 -2.126677 -0.8674 -0.029234
638 -2.390917 -0.351304 0.261803
639 -2.481083 0.80794 0.951722
640 -2.754984 0.513399 0.832176
641 -2.965346 0.302786 0.862017
642 -2.959277 0.328156 0.652253
643 -2.064663 -0.807205 0.012674
644 -2.064767 -0.057633 -0.005514
645 -2.964523 0.302385 0.92205
646 -2.571803 0.719127 0.951896
647 -2.96487 0.302666 0.831935
648 -2.576188 0.693751 0.772275
649 -2.30128 -0.48049 0.862188
650 -2.335265 -0.358712 0.891856
651 -2.064817 -0.837357 -0.001296
652 -2.631333 0.658669 0.951949
653 -2.570229 0.718323 0.292303
654 -2.296613 -0.451586 0.862325
655 -2.517106 1.079545 0.802084
656 -2.185008 -0.987761 -0.001028
657 -2.452985 -0.265875 0.831956
658 -2.244311 0.961842 -0.029595
659 -2.575331 0.693171 0.322001
660 -2.394323 0.872038 0.892383
661 -2.961758 0.125923 0.832021
662 -2.12499 1.262961 0.017389
663 -2.392748 -0.325435 0.952345
664 -2.214569 0.782038 -0.005987
665 -2.851077 0.398209 0.862507
666 -2.215251 -0.598321 -0.004354
667 -2.510994 0.778849 0.861702
668 -2.729981 1.317175 0.681465
669 -2.934926 0.332795 0.922316
670 -2.841577 0.449179 0.891793
671 -2.510744 0.777977 0.77181
672 -2.93547 0.333201 0.951943
673 -2.036093 0.691611 -0.029426
674 -2.564648 0.742743 0.294237
675 -2.998087 0.178761 0.951476
676 -2.990527 0.298696 0.832206
677 -2.565311 0.74397 0.231352
678 -2.545493 0.723105 0.262037
679 -2.660206 -0.141842 0.292465
680 -2.282151 -0.470824 0.862041
681 -2.787849 0.455007 0.321902
682 -2.360439 -0.353065 0.261712
683 -2.876067 0.393497 0.862082
684 -1.704136 0.452797 -0.002866
685 -2.846022 0.42365 0.892434
686 -2.12425 1.112158 0.016463
687 -2.394687 0.872329 0.292329
688 -1.824657 0.991257 0.014228
689 -2.847385 0.394689 0.262174
690 -2.905147 0.362929 0.68206
691 -2.454721 0.812217 0.262141
692 -2.094218 -0.838362 0.012794
693 -2.758144 0.485525 0.262284
694 -2.968546 0.276955 0.862534
695 -2.184238 0.872092 0.015009
696 -2.063918 -0.838594 0.013268
697 -2.910099 0.337645 0.981429
698 -2.60659 -1.078295 -0.001442
699 -2.124911 -0.868033 0.012689
700 -2.515717 1.050795 0.951971
701 -2.81956 0.428174 0.892164
702 -2.968776 0.276518 0.682317
703 -2.784253 0.481799 0.321979
704 -2.783621 0.482 0.262104
705 -2.45505 0.81247 0.801976
706 -2.452567 -0.266053 0.861919
707 -2.454988 0.812994 0.232114
708 -2.783773 0.48191 0.232156
709 -1.466109 0.092625 -0.002376
710 -2.60645 0.664231 0.771985
711 -2.578475 1.138558 0.682019
712 -2.574783 0.692549 0.261864
713 -2.519631 0.727376 0.231965
714 -2.665083 0.602554 1.041929
715 -2.606323 0.663903 0.682077
716 -2.907056 0.335227 0.262112
717 -2.605946 0.663938 0.591925
718 -1.466409 0.092902 0.013539
719 -2.517603 0.725078 0.561753
720 -2.12482 -0.867486 -0.000641
721 -2.034661 -0.147729 -0.004841
722 -2.603983 0.661956 0.262263
723 -2.914245 0.310791 0.680497
724 -2.876157 0.393435 0.922106
725 -2.575866 0.693509 0.802004
726 -2.576093 0.663941 1.131532
727 -1.674752 0.812511 0.014421
728 -2.035372 -0.927504 0.013199
729 -2.245627 0.901752 0.014563
730 -2.035071 1.112269 0.016804
731 -2.21585 -0.56883 0.013634
732 -1.675185 0.812686 -0.002299
733 -2.488233 1.048588 0.951983
734 -1.91485 -0.417868 -0.000668
735 -2.634362 0.632769 0.352261
736 -2.843945 0.421191 0.262079
737 -2.481037 -0.262906 0.322533
738 -2.637071 0.605223 1.072144
739 -2.002838 0.662999 0.018245
740 -2.094679 1.111561 0.04345
741 -2.064357 -0.95764 -0.000795
742 -2.663076 -0.1151 0.262082
743 -2.394506 -1.257396 0.00114
744 -2.298747 -0.482018 0.682579
745 -2.688892 -0.96167 0.38271
746 -2.606491 0.664288 0.80197
747 -1.734344 0.692112 0.014582
748 -2.214795 -1.017235 -0.000851
749 -2.875619 0.393687 0.952118
750 -2.990688 0.298015 0.68217
751 -2.638729 -0.093952 0.951667
752 -2.216091 -0.596624 -0.031335
753 -2.996331 0.179633 0.922041
754 -2.034493 -0.927964 -0.000867
755 -2.368454 0.873212 0.771613
756 -2.184602 -0.567425 -0.0062
757 -2.29804 -0.482524 0.652686
758 -2.184522 -1.077262 -0.000598
759 -2.969031 0.276593 0.921873
760 -2.485385 -0.23892 0.952034
761 -2.094431 1.11184 0.016655
762 -1.97478 -0.538292 -0.002203
763 -1.465114 0.002713 -0.001429
764 -2.52053 1.107084 0.622393
765 -2.96116 0.329284 0.982017
766 -2.635298 -1.076689 -0.000805
767 -2.21687 -0.567264 -0.007437
768 -2.994437 0.272601 0.682075
769 -2.628526 0.655769 0.232497
770 -2.940059 0.306716 0.862014
771 -2.18476 -0.05772 -0.006374
772 -2.661443 -0.114135 0.381698
773 -2.604445 -1.08056 0.01632
774 -2.809275 0.477549 0.322162
775 -2.841504 0.449115 0.922003
776 -2.459382 1.017621 0.622654
777 -2.6321 0.659375 0.802351
778 -2.601475 0.688952 0.592142
779 -2.900247 0.388418 0.682018
780 -2.244672 -0.59684 -0.005092
781 -2.930073 0.357569 0.682512
782 -2.305049 0.781324 0.015484
783 -2.661204 0.628457 1.042071
784 -2.960097 0.327846 0.682027
785 -2.925644 0.382529 0.653427
786 -2.480576 0.807178 0.291795
787 -2.545023 0.722707 0.202275
788 -2.601594 0.689598 0.861811
789 -2.66125 0.628175 1.071661
790 -2.184382 -0.598321 0.013414
791 -2.663096 0.629958 0.891922
792 -2.517886 0.725554 0.531957
793 -2.518543 0.726195 0.291966
794 -2.605841 0.664015 0.562052
795 -2.368927 0.874784 0.292128
796 -2.427597 0.814574 0.321831
797 -2.304449 0.782346 -0.004881
798 -2.368239 0.87324 0.892383
799 -2.578752 0.665825 0.231741
800 -2.518564 0.726678 0.26244
801 -2.578398 0.666256 0.562287
802 -2.487746 0.755957 0.322017
803 -2.517458 0.725584 0.742194
804 -2.637931 0.605638 1.042011
805 -2.608006 0.635565 0.591978
806 -2.607878 0.635107 0.622498
807 -2.635318 -0.927336 0.352079
808 -2.454867 0.812735 0.292082
809 -2.547655 0.695517 0.681899
810 -2.396375 0.844323 0.772354
811 -2.87582 0.39341 0.832002
812 -2.904776 0.092905 0.681962
813 -2.459739 0.758726 0.32217
814 -2.395132 0.872823 0.741804
815 -2.69457 0.571924 0.231907
816 -2.425282 0.842585 0.771825
817 -2.631219 0.658964 0.592177
818 -2.518188 0.726031 0.322315
819 -2.664456 0.181822 -0.007301
820 -2.663976 0.601771 0.232067
821 -2.656655 -0.932967 0.322196
822 -2.844082 0.421394 0.322084
823 -2.784343 0.48163 0.351995
824 -2.821025 0.39803 0.262325
825 -2.521448 0.699574 0.232672
826 -2.904366 0.09269 0.652311
827 -2.956611 0.352655 0.650592
828 -2.364792 0.87115 -0.030699
829 -2.572374 0.719572 0.771853
830 -2.870859 0.419024 0.951763
831 -2.39314 0.868792 -0.031304
832 -2.124567 -0.837281 -0.001331
833 -2.726382 0.543186 0.831911
834 -2.214629 0.812529 -0.005316
835 -2.694864 0.18158 -0.00789
836 -2.535769 0.772845 0.321351
837 -2.631306 0.658761 0.622092
838 -2.868017 0.444208 0.891784
839 -2.963712 0.301854 0.382204
840 -1.584719 0.27284 -0.002036
841 -2.309055 -0.361318 0.891827
842 -2.037458 -0.597985 -0.004448
843 -2.808564 0.476904 0.352199
844 -2.657183 -0.933939 0.3521
845 -2.515486 0.753405 0.352157
846 -2.299941 -0.412016 0.322055
847 -1.974643 -0.536802 0.01186
848 -2.485084 0.782705 0.322251
849 -2.035808 -0.566812 -0.005023
850 -2.062897 0.690035 -0.029048
851 -3.024179 0.183297 0.922151
852 -2.659696 0.627664 0.352008
853 -2.663533 0.601556 0.262311
854 -2.933825 0.331928 0.262272
855 -2.662781 0.630008 0.921954
856 -2.666071 0.604072 0.921996
857 -2.81533 0.453271 0.922102
858 -2.930915 0.358622 0.982435
859 -2.901596 0.389101 0.862051
860 -2.750156 0.538282 0.832438
861 -1.61533 0.21237 -0.002348
862 -1.674102 0.752415 0.014896
863 -2.689181 0.596463 0.231916
864 -2.475403 0.833085 0.326399
865 -2.274561 0.782176 0.015778
866 -2.990501 0.298635 0.861806
867 -2.578112 0.66583 0.681689
868 -2.659704 -0.959532 0.381997
869 -1.49445 0.00198 -0.000421
870 -2.875704 0.393052 0.682144
871 -2.991366 0.29858 0.382091
872 -2.636953 0.605858 0.922413
873 -2.627786 -0.90322 0.352373
874 -2.456188 0.783497 0.952106
875 -2.961302 0.328876 0.832464
876 -1.973993 0.602654 0.016779
877 -2.366479 -0.566977 0.862006
878 -2.275062 0.751956 0.015899
879 -2.6452 -0.949102 0.862064
880 -2.665171 -0.957467 0.861996
881 -2.490729 0.728757 0.56222
882 -2.394243 0.932476 0.952173
883 -2.845518 0.423439 0.922233
884 -2.576796 0.664548 0.862475
885 -2.485827 0.753813 0.862342
886 -2.245534 0.81126 -0.02879
887 -2.598026 0.715958 0.682255
888 -2.80976 0.477648 0.261915
889 -2.657194 0.654372 0.621272
890 -1.944632 1.083449 0.042712
891 -1.553712 0.211246 0.013808
892 -2.428776 0.987792 0.562249
893 -1.615344 0.21048 0.013847
894 -2.688883 0.59655 0.261288
895 -2.985444 0.323273 0.682325
896 -2.904135 0.092719 0.322396
897 -2.005755 -0.926448 0.013154
898 -2.064233 -0.597563 -0.003416
899 -2.214167 0.812715 0.014953
900 -2.395119 -1.25751 0.015206
901 -2.627506 -0.903478 0.322084
902 -2.728574 -1.046079 0.682057
903 -2.62767 -0.903102 0.382247
904 -1.944147 1.082457 0.016637
905 -2.635452 -0.927135 0.382135
906 -2.936343 0.305258 0.292201
907 -2.964115 0.302325 0.712275
908 -2.152784 -0.569046 0.013938
909 -2.656146 0.655101 0.592705
910 -2.628566 0.656175 0.262681
911 -2.991491 0.298786 0.922297
912 -2.96092 0.329074 0.921946
913 -1.973851 0.632053 -0.004007
914 -2.425062 -1.227517 0.014873
915 -2.567058 0.74569 0.561914
916 -2.214042 -0.599486 0.013689
917 -1.466672 0.001795 0.013854
918 -2.214614 0.783256 0.015368
919 -2.966668 0.27504 0.38204
920 -2.686976 0.624408 1.041011
921 -2.036434 -0.599381 0.011419
922 -2.564806 0.742656 0.323066
923 -2.635875 0.633554 0.652265
924 -2.637942 0.605325 0.35203
925 -2.244951 0.812168 -0.005408
926 -2.685003 0.624668 1.071851
927 -2.87328 0.391376 0.261985
928 -2.991332 0.298209 0.711797
929 -2.938173 0.305098 0.262182
930 -1.794418 0.692413 -0.002645
931 -2.848009 0.395371 0.352259
932 -2.873434 0.391494 0.291944
933 -2.76178 0.458675 0.292847
934 -2.215326 0.871631 0.014746
935 -2.429205 0.788038 0.350992
936 -2.335409 0.991354 0.016049
937 -2.729336 0.516986 0.862325
938 -1.974853 -0.563232 -0.004668
939 -2.657231 -0.933063 0.262456
940 -2.852049 0.369297 0.292158
941 -2.961077 0.329095 0.261546
942 -2.214773 -1.017509 0.013565
943 -1.944425 -0.387803 0.012855
944 -2.578387 0.666273 0.711704
945 -2.577384 0.665628 0.592155
946 -2.747537 -1.052678 0.322018
947 -2.939819 0.306866 0.712039
948 -2.244333 -0.567675 -0.005711
949 -2.639589 -0.924472 0.891954
950 -2.777121 -1.113141 0.382416
951 -2.960367 0.32855 0.232791
952 -2.806919 -1.144584 0.352293
953 -2.967145 0.274883 0.262006
954 -2.667878 0.574924 0.351961
955 -2.876915 0.364819 0.352275
956 -2.663511 0.212289 0.015157
957 -2.687405 -0.992984 0.682214
958 -2.762258 0.459479 0.321222
959 -1.644297 0.271691 -0.002963
960 -2.480349 0.807074 0.262164
961 -2.747859 -1.052845 0.292371
962 -2.546898 0.69507 0.802245
963 -2.245122 0.961892 -0.005178
964 -2.184604 -0.327583 -0.005077
965 -2.969801 0.276494 0.981411
966 -2.124894 -0.38764 -0.004296
967 -2.548912 0.696475 0.321882
968 -2.994097 0.272384 0.982098
969 -2.365312 1.022119 -0.00502
970 -2.627957 -0.903575 0.262078
971 -2.692917 0.571181 0.352418
972 -2.515368 0.752971 0.801954
973 -1.913881 -0.388055 0.01308
974 -2.609108 0.635707 0.261551
975 -2.094576 -0.8677 0.013052
976 -2.814126 0.451023 0.261893
977 -2.064505 -0.087745 0.012675
978 -2.334285 1.022859 0.015327
979 -2.005398 -0.957488 -0.002031
980 -3.021196 0.267883 0.652438
981 -2.901204 0.386959 0.262465
982 -1.941815 -0.567725 0.012394
983 -2.718871 0.567571 0.231615
984 -1.974511 0.662141 0.016051
985 -2.634334 0.272182 -0.00663
986 -1.944232 -0.565635 -0.002584
987 -2.064503 -0.927821 -0.000191
988 -2.41752 0.899639 0.773548
989 -2.627153 0.684971 0.382078
990 -2.628601 0.685861 0.77227
991 -2.903928 0.361564 0.322188
992 -2.546533 0.694381 0.952167
993 -2.693298 0.570923 0.32203
994 -2.897612 0.414231 0.951
995 -2.760269 -1.104097 0.381738
996 -2.997932 0.245611 0.291968
997 -2.634837 -0.927512 0.29206
998 -2.968894 0.27708 0.712144
999 -2.57504 0.692722 1.160701
1000 -2.844015 0.42167 0.352068
1001 -2.957732 0.35549 0.981478
1002 -2.514637 0.752476 1.161033
1003 -2.454707 0.812427 1.160865
1004 -2.539847 0.747658 1.161305
1005 -2.628544 0.685758 0.952024
1006 -2.457358 0.785816 0.321902
1007 -2.184195 -0.599547 -0.003229
1008 -1.88472 -0.417179 0.012867
1009 -2.724279 -1.047532 0.292028
1010 -2.869871 0.417085 0.322363
1011 -2.934832 0.332646 0.712067
1012 -2.605075 0.662317 1.131242
1013 -2.597828 0.715635 0.771913
1014 -3.017478 0.293805 0.652053
1015 -2.42737 0.814543 0.262114
1016 -2.280991 -0.472777 0.681729
1017 -2.957025 0.356287 0.231425
1018 -2.96478 0.301722 0.26218
1019 -2.367304 -0.33036 0.95161
1020 -2.926761 0.38379 0.319861
1021 -3.021648 0.26887 0.292101
1022 -2.4584 0.785648 1.161285
1023 -2.731293 0.487179 0.262697
1024 -2.582316 0.63749 0.2624
1025 -2.513052 -0.234466 0.952021
1026 -2.850879 0.397642 0.952044
1027 -2.364463 1.021765 -0.03033
1028 -2.876593 0.364952 0.322051
1029 -2.608307 -0.895397 0.382085
1030 -2.991318 0.298781 0.352128
1031 -2.614325 0.609867 0.350776
1032 -1.914069 -0.417908 0.013133
1033 -2.989896 0.297985 0.232182
1034 -2.9906 0.298754 0.951763
1035 -2.756709 0.485224 0.382172
1036 -2.93142 0.358611 0.231844
1037 -2.90073 0.387507 0.322153
1038 -2.657203 -0.933688 0.292692
1039 -2.659021 -0.960075 0.231895
1040 -2.269487 -0.4506 0.352419
1041 -2.390136 -0.600736 0.292166
1042 -2.627384 -0.903563 0.232233
1043 -2.297499 -0.483156 0.232655
1044 -2.779471 0.506899 0.382114
1045 -2.449423 0.837215 0.261933
1046 -2.961135 0.329327 0.861832
1047 -2.094714 1.23256 -0.001533
1048 -2.613628 -0.920238 0.322183
1049 -2.36518 0.873169 -0.005884
1050 -2.694591 0.272391 -0.006214
1051 -2.6937 0.271752 -0.028898
1052 -2.572236 0.719307 0.802076
1053 -2.274604 0.752376 -0.004945
1054 -2.396996 1.74281 0.000456
1055 -2.335152 1.022023 -0.004434
1056 -2.598502 -0.87213 0.232154
1057 -2.369041 0.902037 0.562326
1058 -2.693685 0.571342 0.262029
1059 -2.904937 0.362833 0.712119
1060 -2.788062 0.455211 0.291871
1061 -2.847723 0.39518 0.321716
1062 -2.847378 0.394949 0.232019
1063 -2.697728 0.545814 0.232206
1064 -2.552297 0.669336 0.231893
1065 -2.64132 0.57834 0.263041
1066 -2.516357 0.724271 1.16092
1067 -1.944888 -0.387572 -0.002055
1068 -2.760767 0.459019 0.262352
1069 -2.85064 0.368838 0.261558
1070 -2.758475 0.48595 0.231883
1071 -2.665276 0.603151 1.012278
1072 -2.580001 -0.864357 0.23192
1073 -2.787369 0.454684 0.262504
1074 -2.880929 0.368255 0.712054
1075 -2.581683 0.640271 0.383706
1076 -2.638311 0.606392 0.591735
1077 -2.607333 0.635255 0.232122
1078 -2.936011 0.333376 0.831867
1079 -2.094811 -0.057703 -0.005603
1080 -1.972692 0.66027 -0.029599
1081 -2.368083 0.874745 0.531858
1082 -2.395266 0.872883 0.532013
1083 -1.974559 0.602644 -0.004464
1084 -1.94473 -0.357545 -0.002415
1085 -2.697587 0.545639 0.26254
1086 -2.930097 0.358148 0.712189
1087 -2.549686 0.696427 0.261871
1088 -2.582895 0.64054 0.351985
1089 -2.368297 0.874575 0.562335
1090 -2.2774 -0.474573 0.352034
1091 -2.609174 0.636426 0.382073
1092 -1.764544 0.662347 0.014708
1093 -2.424807 1.742526 0.015992
1094 -2.607838 0.635206 0.801819
1095 -2.427262 0.814397 0.292058
1096 -2.551207 0.669029 0.562613
1097 -2.609482 0.635709 0.351886
1098 -2.430219 0.788905 0.292041
1099 -2.514818 0.752604 0.861894
1100 -2.366084 1.622102 0.044807
1101 -2.636975 0.605736 0.622444
1102 -2.612316 0.609533 0.621135
1103 -2.910328 0.337418 0.711798
1104 -2.368169 0.874039 0.65201
1105 -2.822541 0.39938 0.350611
1106 -2.365983 1.021765 0.015067
1107 -2.724216 0.272117 -0.005918
1108 -2.877017 0.365122 0.261943
1109 -2.899976 0.388058 0.712399
1110 -2.307474 -0.506422 0.351782
1111 -2.457503 0.786202 0.262083
1112 -2.937501 0.304933 0.381894
1113 -1.944399 -0.357715 0.012604
1114 -2.935032 0.333144 0.862271
1115 -2.671062 0.549182 0.291766
1116 -2.28478 -0.498661 0.680987
1117 -2.251681 -0.445919 0.38215
1118 -2.367581 0.873693 0.742179
1119 -2.370631 -0.593174 0.292071
1120 -2.52307 -0.800699 0.261871
1121 -2.299487 -0.482002 0.712285
1122 -2.908233 0.306354 0.262288
1123 -2.395512 0.872664 0.561993
1124 -2.667642 0.575271 0.262261
1125 -2.284251 -0.501283 0.260973
1126 -2.489094 0.72825 0.862106
1127 -2.457264 0.785545 0.292472
1128 -2.274714 -0.777746 -0.001295
1129 -2.49228 0.729686 0.351881
1130 -2.939995 0.27759 0.26186
1131 -2.035057 0.571498 0.015855
1132 -2.520623 0.698554 0.562571
1133 -2.514764 -0.208161 0.682069
1134 -2.244791 -0.777784 0.015388
1135 -2.580121 -0.864282 0.261964
1136 -2.521782 0.70057 0.32209
1137 -2.269091 -0.450731 0.382176
1138 -2.398882 0.816035 0.771908
1139 -2.276383 -0.476509 0.232024
1140 -2.24473 -0.7478 0.015653
1141 -2.368771 0.846333 0.771667
1142 -2.274375 -0.747752 -0.001513
1143 -2.185499 -0.535926 -0.007209
1144 -2.489903 0.728481 0.801989
1145 -2.184649 -0.957567 0.014021
1146 -2.671176 0.548485 0.352254
1147 -2.064636 -0.867024 0.013155
1148 -2.642762 -0.952928 0.351811
1149 -1.915139 -0.387358 -0.000991
1150 -2.940416 0.276672 0.382386
1151 -2.54295 -0.808921 0.262315
1152 -2.065187 -0.927862 0.013188
1153 -2.461421 -0.713027 0.291401
1154 -2.635255 -0.927567 0.322062
1155 -2.725987 -1.166457 -0.00087
1156 -2.305079 -1.106484 0.000378
1157 -2.573386 -1.078592 0.016121
1158 -2.368668 0.846283 0.562165
1159 -2.397342 0.845105 0.561933
1160 -2.367794 0.846456 0.74222
1161 -2.455946 -0.836709 -0.004723
1162 -2.642673 -0.953272 0.291919
1163 -2.794398 -1.159478 0.351867
1164 -2.64534 -0.979729 0.382434
1165 -2.184805 -0.958261 -0.000724
1166 -2.732941 -1.071676 0.38164
1167 -2.613697 -0.920444 0.262163
1168 -2.634445 -0.927793 0.262128
1169 -2.942642 0.280674 0.682575
1170 -2.551397 -0.831951 0.261936
1171 -2.717324 -1.024129 0.292158
1172 -2.745873 -1.054105 0.682471
1173 -2.581292 -0.863278 0.382011
1174 -2.687909 -0.992834 0.712364
1175 -2.734769 -1.06913 0.681628
1176 -2.749512 -1.080918 0.38231
1177 -2.724522 -1.047328 0.352131
1178 -2.777176 -1.113851 0.352265
1179 -2.700771 -1.010919 0.861985
1180 -2.732227 -1.043505 0.862064
1181 -2.601337 -0.869604 0.862168
1182 -2.658753 -0.959957 0.262303
1183 -2.598769 -0.871835 0.262262
1184 -2.696037 -1.015692 0.382001
1185 -2.671292 -0.983784 0.681976
1186 -2.755566 -1.226698 8.1e-05
1187 -2.364597 -0.567739 0.831994
1188 -2.510693 -0.750687 0.891919
1189 -2.638735 0.577163 1.041721
1190 -2.542955 -0.808926 0.23218
1191 -2.596305 -0.843725 0.232707
1192 -2.339986 0.844964 0.562384
1193 -2.274352 -0.418715 0.862015
1194 -2.244695 -0.807223 0.014219
1195 -2.758194 -1.105415 0.262048
1196 -2.724939 -1.164645 0.013134
1197 -2.544643 -0.807645 0.382212
1198 -2.579159 0.637659 1.132153
1199 -2.583958 -0.85992 0.921616
1200 -2.725688 -1.230755 0.015101
1201 -2.25287 -0.442026 0.891846
1202 -2.642809 -0.953518 0.26205
1203 -2.393587 -0.598186 0.952216
1204 -2.295509 -0.454031 0.682059
1205 -2.546368 -0.806719 0.862085
1206 -2.575238 0.663469 1.161399
1207 -2.645307 -0.978827 0.26108
1208 -2.271379 -0.4495 0.712031
1209 -2.274885 -0.747455 0.015957
1210 -2.537234 -0.784341 0.231855
1211 -2.550662 0.668567 1.160207
1212 -2.519532 0.697594 1.161126
1213 -2.690857 -0.989895 0.862095
1214 -2.746172 -1.054391 0.653222
1215 -2.489258 0.727099 1.160981
1216 -1.91515 -0.357463 -0.001369
1217 -2.25096 -0.421093 0.652045
1218 -2.253356 -0.441529 0.801852
1219 -2.252495 -0.443668 0.652143
1220 -2.274671 -0.777763 0.015491
1221 -2.764738 -1.129051 0.381564
1222 -2.252832 -0.441131 0.951834
1223 -2.243943 -0.538738 -0.02899
1224 -2.251705 -0.424833 0.95245
1225 -2.42129 -0.869922 0.016338
1226 -2.571671 -0.839693 0.292152
1227 -2.305351 -1.108035 0.014261
1228 -2.272517 -0.448881 0.802159
1229 -2.000852 0.631136 -0.003991
1230 -2.422279 -0.867497 -0.002418
1231 -1.467907 0.062219 0.013413
1232 -2.064656 -0.897563 -0.000663
1233 -2.006085 0.665589 -0.029923
1234 -2.064522 -0.057925 -0.029627
1235 -1.465217 -0.028106 0.014538
1236 -2.584225 -0.889293 0.261172
1237 -2.065422 -0.957148 0.013189
1238 -2.732049 -1.072759 0.35209
1239 -2.732252 -1.072463 0.291837
1240 -2.642683 -0.953169 0.32209
1241 -2.551278 -0.832046 0.231998
1242 -2.604213 -1.107486 0.01468
1243 -2.696487 -1.015971 0.232085
1244 -2.604539 -1.108491 0.000775
1245 -2.003922 0.633127 -0.029576
1246 -1.494661 -0.027839 -0.000535
1247 -2.419676 0.898096 0.740326
