0 0.299422 0.419203 -1.750803 0.3122 0.442494 1.994941
1 0.323932 0.420956 -1.440197 0.774567 0.421321 -1.440425
2 1.155932 0.428633 -0.973523 -1.103037 0.426734 -0.973567
3 -0.214565 0.427669 -0.97002 -0.707946 0.427053 -0.975308
4 0.292647 0.430187 -0.488286 -1.212387 0.428801 -0.47646
5 -2.563059 0.410769 3.234095 1.151114 0.417965 3.236864
6 -0.230877 -0.633619 3.240806 -0.232259 -1.928073 3.236129
7 -0.691042 -0.646019 2.590683 -0.712544 -1.955462 2.609075
8 -0.260446 -0.669223 2.590203 -0.270786 -1.917503 2.596383
9 -1.205358 0.428816 -0.474805 0.283508 0.431513 -0.439843
10 1.79834 -1.953549 1.951702 0.176934 -1.957734 1.944294
11 -0.688818 0.422619 -1.955821 -0.719495 0.438441 1.314525
12 0.324255 0.421012 -1.439779 0.773639 0.423237 -1.430708
13 0.768485 0.423937 -0.98895 0.329189 0.424514 -0.988892
14 -0.710285 -1.955218 2.58626 -0.748766 -0.672509 2.590709
15 1.492437 -1.696086 1.351819 0.178467 -1.697579 1.350417
16 -1.172184 -0.645971 2.591614 -1.170919 -1.956026 2.583993
17 -1.33915 -0.670029 3.239387 -1.339465 -1.925593 3.235687
18 -0.713144 -0.671898 2.675075 -0.712159 -1.919827 2.70169
19 0.322159 0.420677 -1.487615 0.768365 0.42115 -1.439623
20 0.78634 0.423522 -2.265062 0.784054 0.432728 0.034512
21 1.5812 -1.395816 -0.546437 1.578499 -0.386615 -0.556645
22 1.798281 -0.262339 -0.892926 1.798971 -0.687583 -0.880546
23 1.798265 -0.576324 -0.203862 1.799552 -1.625155 -0.204417
24 -0.236197 -0.644972 2.620337 -1.173051 -0.648044 2.589659
25 1.798834 -0.260012 -1.641016 1.798285 -0.266301 -0.865261
26 -0.190648 0.441565 1.904949 -0.21459 0.426675 -1.295529
27 0.497484 0.418425 -1.939628 0.806791 0.424121 -1.954288
28 1.79827 0.425975 -1.480689 1.323017 0.427696 -1.476185
29 1.795769 0.438213 1.013808 1.799013 0.42163 -2.361298
30 -0.70119 0.431533 0.022407 0.813118 0.434343 0.085332
31 1.799158 -0.687659 -0.859645 1.799761 -0.692466 -1.62996
32 1.775631 -0.278032 -1.613942 1.799375 -0.688399 -1.621669
33 1.799096 -1.954841 0.320081 1.79819 -1.954772 1.925766
34 -3.134081 -1.173068 0.490986 -1.550654 -1.172859 0.500001
35 -1.208922 0.424411 -1.474427 -0.713375 0.424966 -1.451933
36 -1.732935 0.420811 -2.375013 -1.740625 0.427368 -0.93109
37 -1.192632 0.431222 0.053084 -1.188453 0.421013 -2.190461
38 -1.20911 0.422041 -1.973935 -0.308723 0.423827 -1.977466
39 -1.687251 0.421844 -1.977738 -1.672013 0.426294 -0.960799
40 -0.68879 0.420905 -2.309987 -0.690096 0.422637 -1.962548
41 -1.723429 0.418812 -1.488594 -1.745098 0.422609 -1.929715
42 -0.687369 -1.955604 2.588203 -0.692851 -0.663987 2.590103
43 -3.199656 -0.193826 -1.370826 -3.199592 -0.776352 -1.369781
44 -1.551728 -1.176887 1.345824 -1.580793 -1.962162 1.34354
45 -1.188171 0.424386 -1.482558 -0.294875 0.425297 -1.451066
46 -1.203642 0.436306 2.059347 -2.218373 0.440043 2.008254
47 -0.691434 0.424771 -1.477649 -0.300717 0.425615 -1.451232
48 -2.139622 0.425687 -0.990277 -2.142359 0.42182 -1.939955
49 0.298717 0.432437 0.01883 0.800666 0.433001 0.023788
50 0.77316 0.430509 0.565609 -0.699773 0.433744 0.512568
51 0.303217 0.432114 1.011258 -0.700076 0.435986 1.022232
52 1.798416 0.427607 -1.177705 1.796546 0.437797 1.194477
53 1.775588 -0.291394 -0.938643 1.782091 -0.650696 -0.93689
54 0.672975 -1.161823 1.343403 1.383654 -1.203489 1.349518
55 1.798391 -1.947797 1.385359 1.797581 -1.17783 1.434557
56 1.515876 -1.594723 1.320972 1.555073 -1.062368 1.347023
57 -1.546878 -1.962073 1.276491 -1.551772 -1.165601 1.288916
58 -1.550998 -1.665781 1.265555 -1.555199 -1.70298 0.517874
59 -1.188679 0.431195 0.0413 -1.188965 0.427866 -0.767665
60 -1.713433 0.428216 -0.453619 -1.713163 0.436483 1.317217
61 -3.201991 -0.704325 1.007443 -3.201185 -0.705946 0.309181
62 -2.169058 0.420842 -0.990476 -2.09036 0.420672 -1.940115
63 -0.688904 0.424867 -1.48412 -0.688409 0.423882 -1.675925
64 -0.719979 0.427043 -0.974451 -1.077722 0.426823 -0.97272
65 -2.176661 0.418345 -1.494464 -2.189744 0.416312 -1.929993
66 -3.198133 -1.908513 0.158641 -3.198995 -1.913951 -1.049999
67 -3.199273 -1.90849 0.165157 -3.198918 -1.914772 -1.268215
68 -1.555339 -1.1681 0.491719 -1.551423 -1.165308 1.286925
69 0.190395 -1.958107 1.740737 1.621201 -1.95715 1.779356
70 0.795712 0.432606 1.035051 0.808482 0.430565 -0.412711
71 0.289511 0.439135 1.520403 -0.188939 0.440071 1.553134
72 1.28859 0.426598 -1.456659 1.2877 0.428278 -0.977545
