0 0 0 0 0.5 0 0 0
1 -2.30683 -2.33615 1.94467 0.938895 0.0592757 -0.000556351 -0.33906
2 -2.31049 -2.33936 1.9424 0.938895 0.0633651 -0.000388948 -0.338321
3 -2.29938 -2.32938 1.94706 0.939814 0.0670986 -0.00457397 -0.335002
4 -2.31814 -2.3323 1.94348 0.939928 0.0649667 -0.00225508 -0.335125
5 -2.2967 -2.33247 1.951 0.939835 0.0669782 -0.00635898 -0.334937
6 -2.32962 -2.31954 1.9547 0.941288 0.0700319 -0.00124948 -0.330258
7 -2.33241 -2.32469 1.937 0.940374 0.0733335 -0.000871596 -0.332143
8 -2.33274 -2.32723 1.9497 0.939952 0.0752459 -0.00158169 -0.332906
9 -2.29801 -2.32949 1.93983 0.939693 0.0741484 -0.00902276 -0.333763
10 -2.30195 -2.32054 1.95819 0.941735 0.0778954 -0.00723325 -0.32713
11 -2.34875 -2.33888 1.90418 0.937992 0.077303 0.000528096 -0.337926
12 -2.31724 -2.33368 1.93245 0.940263 0.0787238 -0.00325002 -0.331205
13 -2.29003 -2.33917 1.92946 0.939326 0.078823 -0.00933405 -0.333716
14 -2.31698 -2.32264 1.92806 0.940039 0.0779557 -0.00545696 -0.331993
15 -2.30447 -2.32848 1.91235 0.93926 0.0789295 -0.00691958 -0.333935
16 -2.30436 -2.32677 1.92632 0.939499 0.0795404 -0.00398647 -0.333165
17 -2.31346 -2.32523 1.92545 0.939975 0.0804537 0.000994682 -0.331621
18 -2.33197 -2.32146 1.92526 0.940245 0.0810916 0.00334517 -0.330686
19 -2.32062 -2.31799 1.91758 0.939992 0.080549 0.00149698 -0.331548
20 -2.31179 -2.31556 1.91277 0.939878 0.0774236 -0.000730677 -0.332619
21 -2.312 -2.32205 1.92607 0.940018 0.0798459 -0.00148641 -0.331645
22 -2.32372 -2.31486 1.934 0.940609 0.0844149 0.000607797 -0.328828
23 -2.32776 -2.31035 1.92233 0.941022 0.0841466 0.00563063 -0.327667
24 -2.31513 -2.31633 1.9328 0.940338 0.0867879 0.00440183 -0.328957
25 -2.31785 -2.32075 1.90369 0.938777 0.083999 0.00387955 -0.334105
26 -2.28288 -2.30814 1.95929 0.942155 0.0866479 -0.00643114 -0.32372
27 -2.29068 -2.32489 1.91263 0.939264 0.0849077 -0.00756804 -0.332439
28 -2.31919 -2.29509 1.92754 0.940946 0.0823766 -0.00109082 -0.328379
29 -2.29248 -2.30322 1.92402 0.940969 0.080992 -0.00519782 -0.328619
30 -2.33134 -2.28511 1.91876 0.941103 0.0849036 0.00146796 -0.327283
31 -2.31221 -2.29089 1.93124 0.941135 0.0828946 -0.00155586 -0.327705
32 -2.3061 -2.28266 1.91845 0.941488 0.0853173 0.00147135 -0.326065
33 -2.31966 -2.27415 1.90855 0.941156 0.0845716 0.00159929 -0.327217
34 -2.2941 -2.25438 1.92449 0.942573 0.0819546 -0.00821032 -0.323686
35 -2.31264 -2.25349 1.92286 0.942799 0.0829078 -0.00205014 -0.32288
36 -2.3073 -2.24817 1.91602 0.941624 0.0841709 -0.00124413 -0.325973
37 -2.30736 -2.24522 1.92643 0.942495 0.0849631 -0.00168473 -0.323235
38 -2.33689 -2.25442 1.8851 0.940351 0.0864884 0.00698209 -0.328955
39 -2.32594 -2.22543 1.93253 0.94242 0.0834989 0.00378733 -0.323817
40 -2.28761 -2.22291 1.9386 0.942275 0.0837006 -0.00382929 -0.324186
41 -2.33086 -2.20464 1.92487 0.942561 0.0843528 0.0026765 -0.323198
42 -2.32835 -2.20671 1.91859 0.94091 0.0817711 0.00265912 -0.328627
43 -2.32157 -2.17897 1.93948 0.943214 0.0779398 0.00400857 -0.322887
44 -2.33208 -2.16761 1.92157 0.943111 0.0793907 0.00688079 -0.322786
45 -2.33419 -2.16463 1.90538 0.941387 0.0768737 0.00482717 -0.328417
46 -2.30979 -2.16523 1.92365 0.941693 0.0748314 0.0011439 -0.328045
47 -2.32221 -2.14116 1.92758 0.943094 0.0757769 0.00747915 -0.32369
48 -2.33518 -2.12479 1.92893 0.943133 0.075688 0.00903869 -0.323558
49 -2.3352 -2.12966 1.89374 0.941602 0.0751508 0.0098466 -0.328088
50 -2.33521 -2.11754 1.92616 0.94382 0.0789061 0.00596644 -0.320846
51 -2.33972 -2.10773 1.93024 0.944604 0.0771237 0.00623251 -0.31896
52 -2.33096 -2.10376 1.91068 0.940955 0.0735158 0.00552062 -0.330407
53 -2.32678 -2.07194 1.93325 0.943793 0.0751848 0.00572344 -0.321821
54 -2.33417 -2.06799 1.92693 0.94275 0.0758597 0.00578297 -0.324706
55 -2.33792 -2.05389 1.92687 0.943491 0.0722926 0.00578978 -0.323365
56 -2.34428 -2.06144 1.91446 0.942902 0.0707923 0.0033395 -0.325442
57 -2.34358 -2.05323 1.89252 0.940833 0.0670872 -0.00228191 -0.332154
58 -2.37049 -2.02462 1.91803 0.943213 0.0717244 0.00489758 -0.324315
59 -2.35144 -2.01698 1.94295 0.943679 0.0704099 0.00534885 -0.32324
60 -2.35736 -2.00852 1.9242 0.942704 0.0669557 0.00712033 -0.326766
61 -2.34553 -2.01256 1.90992 0.941512 0.068466 0.00612288 -0.329895
62 -2.36153 -1.99404 1.9327 0.942708 0.069258 0.011998 -0.32613
63 -2.36432 -1.97912 1.9567 0.944731 0.0695532 0.0139756 -0.320078
64 -2.37601 -1.97733 1.91401 0.943244 0.0735138 0.0186529 -0.323325
65 -2.37644 -1.95631 1.92253 0.944328 0.0729733 0.0176543 -0.320323
66 -2.36238 -1.96002 1.93583 0.944982 0.0722593 0.0156246 -0.318659
67 -2.37917 -1.94313 1.91877 0.944691 0.0742872 0.0212661 -0.318728
68 -2.35106 -1.92471 1.94293 0.9466 0.0729094 0.0135981 -0.313763
69 -2.35112 -1.92824 1.9153 0.945603 0.0747839 0.0142305 -0.316292
70 -2.36991 -1.91237 1.9453 0.946708 0.0701119 0.0161499 -0.313954
71 -2.37407 -1.89827 1.93124 0.947228 0.0717787 0.0199705 -0.311783
72 -2.36862 -1.89225 1.90282 0.946338 0.071882 0.0183261 -0.314548
73 -2.36503 -1.87208 1.90288 0.946752 0.0709298 0.0151568 -0.313688
74 -2.37471 -1.85545 1.91737 0.947967 0.069032 0.0137548 -0.31049
75 -2.36944 -1.86126 1.91847 0.947682 0.07081 0.0103236 -0.311093
76 -2.33663 -1.83959 1.93221 0.948003 0.0706934 0.00381346 -0.310288
77 -2.37272 -1.82994 1.91422 0.946371 0.070028 0.0152318 -0.315033
78 -2.44957 -1.7608 1.92543 0.951911 0.0676441 0.0326134 -0.297028
79 -2.35486 -1.80989 1.8966 0.94679 0.072097 0.0102703 -0.313505
80 -2.36107 -1.7905 1.92193 0.94671 0.074234 0.012361 -0.313173
81 -2.36743 -1.78551 1.91163 0.947697 0.0710816 0.0151937 -0.310786
82 -2.36372 -1.75231 1.91963 0.949754 0.0712556 0.010603 -0.304594
83 -2.34226 -1.75683 1.89631 0.947054 0.0702235 0.00400302 -0.313276
84 -2.36532 -1.74879 1.89771 0.945775 0.0683506 0.0101425 -0.317388
85 -2.33003 -1.73469 1.917 0.947063 0.070883 0.0107187 -0.312942
86 -2.36473 -1.72408 1.89849 0.947303 0.0700664 0.022128 -0.311798
87 -2.33058 -1.69873 1.94693 0.949044 0.0685202 0.0160754 -0.307185
88 -2.33343 -1.69351 1.90154 0.946801 0.0670992 0.0182491 -0.314218
89 -2.31807 -1.68921 1.90041 0.9478 0.0697721 0.0128531 -0.310874
90 -2.3547 -1.64329 1.92942 0.950501 0.0729334 0.0198347 -0.301388
91 -2.32532 -1.64871 1.9134 0.948398 0.0724455 0.0222368 -0.307895
92 -2.33079 -1.64064 1.8909 0.948698 0.0697182 0.0279068 -0.307136
93 -2.28217 -1.62971 1.92072 0.949686 0.076177 0.0185571 -0.30323
94 -2.30558 -1.63789 1.87544 0.947178 0.0777492 0.0201298 -0.31049
95 -2.32523 -1.61158 1.9005 0.949654 0.0786342 0.0177787 -0.302751
96 -2.3165 -1.59235 1.93579 0.951181 0.0832564 0.0108006 -0.296995
97 -2.32371 -1.59477 1.89563 0.950057 0.0863745 0.0132567 -0.299592
98 -2.31635 -1.57741 1.90421 0.95154 0.0828597 0.0121399 -0.295902
99 -2.33455 -1.56008 1.89284 0.951727 0.0843585 0.0140365 -0.294792
100 -2.34707 -1.54771 1.89813 0.951257 0.0869202 0.0116777 -0.295667
101 -2.37687 -1.52627 1.90221 0.953315 0.0889721 0.0176075 -0.288036
102 -2.35037 -1.5261 1.89997 0.95331 0.0901773 0.0115999 -0.287982
103 -2.33724 -1.52058 1.89454 0.952644 0.0910849 0.00948979 -0.289972
104 -2.32667 -1.50082 1.89267 0.954056 0.0885558 0.0071098 -0.286155
105 -2.33168 -1.50733 1.8743 0.953562 0.0896614 0.00751008 -0.287443
106 -2.35825 -1.47999 1.90193 0.95555 0.0894884 0.00931777 -0.280767
107 -2.33494 -1.47375 1.89464 0.956168 0.0879498 0.00532546 -0.279246
108 -2.34682 -1.46067 1.87081 0.956213 0.0860539 0.00931342 -0.279578
109 -2.31745 -1.42936 1.89138 0.956748 0.0827029 -0.00111479 -0.278913
110 -2.33754 -1.43598 1.8983 0.955562 0.0805675 0.000819541 -0.283565
111 -2.30843 -1.4478 1.82623 0.953589 0.0810076 0.00194913 -0.290004
112 -2.34807 -1.42276 1.8693 0.95634 0.0795294 0.0149972 -0.280828
113 -2.32337 -1.39337 1.89445 0.957581 0.0769427 0.00408547 -0.277671
114 -2.35236 -1.38659 1.89125 0.957196 0.0770994 0.00892842 -0.27884
115 -2.31381 -1.3575 1.91478 0.957471 0.0716759 0.00465253 -0.279446
116 -2.34582 -1.35011 1.91859 0.957675 0.0671446 0.0135159 -0.279583
117 -2.33315 -1.36321 1.88892 0.954929 0.0681913 0.00762096 -0.288793
118 -2.34494 -1.35901 1.89554 0.953249 0.065743 0.00497258 -0.294907
119 -2.35111 -1.33247 1.89999 0.954104 0.0639916 0.0106333 -0.292365
120 -2.3394 -1.32258 1.89739 0.95245 0.0613291 0.0107949 -0.298262
121 -2.36999 -1.30954 1.9241 0.953791 0.0591452 0.0160818 -0.294153
122 -2.33165 -1.29976 1.90998 0.953606 0.0590839 0.00854801 -0.29508
123 -2.32576 -1.27295 1.95201 0.952343 0.0460481 0.00385955 -0.301507
124 -2.31544 -1.26289 1.93527 0.951781 0.0472901 0.000704011 -0.30311
125 -2.31304 -1.27855 1.89223 0.947775 0.0440901 0.00108599 -0.315876
126 -2.32465 -1.24595 1.91002 0.949177 0.0396345 0.00379761 -0.312213
127 -2.30503 -1.25762 1.90601 0.948424 0.0409159 -0.000120352 -0.314354
128 -2.29115 -1.22806 1.90159 0.948758 0.0389391 -0.00555949 -0.313546
129 -2.3284 -1.21086 1.91894 0.949767 0.0355348 -0.00099016 -0.310933
130 -2.30387 -1.20947 1.91195 0.949311 0.0357939 -0.00495535 -0.312254
131 -2.3332 -1.20565 1.93086 0.94905 0.0338022 0.00418411 -0.313278
132 -2.30974 -1.2002 1.88574 0.947934 0.0325844 0.00199499 -0.316791
133 -2.31651 -1.17479 1.91674 0.949663 0.0338868 0.00377397 -0.311412
134 -2.3198 -1.1716 1.89359 0.948941 0.0304016 0.00523107 -0.313941
135 -2.33373 -1.18167 1.88687 0.948799 0.0308641 0.00607792 -0.314309
136 -2.32659 -1.14559 1.88603 0.95029 0.0328936 0.00212192 -0.309618
137 -2.31097 -1.13755 1.8895 0.949635 0.0264152 0.00202302 -0.312236
138 -2.30002 -1.14021 1.90834 0.94991 0.0284749 0.00101945 -0.311223
139 -2.31113 -1.11961 1.89359 0.951322 0.0322545 0.00280261 -0.306494
140 -2.33915 -1.09931 1.91551 0.951822 0.0296458 0.00821699 -0.305103
141 -2.31859 -1.09991 1.8733 0.951105 0.0299164 0.0060269 -0.307357
142 -2.3264 -1.07843 1.91472 0.952519 0.0333651 0.00611398 -0.302585
143 -2.2892 -1.07291 1.90774 0.951731 0.0307753 -0.00192766 -0.305381
144 -2.29607 -1.06916 1.91103 0.953282 0.0333851 8.98166e-05 -0.300232
145 -2.31612 -1.05938 1.90222 0.951567 0.034641 0.00387227 -0.305458
146 -2.297 -1.05013 1.90027 0.950558 0.0313247 4.67083e-05 -0.308964
147 -2.31856 -1.03891 1.92559 0.952756 0.0339884 0.00430364 -0.301798
148 -2.31422 -1.01523 1.90499 0.95234 0.0346341 0.00098574 -0.303065
149 -2.29498 -0.998226 1.90656 0.950868 0.0363113 -0.00178052 -0.307454
150 -2.30666 -0.999809 1.89671 0.949157 0.0388683 0.00327651 -0.312378
151 -2.29525 -0.984375 1.89734 0.948943 0.0412034 0.00717257 -0.312662
152 -2.28841 -0.968774 1.9167 0.951145 0.0436221 0.00420176 -0.305618
153 -2.29241 -0.951242 1.91884 0.950935 0.0407141 -0.00561901 -0.306649
154 -2.34488 -0.916043 1.93707 0.951725 0.0409594 -0.000888288 -0.304207
155 -2.27906 -0.933473 1.92243 0.949011 0.0442022 -0.00714871 -0.312047
156 -2.33138 -0.918535 1.9197 0.948082 0.0419011 0.00942791 -0.315111
157 -2.33279 -0.891108 1.91311 0.94764 0.0419513 0.00888156 -0.316449
158 -2.32239 -0.88251 1.91863 0.947562 0.0400984 0.000437868 -0.317046
159 -2.3011 -0.873778 1.93496 0.948002 0.0428859 -0.00796919 -0.31526
160 -2.30689 -0.842568 1.94318 0.947363 0.0424577 -0.00357795 -0.317315
161 -2.27919 -0.850539 1.92307 0.945623 0.0436951 -0.00236527 -0.322309
162 -2.30283 -0.847522 1.92385 0.945309 0.0435972 0.00852418 -0.323137
163 -2.32706 -0.814415 1.89276 0.943849 0.0453344 0.0171282 -0.326803
164 -2.26927 -0.809994 1.94353 0.945838 0.0432745 0.00199315 -0.321736
165 -2.27407 -0.768866 1.94885 0.946523 0.0428432 0.000344391 -0.319778
166 -2.22794 -0.785053 1.90806 0.945906 0.0463388 -0.00555824 -0.321068
167 -2.30448 -0.779979 1.90606 0.945894 0.0431579 0.0120122 -0.321369
168 -2.27896 -0.745411 1.94698 0.946882 0.0425571 0.00538793 -0.318706
169 -2.21697 -0.741932 1.93821 0.948434 0.0434023 -0.00889216 -0.313865
170 -2.24112 -0.739448 1.93139 0.948407 0.0442144 -0.00378903 -0.313935
171 -2.19808 -0.741534 1.9249 0.944755 0.0419554 -0.0079295 -0.324985
172 -2.26057 -0.706038 1.94447 0.949258 0.039825 0.00344661 -0.311946
173 -2.29565 -0.68708 1.92247 0.949763 0.0422438 0.0113615 -0.309897
174 -2.239 -0.720686 1.88755 0.944877 0.043616 -0.000467291 -0.324506
175 -2.25634 -0.662174 1.93254 0.950523 0.0427817 0.00129647 -0.307691
176 -2.23213 -0.704231 1.91499 0.9477 0.0440961 -0.00440336 -0.316071
177 -2.30412 -0.713605 1.86879 0.942694 0.0406021 0.00822758 -0.331077
178 -2.21571 -0.659487 1.91962 0.9477 0.0442446 -0.010339 -0.315911
179 -2.27932 -0.665956 1.90229 0.946523 0.0416498 0.000795776 -0.319934
180 -2.28855 -0.643562 1.9259 0.947772 0.0421411 0.00168298 -0.316149
181 -2.2484 -0.637518 1.89761 0.946973 0.0436491 -0.00457837 -0.318301
182 -2.29351 -0.607961 1.93813 0.948891 0.0421436 0.00500099 -0.312739
183 -2.34271 -0.57644 1.93561 0.950164 0.0430089 0.019891 -0.308127
184 -2.28835 -0.594778 1.92142 0.948782 0.0426176 0.00641285 -0.312978
185 -2.24773 -0.582902 1.92346 0.947317 0.0406369 -0.00765192 -0.317617
186 -2.26037 -0.582743 1.91783 0.945934 0.0374342 -0.002838 -0.322179
187 -2.2788 -0.545777 1.9309 0.949312 0.0393434 0.00463457 -0.311828
188 -2.28035 -0.553582 1.90226 0.946067 0.0362386 0.00479114 -0.321902
189 -2.24274 -0.553634 1.89575 0.944647 0.0345285 -0.00262183 -0.326255
190 -2.27505 -0.518802 1.90642 0.946095 0.034867 0.00453311 -0.321976
191 -2.25897 -0.498599 1.93832 0.948283 0.0361208 0.000808358 -0.315363
192 -2.27606 -0.492784 1.93493 0.948106 0.0332433 0.0029887 -0.316197
193 -2.27225 -0.468399 1.93216 0.946223 0.0356827 -0.000296581 -0.32154
194 -2.3119 -0.46172 1.9024 0.945985 0.034047 0.0129886 -0.322156
195 -2.26032 -0.450528 1.93579 0.945794 0.0293061 -0.00280404 -0.323429
196 -2.31928 -0.419887 1.96958 0.947503 0.0301912 0.00289679 -0.318304
197 -2.27645 -0.430992 1.9144 0.944453 0.028086 -0.00635923 -0.327384
198 -2.27009 -0.401184 1.94827 0.945911 0.0333067 -0.0005739 -0.322712
199 -2.27535 -0.399697 1.94722 0.944362 0.0280652 0.0013378 -0.327707
200 -2.30289 -0.364143 1.95523 0.947902 0.0273622 0.00536142 -0.317339
201 -2.24061 -0.404704 1.91241 0.941995 0.0294411 -0.00582531 -0.334283
202 -2.26311 -0.365664 1.94524 0.944152 0.0274818 -0.00306315 -0.328347
203 -2.27758 -0.350992 1.94629 0.944449 0.0259778 -0.00138672 -0.327627
204 -2.30357 -0.335475 1.96673 0.944976 0.0253682 0.00249244 -0.326144
205 -2.28558 -0.345903 1.9288 0.942878 0.0253034 0.000583724 -0.332176
206 -2.26966 -0.332067 1.94352 0.943442 0.0259811 0.0019345 -0.330512
207 -2.28238 -0.330179 1.92762 0.943098 0.0247766 0.00497181 -0.331554
208 -2.23188 -0.334679 1.90778 0.942478 0.0245453 -0.0129864 -0.333113
209 -2.29777 -0.292239 1.91654 0.944905 0.0274224 -0.00316949 -0.326177
210 -2.28852 -0.290268 1.93243 0.945805 0.0266691 -0.00858382 -0.323525
211 -2.3044 -0.263019 1.94785 0.948259 0.0274823 -0.00558346 -0.316256
212 -2.29048 -0.260528 1.9315 0.946643 0.0290968 -0.00672938 -0.320898
213 -2.26692 -0.274783 1.93032 0.946428 0.0322247 -0.0117697 -0.321087
214 -2.28636 -0.252641 1.93259 0.947489 0.0297767 -0.00992625 -0.318245
215 -2.30021 -0.287027 1.8664 0.940816 0.031551 -0.00586649 -0.337395
216 -2.30504 -0.245809 1.90585 0.944502 0.0329055 -0.00499273 -0.326815
217 -2.27815 -0.237235 1.91625 0.945783 0.0346185 -0.0080979 -0.322847
218 -2.31206 -0.193382 1.94706 0.948158 0.0344468 0.00193023 -0.31592
219 -2.27573 -0.175228 1.95083 0.949208 0.0311448 -0.00604931 -0.313045
220 -2.28857 -0.203972 1.90645 0.946545 0.031384 0.00066117 -0.321039
221 -2.28077 -0.179746 1.92399 0.947398 0.030079 0.000454458 -0.318642
222 -2.3051 -0.19084 1.91951 0.946534 0.0291947 0.00529448 -0.321237
223 -2.27947 -0.155409 1.93868 0.948465 0.0282113 -0.000726976 -0.315622
224 -2.27527 -0.162879 1.90708 0.945888 0.0298313 -0.00174764 -0.323113
225 -2.27283 -0.163127 1.88071 0.943599 0.0317123 -0.00515716 -0.329529
226 -2.25729 -0.136911 1.90238 0.944237 0.0340258 -0.00806722 -0.327405
227 -2.26186 -0.134846 1.89579 0.944079 0.0352468 -0.00466874 -0.327798
228 -2.31575 -0.153763 1.8572 0.939341 0.0289824 -0.00408126 -0.341733
229 -2.31115 -0.0891275 1.89963 0.945253 0.0334933 -0.00200001 -0.32461
230 -2.25004 -0.0568622 1.9305 0.944895 0.0362086 -0.0122389 -0.325136
231 -2.28308 -0.0342144 1.95395 0.946305 0.0327886 -0.00837528 -0.321498
232 -2.24813 -0.0279901 1.94043 0.945239 0.0325374 -0.0154789 -0.324383
233 -2.25617 -0.026566 1.93885 0.944109 0.034085 -0.0139686 -0.327567
234 -2.27179 0.0250398 1.95782 0.946254 0.0352031 -0.0135618 -0.321218
235 -2.24668 0.0302931 1.9694 0.945645 0.0389416 -0.0177544 -0.322373
236 -2.30509 0.011086 1.9456 0.943499 0.0373031 -0.000967214 -0.329269
237 -2.29795 -0.00602742 1.90077 0.940338 0.0394456 0.00172543 -0.337943
238 -2.29047 0.0386433 1.94512 0.944804 0.0341072 -0.00228107 -0.325847
239 -2.28521 0.0399828 1.93309 0.943466 0.0359458 -0.00223522 -0.329506
240 -2.34732 0.0368111 1.89143 0.941207 0.0380394 0.00915072 -0.335556
241 -2.25408 0.0764487 1.94262 0.94546 0.0360111 -0.0121884 -0.323512
242 -2.2685 0.0843684 1.93055 0.944321 0.0382923 -0.00533 -0.326746
243 -2.28491 0.0818556 1.92775 0.944375 0.0359597 -0.00171819 -0.326895
244 -2.26857 0.0886487 1.92448 0.944256 0.0399645 -0.00686973 -0.326704
245 -2.29161 0.0508419 1.8673 0.939572 0.0391889 -0.00232166 -0.340093
246 -2.26912 0.113973 1.94111 0.946234 0.0356995 -0.0103271 -0.32134
247 -2.25087 0.127939 1.93571 0.9459 0.0325774 -0.00864101 -0.322703
248 -2.30535 0.113378 1.92888 0.94513 0.0346748 0.00750043 -0.324764
249 -2.30412 0.137805 1.91487 0.947369 0.035433 0.00976782 -0.318028
250 -2.24882 0.140088 1.93186 0.947336 0.033587 -0.00750509 -0.318386
251 -2.23076 0.200763 1.98324 0.951293 0.0341854 -0.0137642 -0.306076
252 -2.29189 0.155773 1.93035 0.947972 0.0329878 0.0010595 -0.316638
253 -2.25135 0.165904 1.95484 0.948728 0.0290651 -0.00241545 -0.314746
254 -2.28403 0.183805 1.92898 0.948043 0.0322861 0.0110022 -0.31631
255 -2.24702 0.161664 1.89845 0.947023 0.0351783 0.00625625 -0.319172
256 -2.26218 0.155035 1.87511 0.945579 0.0348281 0.00488956 -0.323488
257 -2.27591 0.206544 1.93524 0.949503 0.0291059 -0.000193778 -0.312405
258 -2.25126 0.198189 1.90919 0.947423 0.0299921 -0.00733711 -0.318491
259 -2.2644 0.216629 1.92286 0.948535 0.0303078 -0.00148328 -0.315214
260 -2.26871 0.241756 1.93764 0.949206 0.0278409 0.00308647 -0.313406
261 -2.29381 0.265235 1.93435 0.949316 0.0266224 0.00633814 -0.31313
262 -2.25953 0.288844 1.95118 0.950658 0.0229016 -0.00174184 -0.30939
263 -2.26902 0.27701 1.92788 0.948076 0.0222528 0.00222285 -0.317256
264 -2.2718 0.28776 1.92019 0.946696 0.0199268 0.00296474 -0.321498
265 -2.23752 0.323102 1.93741 0.949777 0.0145295 -0.0051374 -0.312549
266 -2.28963 0.295828 1.94554 0.948492 0.0175902 0.0112915 -0.316109
267 -2.28679 0.296291 1.91614 0.945101 0.0149992 0.0124227 -0.326199
268 -2.22257 0.353088 1.9389 0.950305 0.0113532 -0.00600826 -0.311056
269 -2.25706 0.371879 1.94388 0.950638 0.00939184 -0.00218017 -0.310153
270 -2.21685 0.358359 1.92971 0.94659 0.00689732 -0.00819588 -0.322262
271 -2.26872 0.367949 1.92423 0.946341 0.0061024 0.00713748 -0.323033
272 -2.25009 0.358087 1.91168 0.945953 0.00965041 0.00162496 -0.324155
273 -2.22038 0.356722 1.89246 0.943131 0.00779695 -0.00854516 -0.332219
274 -2.26066 0.394648 1.93441 0.945985 0.00644315 -0.0018527 -0.324141
275 -2.24381 0.404283 1.92961 0.944436 0.00790494 -0.00246177 -0.328591
276 -2.22275 0.40166 1.90676 0.942138 0.00597336 -0.00400552 -0.335148
277 -2.25111 0.444158 1.95399 0.946002 0.00718708 0.00570155 -0.324032
278 -2.27964 0.439378 1.94915 0.942358 0.00769212 0.00509354 -0.33448
279 -2.22496 0.461482 1.94598 0.943552 0.0110558 -0.0152757 -0.330687
280 -2.24534 0.482191 1.94415 0.943291 0.0111576 -0.00484902 -0.331745
281 -2.1971 0.472191 1.92467 0.940745 0.0148828 -0.00501275 -0.33875
282 -2.2604 0.505309 1.93916 0.945034 0.0178346 0.0104856 -0.326316
283 -2.36581 0.456732 1.92557 0.9397 0.020904 0.0253026 -0.340423
284 -2.23398 0.504447 1.93051 0.942182 0.0189976 -0.00979219 -0.334418
285 -2.24151 0.512409 1.92794 0.943316 0.0171869 -0.00716937 -0.331372
286 -2.22853 0.488504 1.91359 0.939439 0.0214096 -0.0054336 -0.342002
287 -2.27225 0.536727 1.93701 0.944158 0.019568 0.00419044 -0.328884
288 -2.2468 0.581805 1.95587 0.949679 0.0210536 0.000733167 -0.312516
289 -2.28941 0.556877 1.93 0.947482 0.0204679 0.00674151 -0.319081
290 -2.27001 0.552741 1.92028 0.945713 0.0184941 -0.00468727 -0.324444
291 -2.32898 0.578879 1.93181 0.949238 0.0205195 0.00999295 -0.31373
292 -2.32776 0.592846 1.94693 0.950762 0.0224281 0.0112732 -0.308904
293 -2.31317 0.57538 1.9247 0.948552 0.0252209 0.00817499 -0.31551
294 -2.25114 0.59041 1.92513 0.950162 0.020958 -0.0101816 -0.310884
295 -2.18933 0.549028 1.85648 0.944329 0.0285938 -0.026574 -0.32668
296 -2.29755 0.589759 1.90386 0.948806 0.0263213 -0.00837239 -0.314648
297 -2.32405 0.62207 1.90775 0.950987 0.0276704 0.00311967 -0.307975
298 -2.28601 0.59865 1.88383 0.94809 0.0344333 -0.000433553 -0.316131
299 -2.35777 0.614032 1.91719 0.950339 0.0335162 0.0134582 -0.309113
300 -2.43858 0.657945 1.93771 0.953591 0.0314189 0.0222255 -0.298634
301 -2.3041 0.670895 1.91924 0.953571 0.0350242 -0.00567949 -0.299071
302 -2.3222 0.63691 1.89877 0.950413 0.038216 0.000587954 -0.308632
303 -2.31245 0.658577 1.90313 0.951579 0.0395164 -0.00178304 -0.30485
304 -2.34368 0.66932 1.90478 0.95271 0.0433572 0.00583342 -0.300714
305 -2.3328 0.680069 1.90817 0.953477 0.0426518 0.000578626 -0.298434
306 -2.34584 0.679367 1.89798 0.953019 0.0445443 0.00071602 -0.299617
307 -2.34259 0.694459 1.89931 0.953433 0.0474163 -0.00214996 -0.297847
308 -2.35184 0.711976 1.90427 0.953846 0.0479591 0.00226018 -0.296433
309 -2.29652 0.722332 1.89381 0.952315 0.0477018 -0.0115204 -0.301143
310 -2.3851 0.729845 1.90862 0.953008 0.050203 0.00922289 -0.298613
311 -2.31931 0.734335 1.89773 0.952575 0.0541361 -0.00756215 -0.299354
312 -2.31842 0.738226 1.88338 0.951416 0.0562691 -0.00901712 -0.302588
313 -2.31606 0.726446 1.88314 0.948515 0.0587623 -0.00766812 -0.311139
314 -2.33141 0.764601 1.90289 0.951441 0.0596975 -0.00188876 -0.301982
315 -2.37259 0.784677 1.91305 0.952702 0.0597964 0.00981352 -0.297804
316 -2.39286 0.800742 1.92754 0.953865 0.0607516 0.0145186 -0.293668
317 -2.38382 0.811627 1.91969 0.954147 0.0625848 0.0081936 -0.292609
318 -2.42076 0.851781 1.93245 0.957314 0.0621722 0.0130802 -0.281983
319 -2.3377 0.822497 1.90144 0.953314 0.0684113 -0.00332536 -0.29411
320 -2.2057 0.809078 1.85757 0.950713 0.0696616 -0.0313696 -0.300512
321 -2.26394 0.808167 1.87155 0.951164 0.0731519 -0.0177442 -0.299367
322 -2.27752 0.838004 1.87903 0.952994 0.0746458 -0.0184017 -0.293074
323 -2.32452 0.893749 1.90544 0.957834 0.071221 -0.00781541 -0.278245
324 -2.39767 0.873526 1.90263 0.955483 0.0742329 0.0108765 -0.285349
325 -2.33294 0.90143 1.89238 0.956366 0.076125 -0.00383446 -0.282054
326 -2.47637 0.906611 1.89531 0.957277 0.0754467 0.0293203 -0.277614
327 -2.55617 0.952094 1.90724 0.959869 0.0742161 0.0460361 -0.266505
328 -2.26502 0.903642 1.86642 0.954214 0.0782258 -0.0208115 -0.287962
329 -2.36553 0.934313 1.88178 0.957319 0.0762224 0.00341417 -0.278781
330 -2.15453 0.898346 1.79889 0.949433 0.0807623 -0.0470664 -0.299731
331 -2.66402 0.993239 1.87155 0.959007 0.0800117 0.0678224 -0.263256
332 -2.25855 0.960155 1.85345 0.956733 0.0796164 -0.0279064 -0.278469
333 -2.26084 0.949873 1.83659 0.955359 0.0814484 -0.0263623 -0.282772
334 -2.55127 1.02804 1.88606 0.961474 0.0797886 0.0426262 -0.259587
335 -1.5439 0.803062 1.43211 0.904661 0.0914755 -0.201797 -0.364004
336 -2.38452 0.996964 1.84738 0.958849 0.0835174 0.00586022 -0.271292
337 -2.82015 1.05668 1.81952 0.958085 0.0765808 0.107985 -0.254061
338 -2.63076 1.09721 1.92128 0.964261 0.0809597 0.0582526 -0.245465
339 -2.75001 1.06105 1.83433 0.959474 0.0826694 0.0910525 -0.253544
340 -2.52805 1.06985 1.87146 0.962002 0.0847581 0.0385477 -0.256676
341 -3.36423 1.15675 1.6505 0.938359 0.0750605 0.247772 -0.229035
342 -2.59525 1.13591 1.87623 0.96517 0.084811 0.0509247 -0.242199
343 -2.54647 1.09887 1.86574 0.962222 0.0863487 0.0405932 -0.254999
344 -2.49727 1.04341 1.82356 0.957283 0.0846867 0.0293232 -0.274912
345 -2.53347 1.10822 1.87111 0.961619 0.0810624 0.0337158 -0.259963
346 -2.60635 1.10471 1.85574 0.960037 0.0802249 0.0533741 -0.262762
347 -2.52788 1.11701 1.85734 0.959634 0.0799994 0.0397824 -0.266684
348 -2.52968 1.11605 1.84649 0.957293 0.0800097 0.0432605 -0.274439
349 -2.51241 1.08267 1.83825 0.954829 0.0765996 0.0371705 -0.284697
350 -2.56619 1.07984 1.83309 0.953441 0.073876 0.0520567 -0.287719
351 -2.53295 1.18169 1.85709 0.958581 0.0682414 0.0489182 -0.272161
352 -2.4931 1.29168 1.99221 0.96758 0.0720709 0.0382355 -0.239025
353 -2.52842 1.12932 1.84352 0.953426 0.0679928 0.0524726 -0.289142
354 -2.59628 1.25424 1.88329 0.961752 0.0633236 0.0627975 -0.258996
355 -2.50546 1.19124 1.85634 0.956876 0.0602461 0.0371798 -0.281737
356 -2.60628 1.16007 1.80598 0.951247 0.0573298 0.0626424 -0.296509
357 -2.56559 1.21867 1.82958 0.953412 0.064354 0.0574463 -0.289075
358 -2.50006 1.312 1.87666 0.959985 0.0569484 0.0406395 -0.271171
359 -2.51228 1.20688 1.82716 0.949225 0.0635036 0.0505155 -0.303952
360 -2.52096 1.2992 1.85836 0.955959 0.0642518 0.0528989 -0.281451
361 -2.60319 1.40807 1.87627 0.960506 0.0586 0.0629597 -0.264631
362 -2.61181 1.28455 1.80654 0.948004 0.0672857 0.0733099 -0.302302
363 -2.79471 1.25447 1.77026 0.941617 0.0747428 0.120616 -0.305325
364 -2.52186 1.34538 1.93329 0.954825 0.052553 0.050406 -0.288109
365 -2.52575 1.3959 1.82513 0.954621 0.034776 0.0498408 -0.291558
366 -2.62652 1.43243 1.78447 0.954318 0.052153 0.0757263 -0.284293
367 -2.56568 1.40554 1.78959 0.952778 0.0466272 0.056278 -0.294742
368 -2.49366 1.48226 1.8711 0.959589 0.0482559 0.0365123 -0.274823
369 -2.45104 1.44841 1.85436 0.957396 0.0379047 0.0262533 -0.285074
370 -2.49384 1.45698 1.81388 0.955599 0.0453752 0.0453242 -0.287605
371 -2.65371 1.71598 2.08696 0.973008 0.0494041 0.071385 -0.213819
372 -2.70526 1.65415 1.84091 0.964324 0.0520547 0.0906815 -0.2432
373 -2.60221 1.57714 1.93659 0.963875 0.0424482 0.0653659 -0.254696
374 -2.54624 1.51401 1.87078 0.958859 0.0401556 0.0554422 -0.275504
375 -2.53191 1.53658 1.91935 0.961525 0.0406267 0.0506255 -0.26694
376 -2.53191 1.53658 1.91935 0.961525 0.0406267 0.0506255 -0.26694
377 -2.73861 1.71759 1.89166 0.966668 0.047745 0.106119 -0.228061
378 -2.62053 1.61194 1.83496 0.959576 0.0407152 0.0777033 -0.267428
379 -2.64309 1.63957 1.84633 0.960851 0.0389049 0.0824449 -0.261638
380 -2.74956 1.75576 1.90426 0.966946 0.0482282 0.106569 -0.226566
381 -2.74956 1.75576 1.90426 0.966946 0.0482282 0.106569 -0.226566
382 -2.74956 1.75576 1.90426 0.966946 0.0482282 0.106569 -0.226566
383 -2.74956 1.75576 1.90426 0.966946 0.0482282 0.106569 -0.226566
384 -2.7404 1.78869 1.88957 0.967 0.0494301 0.103214 -0.227627
385 -2.74419 1.85239 1.94315 0.970734 0.0454437 0.102629 -0.212314
386 -2.74904 1.84393 1.93036 0.96987 0.0474778 0.105417 -0.214444
387 -2.74904 1.84393 1.93036 0.96987 0.0474778 0.105417 -0.214444
388 -2.74904 1.84393 1.93036 0.96987 0.0474778 0.105417 -0.214444
389 -2.74904 1.84393 1.93036 0.96987 0.0474778 0.105417 -0.214444
390 -2.74904 1.84393 1.93036 0.96987 0.0474778 0.105417 -0.214444
391 -2.77666 1.8821 1.92157 0.965849 0.0498412 0.120975 -0.223645
392 -2.78619 1.88169 1.92659 0.966066 0.0480012 0.121484 -0.222833
393 -2.95068 1.57417 1.40838 0.915202 0.111773 0.207935 -0.326611
394 -3.03181 1.1828 1.95781 0.940928 0.0719646 0.148019 -0.295917
395 -3.03181 1.1828 1.95781 0.940928 0.0719646 0.148019 -0.295917
396 -3.03181 1.1828 1.95781 0.940928 0.0719646 0.148019 -0.295917
397 -3.03181 1.1828 1.95781 0.940928 0.0719646 0.148019 -0.295917
398 -3.03181 1.1828 1.95781 0.940928 0.0719646 0.148019 -0.295917
399 -3.03181 1.1828 1.95781 0.940928 0.0719646 0.148019 -0.295917
400 -3.03181 1.1828 1.95781 0.940928 0.0719646 0.148019 -0.295917
401 -2.40483 1.90421 1.96962 0.967261 0.099732 0.063311 -0.224612
402 -2.49431 1.84809 1.65551 0.952764 0.11026 0.112296 -0.259756
403 -2.49431 1.84809 1.65551 0.952764 0.11026 0.112296 -0.259756
404 -2.49431 1.84809 1.65551 0.952764 0.11026 0.112296 -0.259756
405 -2.49431 1.84809 1.65551 0.952764 0.11026 0.112296 -0.259756
406 -2.49431 1.84809 1.65551 0.952764 0.11026 0.112296 -0.259756
407 -2.49431 1.84809 1.65551 0.952764 0.11026 0.112296 -0.259756
408 -2.49431 1.84809 1.65551 0.952764 0.11026 0.112296 -0.259756
409 -2.49431 1.84809 1.65551 0.952764 0.11026 0.112296 -0.259756
410 -2.49431 1.84809 1.65551 0.952764 0.11026 0.112296 -0.259756
411 -2.49431 1.84809 1.65551 0.952764 0.11026 0.112296 -0.259756
412 -2.49431 1.84809 1.65551 0.952764 0.11026 0.112296 -0.259756
413 -2.49431 1.84809 1.65551 0.952764 0.11026 0.112296 -0.259756
414 -2.49431 1.84809 1.65551 0.952764 0.11026 0.112296 -0.259756
415 -2.49431 1.84809 1.65551 0.952764 0.11026 0.112296 -0.259756
416 -2.49431 1.84809 1.65551 0.952764 0.11026 0.112296 -0.259756
417 -2.49431 1.84809 1.65551 0.952764 0.11026 0.112296 -0.259756
418 -2.49982 2.08457 1.94608 0.971199 0.0876989 0.0732989 -0.209066
419 -2.49982 2.08457 1.94608 0.971199 0.0876989 0.0732989 -0.209066
420 -2.52172 1.62058 1.26785 0.914158 0.161013 0.166726 -0.332553
421 -2.45595 2.04801 1.90139 0.967486 0.100722 0.0766173 -0.218988
422 -2.45595 2.04801 1.90139 0.967486 0.100722 0.0766173 -0.218988
423 -2.5796 2.06415 1.91499 0.96819 0.0937593 0.0906761 -0.213532
424 -2.64307 2.04491 1.86061 0.964932 0.0978264 0.109092 -0.217797
425 -2.4385 2.02701 1.84682 0.964672 0.110665 0.0728949 -0.227702
426 -2.43437 2.03406 1.82611 0.96496 0.107351 0.0710973 -0.228634
427 -2.46939 2.03543 1.85306 0.965523 0.106893 0.0743264 -0.225421
428 -2.19464 2.00888 1.7106 0.958307 0.13497 0.0394745 -0.248744
429 -2.75415 2.14195 1.97742 0.97263 0.0831375 0.110719 -0.186601
430 -2.75415 2.14195 1.97742 0.97263 0.0831375 0.110719 -0.186601
431 -2.69962 1.82869 1.69876 0.949326 0.111184 0.12977 -0.263776
432 -2.7184 2.08911 1.93653 0.969287 0.087536 0.110415 -0.201566
433 -2.7184 2.08911 1.93653 0.969287 0.087536 0.110415 -0.201566
434 -2.62994 2.08315 1.9164 0.967257 0.0993713 0.100267 -0.210915
435 -2.54784 1.79594 1.57877 0.940966 0.145727 0.128781 -0.27706
436 -2.54784 1.79594 1.57877 0.940966 0.145727 0.128781 -0.27706
437 -2.65727 2.04907 1.87517 0.963881 0.104084 0.109249 -0.219463
438 -2.65727 2.04907 1.87517 0.963881 0.104084 0.109249 -0.219463
439 -2.69676 2.01718 1.87187 0.961423 0.104246 0.119339 -0.22485
440 -2.69676 2.01718 1.87187 0.961423 0.104246 0.119339 -0.22485
441 -2.88726 2.15163 2.0409 0.97077 0.071441 0.125987 -0.191388
442 -2.72531 2.01542 1.97734 0.965245 0.0865362 0.104691 -0.223279
443 -2.65695 2.06403 1.91959 0.966185 0.0998873 0.104818 -0.213359
