0 -2.3082 -2.3294 1.9533 0.9396 0.0565 -0.0007 -0.3375
1 -2.30683 -2.33615 1.94467 0.938895 0.0592757 -0.000556351 -0.33906
2 -2.30402 -2.33349 1.94321 0.939167 0.0627193 -0.00173031 -0.337681
3 -2.30626 -2.33464 1.93701 0.939276 0.0654581 -0.00387993 -0.336839
4 -2.31008 -2.32984 1.95078 0.940308 0.0648518 -0.00369088 -0.334069
5 -2.30809 -2.32999 1.94707 0.939798 0.0680499 -0.00397407 -0.334864
6 -2.32582 -2.32484 1.9473 0.940731 0.0703229 -0.00162093 -0.33178
7 -2.32499 -2.32447 1.9458 0.940686 0.0725043 -0.00269347 -0.331428
8 -2.30613 -2.32645 1.94931 0.939834 0.0747138 -0.00713414 -0.333286
9 -2.30642 -2.32525 1.93824 0.939886 0.0743861 -0.00693139 -0.333217
10 -2.32193 -2.32305 1.94347 0.941145 0.0778874 -0.0031363 -0.328892
11 -2.31655 -2.32934 1.93468 0.939676 0.0764647 -0.00687532 -0.333339
12 -2.31421 -2.32702 1.94724 0.941044 0.0781586 -0.00417043 -0.329104
13 -2.29963 -2.32717 1.92516 0.939881 0.0781799 -0.00786993 -0.33234
14 -2.31273 -2.31877 1.93844 0.940622 0.0786546 -0.00620572 -0.33016
15 -2.30224 -2.33191 1.92857 0.939682 0.079318 -0.0071746 -0.332648
16 -2.32344 -2.32183 1.92505 0.939788 0.0790701 -0.000823462 -0.332484
17 -2.31815 -2.32255 1.93018 0.940349 0.0801356 0.00186934 -0.330634
18 -2.31645 -2.32079 1.92937 0.940235 0.0822755 0.000440352 -0.330437
19 -2.32641 -2.32294 1.91839 0.939793 0.0800104 0.00194464 -0.33224
20 -2.31591 -2.32176 1.93597 0.9404 0.0781799 0.000234482 -0.330961
21 -2.32014 -2.31584 1.94005 0.940872 0.0814896 0.000526228 -0.328815
22 -2.33064 -2.31038 1.94421 0.941398 0.0827981 0.00152798 -0.326974
23 -2.31555 -2.31728 1.92803 0.940759 0.0846806 0.00301549 -0.328319
24 -2.31425 -2.31616 1.92663 0.94025 0.0859792 0.00410637 -0.329426
25 -2.31466 -2.31008 1.92687 0.940146 0.0847298 0.00278592 -0.33006
26 -2.3056 -2.31023 1.93244 0.941245 0.0849389 -0.00218195 -0.326862
27 -2.30023 -2.30943 1.92724 0.940768 0.0849175 -0.00564794 -0.328195
28 -2.32015 -2.30061 1.91521 0.940158 0.0829935 -0.000419154 -0.330478
29 -2.30946 -2.29912 1.9223 0.941162 0.0825098 -0.00115927 -0.327727
30 -2.31481 -2.28862 1.9321 0.941388 0.0852782 -0.00176931 -0.326365
31 -2.31241 -2.28577 1.93646 0.941532 0.0843994 -0.000658133 -0.326181
32 -2.30813 -2.27997 1.91952 0.941642 0.0842695 0.0014114 -0.325896
33 -2.31014 -2.27648 1.9121 0.941067 0.0843808 -0.00068764 -0.327525
34 -2.30285 -2.26631 1.91989 0.941787 0.0848481 -0.00523178 -0.325285
35 -2.31359 -2.26186 1.92917 0.94255 0.0824275 -0.00187168 -0.323732
36 -2.30665 -2.25168 1.9242 0.941693 0.0840368 -0.0013556 -0.325806
37 -2.32553 -2.24134 1.9292 0.942898 0.0843707 0.00206295 -0.322213
38 -2.31784 -2.23966 1.907 0.941971 0.086189 0.00237568 -0.324432
39 -2.30567 -2.22322 1.93641 0.942567 0.0849817 8.44933e-05 -0.323027
40 -2.31978 -2.21748 1.92407 0.94225 0.0821349 0.00244532 -0.324673
41 -2.3255 -2.21122 1.91161 0.941765 0.0836928 0.00178427 -0.325686
42 -2.32512 -2.1981 1.92176 0.941491 0.0807596 0.00127229 -0.327217
43 -2.32223 -2.18618 1.92475 0.942226 0.0789153 0.00516758 -0.325509
44 -2.32362 -2.1723 1.92501 0.942936 0.0784574 0.00507599 -0.323559
45 -2.32438 -2.16009 1.92897 0.942515 0.0769051 0.00219121 -0.325186
46 -2.32832 -2.15335 1.91809 0.942216 0.0748539 0.00541029 -0.326492
47 -2.3243 -2.14054 1.93327 0.943419 0.0754731 0.00786794 -0.322804
48 -2.32241 -2.13104 1.92523 0.942677 0.0746576 0.00643423 -0.325183
49 -2.32835 -2.12059 1.92257 0.943178 0.0739967 0.00718234 -0.323865
50 -2.33972 -2.10773 1.93024 0.944604 0.0771237 0.00623251 -0.31896
51 -2.33447 -2.09992 1.9205 0.941745 0.0747467 0.00296355 -0.327904
52 -2.32823 -2.09088 1.93077 0.942386 0.0739567 0.0044199 -0.326219
53 -2.34313 -2.07921 1.92977 0.943469 0.0739796 0.00849662 -0.322987
54 -2.3383 -2.06772 1.92707 0.942854 0.0747656 0.00680507 -0.324639
55 -2.33875 -2.05689 1.92542 0.943256 0.0723097 0.00589279 -0.324043
56 -2.34155 -2.05288 1.9091 0.943063 0.0717448 0.00321466 -0.324767
57 -2.34911 -2.03435 1.92421 0.943162 0.0696727 -0.00132401 -0.324944
58 -2.3609 -2.0262 1.93387 0.943718 0.0699816 0.00214177 -0.323256
59 -2.35059 -2.01684 1.93731 0.943555 0.0704754 0.00505678 -0.323593
60 -2.35783 -2.01147 1.92458 0.94246 0.0678709 0.007614 -0.327267
61 -2.35145 -2.005 1.92971 0.942769 0.0686153 0.00740881 -0.326228
62 -2.35841 -1.9942 1.93277 0.942644 0.0695225 0.011235 -0.326287
63 -2.3647 -1.9816 1.93799 0.943912 0.0689889 0.0144136 -0.322588
64 -2.36864 -1.97357 1.92591 0.943912 0.0719783 0.0163865 -0.32184
65 -2.36582 -1.96078 1.9214 0.944041 0.0729232 0.0155557 -0.321288
66 -2.36095 -1.95708 1.93158 0.945019 0.0726791 0.0156695 -0.318452
67 -2.36209 -1.94314 1.9216 0.944827 0.0744376 0.0181786 -0.31848
68 -2.36368 -1.93182 1.92973 0.945735 0.0737403 0.0168936 -0.316011
69 -2.36313 -1.92384 1.92283 0.946205 0.0737134 0.016175 -0.314643
70 -2.3617 -1.91258 1.93244 0.946105 0.0722946 0.015136 -0.315325
71 -2.37505 -1.89347 1.92176 0.947204 0.0712817 0.0201252 -0.31196
72 -2.37162 -1.89282 1.90874 0.946606 0.0712171 0.0188381 -0.313864
73 -2.36591 -1.87445 1.91126 0.946858 0.0712197 0.0155978 -0.313279
74 -2.3593 -1.86545 1.90308 0.94696 0.0697421 0.0110452 -0.313498
75 -2.3698 -1.85539 1.92033 0.948174 0.070699 0.0101541 -0.309621
76 -2.36469 -1.83696 1.91565 0.947636 0.0718073 0.0103339 -0.311003
77 -2.36545 -1.83236 1.91685 0.946232 0.0689514 0.0130623 -0.315785
78 -2.35563 -1.81835 1.91563 0.947862 0.0724689 0.0137922 -0.310026
79 -2.35696 -1.80566 1.90436 0.947254 0.0720526 0.0104397 -0.312104
80 -2.35855 -1.78933 1.92056 0.946951 0.0732987 0.0113475 -0.312702
81 -2.36552 -1.77866 1.91277 0.948028 0.0716319 0.0147836 -0.309666
82 -2.35549 -1.75818 1.91851 0.94943 0.0713562 0.00904026 -0.30563
83 -2.34517 -1.74992 1.91993 0.948265 0.0686931 0.00307864 -0.309944
84 -2.34802 -1.73752 1.91761 0.947163 0.0671289 0.00532998 -0.313603
85 -2.33324 -1.72231 1.91849 0.947727 0.0694659 0.0106363 -0.311246
86 -2.35196 -1.71696 1.91146 0.948088 0.0706345 0.0192364 -0.309467
87 -2.33739 -1.70154 1.9227 0.948068 0.068909 0.018638 -0.309955
88 -2.35037 -1.6878 1.90607 0.947281 0.0679571 0.0216928 -0.312363
89 -2.33615 -1.6744 1.91272 0.949293 0.0700058 0.0164339 -0.306057
90 -2.34095 -1.66238 1.91141 0.948943 0.0726552 0.0175104 -0.306465
91 -2.33573 -1.6489 1.90789 0.948319 0.0725232 0.0245188 -0.307946
92 -2.33403 -1.63883 1.91899 0.949233 0.0709952 0.028578 -0.305124
93 -2.31239 -1.63386 1.90889 0.949439 0.0752824 0.0253441 -0.303736
94 -2.33886 -1.61777 1.91105 0.949706 0.0765573 0.0262017 -0.302509
95 -2.33785 -1.61301 1.90873 0.949862 0.0785868 0.0209541 -0.301905
96 -2.32222 -1.60011 1.90976 0.949973 0.0823575 0.0121779 -0.30103
97 -2.3359 -1.59671 1.89439 0.95004 0.085173 0.0161109 -0.29985
98 -2.3262 -1.57475 1.91049 0.951917 0.0831377 0.0144614 -0.294506
99 -2.33652 -1.56385 1.89291 0.951516 0.0848444 0.0146075 -0.295305
100 -2.34838 -1.54574 1.90709 0.951543 0.0874187 0.0118222 -0.294593
101 -2.33994 -1.53734 1.90135 0.95252 0.0895197 0.00974561 -0.290855
102 -2.3479 -1.52937 1.8961 0.952949 0.0901367 0.0111444 -0.289205
103 -2.33391 -1.52232 1.88915 0.952349 0.0904369 0.00852205 -0.29117
104 -2.34272 -1.50599 1.89114 0.953748 0.0881127 0.0109453 -0.287195
105 -2.34752 -1.49637 1.89643 0.954868 0.0882429 0.0102607 -0.283433
106 -2.34763 -1.48649 1.88216 0.954686 0.0894699 0.00797679 -0.283735
107 -2.34319 -1.47559 1.8867 0.956014 0.0869847 0.0073255 -0.28003
108 -2.33082 -1.47571 1.85617 0.954834 0.0863463 0.00615735 -0.284252
109 -2.34859 -1.45636 1.87419 0.955045 0.0836968 0.0066757 -0.284322
110 -2.34044 -1.44107 1.88542 0.954789 0.0823685 0.00258845 -0.285633
111 -2.33664 -1.43418 1.8714 0.95592 0.0814158 0.00828273 -0.281993
112 -2.34676 -1.42112 1.86708 0.956317 0.0802961 0.0146724 -0.280703
113 -2.3274 -1.40314 1.88338 0.956786 0.0776971 0.00563674 -0.280163
114 -2.33207 -1.39242 1.88718 0.956706 0.0776497 0.00538912 -0.280455
115 -2.32674 -1.37224 1.90342 0.956314 0.0720878 0.00855677 -0.283185
116 -2.34184 -1.36438 1.89407 0.956186 0.0678287 0.0137199 -0.284462
117 -2.34104 -1.35973 1.87624 0.954631 0.06776 0.00930102 -0.289831
118 -2.33747 -1.34883 1.89721 0.953425 0.0665132 0.00358179 -0.294183
119 -2.34462 -1.33455 1.89172 0.953717 0.0623122 0.00926591 -0.294032
120 -2.32778 -1.319 1.90126 0.952659 0.0589745 0.00814378 -0.298156
121 -2.33165 -1.29976 1.90998 0.953606 0.0590839 0.00854801 -0.29508
122 -2.31747 -1.29505 1.922 0.951079 0.0500603 0.00371675 -0.304841
123 -2.31654 -1.28585 1.91107 0.950238 0.0478504 0.0035206 -0.307809
124 -2.31909 -1.27324 1.91892 0.950746 0.0464983 0.00201439 -0.306458
125 -2.33241 -1.26628 1.90344 0.94892 0.043171 0.00465305 -0.312515
126 -2.31321 -1.25599 1.91005 0.948827 0.0399419 0.00174882 -0.313255
127 -2.30751 -1.24178 1.91467 0.949593 0.0416995 0.000702826 -0.3107
128 -2.30862 -1.22765 1.90973 0.949147 0.0383954 -0.00210143 -0.312475
129 -2.31331 -1.21837 1.90955 0.949076 0.0366134 -0.00329269 -0.312896
130 -2.30491 -1.20405 1.91575 0.949771 0.0358982 -0.00478835 -0.310844
131 -2.31128 -1.19755 1.91662 0.948672 0.0328998 -0.000702733 -0.314546
132 -2.31835 -1.19414 1.90155 0.948936 0.0325537 0.00459922 -0.31375
133 -2.31758 -1.17355 1.91364 0.949646 0.0330317 0.00371485 -0.311556
134 -2.31969 -1.16728 1.907 0.949769 0.0294794 0.00502037 -0.31152
135 -2.31661 -1.15087 1.90012 0.95086 0.0301777 0.00286405 -0.308135
136 -2.31669 -1.13939 1.90942 0.951237 0.0312042 -0.00124308 -0.306875
137 -2.30002 -1.14021 1.90834 0.94991 0.0284749 0.00101945 -0.311223
138 -2.30455 -1.12965 1.88846 0.951061 0.0306078 0.00598358 -0.307426
139 -2.30669 -1.11489 1.90099 0.951751 0.0327598 0.00185347 -0.305113
140 -2.31078 -1.10161 1.9029 0.951261 0.0277183 0.00163572 -0.307133
141 -2.3219 -1.09793 1.89694 0.952216 0.0312889 0.00639307 -0.303752
142 -2.30004 -1.09086 1.891 0.950843 0.0334584 0.00105141 -0.307859
143 -2.30658 -1.07711 1.91237 0.95175 0.0303722 0.00184462 -0.305361
144 -2.32021 -1.07107 1.89262 0.952528 0.0335232 0.00605159 -0.30254
145 -2.32316 -1.05411 1.90567 0.951825 0.0329907 0.00471944 -0.304824
146 -2.31327 -1.05027 1.8989 0.950605 0.0306838 0.00329073 -0.308867
147 -2.32325 -1.03215 1.90968 0.952718 0.0337283 0.00455615 -0.301944
148 -2.30504 -1.01897 1.91206 0.952236 0.0351689 -0.000906442 -0.30333
149 -2.31456 -1.00064 1.90158 0.950765 0.0353494 0.0019208 -0.307884
150 -2.30509 -0.996862 1.90048 0.949446 0.0390063 0.00300054 -0.311483
151 -2.29978 -0.982241 1.9045 0.949357 0.0401815 0.00733494 -0.311532
152 -2.31997 -0.96017 1.91737 0.951703 0.0408487 0.0102212 -0.304118
153 -2.30567 -0.955166 1.90964 0.95043 0.0405785 -0.00332205 -0.308261
154 -2.31181 -0.946351 1.91028 0.949176 0.0402531 -0.00770917 -0.312066
155 -2.30101 -0.931774 1.92043 0.949072 0.0433341 -0.00301042 -0.312052
156 -2.30404 -0.918189 1.91873 0.947973 0.043324 0.00433584 -0.31536
157 -2.30931 -0.89679 1.91758 0.947525 0.0427809 0.00533529 -0.316761
158 -2.31361 -0.886935 1.92109 0.947389 0.0416519 -0.000437441 -0.317363
159 -2.30222 -0.876433 1.92767 0.947608 0.0433445 -0.00725231 -0.3164
160 -2.28524 -0.853492 1.93599 0.946439 0.0439259 -0.00728152 -0.319797
161 -2.29471 -0.847669 1.92948 0.946047 0.0439551 0.000658916 -0.321032
162 -2.29293 -0.841131 1.91583 0.945344 0.0438216 0.00681568 -0.323045
163 -2.28988 -0.83016 1.92715 0.944329 0.0436219 0.00787096 -0.326003
164 -2.27169 -0.80566 1.94412 0.946015 0.0434384 0.00229245 -0.321191
165 -2.29086 -0.794206 1.93353 0.94472 0.0431969 0.00464661 -0.324986
166 -2.2865 -0.779352 1.92503 0.947225 0.0434238 0.00547208 -0.317569
167 -2.2785 -0.759224 1.94362 0.948358 0.0438998 0.0058281 -0.314096
168 -2.27656 -0.764533 1.93041 0.945375 0.0424459 0.00534986 -0.323165
169 -2.24836 -0.751046 1.92609 0.947504 0.0434186 -0.00228541 -0.316773
170 -2.26433 -0.747188 1.91578 0.947608 0.0445761 0.00121581 -0.316309
171 -2.26935 -0.722384 1.93365 0.946307 0.0404846 0.00586908 -0.320669
172 -2.26112 -0.708595 1.9302 0.948768 0.0421444 0.00506933 -0.31311
173 -2.26229 -0.723092 1.90389 0.947048 0.0425842 0.00484205 -0.318219
174 -2.25546 -0.699693 1.91843 0.947083 0.0435294 0.00267532 -0.318014
175 -2.26973 -0.680952 1.92673 0.949391 0.0427025 0.00384066 -0.311157
176 -2.26426 -0.689714 1.91601 0.948424 0.0440725 0.00191923 -0.31392
177 -2.28248 -0.672415 1.9199 0.946595 0.0426013 0.00374802 -0.319577
178 -2.26701 -0.668383 1.91307 0.947183 0.0417847 -0.000412244 -0.317958
179 -2.26034 -0.650626 1.91675 0.947741 0.0431534 -0.00259009 -0.316098
180 -2.27158 -0.650299 1.91003 0.946835 0.0434853 -0.00115406 -0.318765
181 -2.26742 -0.628281 1.91502 0.948185 0.0428568 -0.00133162 -0.314811
182 -2.26606 -0.619541 1.91689 0.947339 0.0428692 -6.60183e-05 -0.31735
183 -2.28608 -0.601159 1.91963 0.948096 0.0417827 0.0081045 -0.315122
184 -2.27553 -0.596031 1.91916 0.948534 0.0423814 0.00399381 -0.313802
185 -2.27164 -0.585901 1.92989 0.947479 0.0415394 -0.00240411 -0.317099
186 -2.2764 -0.574156 1.91674 0.946499 0.0370479 0.000434537 -0.320574
187 -2.26395 -0.563901 1.91421 0.947578 0.04071 0.00199396 -0.316916
188 -2.27402 -0.559555 1.90015 0.945651 0.0384405 0.00415915 -0.322877
189 -2.26584 -0.539171 1.90942 0.945992 0.0334679 0.00150699 -0.322455
190 -2.2694 -0.519217 1.92509 0.94675 0.0343307 0.00307747 -0.320119
191 -2.27225 -0.506853 1.93346 0.947823 0.0345207 0.00311609 -0.316906
192 -2.27081 -0.498013 1.92286 0.947337 0.0333136 0.00158526 -0.318497
193 -2.27141 -0.474711 1.92734 0.945709 0.0348896 -0.000882712 -0.323136
194 -2.28823 -0.450062 1.94084 0.948068 0.0321966 0.0067201 -0.316362
195 -2.27789 -0.450131 1.93181 0.94597 0.0314721 0.00221475 -0.322715
196 -2.30907 -0.432779 1.9367 0.945558 0.0305695 0.00159368 -0.324011
197 -2.27025 -0.42589 1.93028 0.9454 0.0307297 -0.00672441 -0.324392
198 -2.28406 -0.41127 1.93225 0.944702 0.0312446 0.00186155 -0.326432
199 -2.27258 -0.399512 1.94711 0.944297 0.0300076 0.00134043 -0.327721
200 -2.28334 -0.382995 1.93807 0.945691 0.0303854 0.00354465 -0.323625
201 -2.28568 -0.368 1.95574 0.945723 0.028302 0.00224769 -0.323732
202 -2.26608 -0.369284 1.93738 0.94384 0.0275287 -0.0024444 -0.329246
203 -2.29561 -0.344348 1.96126 0.945388 0.0252291 0.00165005 -0.324966
204 -2.28609 -0.343341 1.96043 0.944298 0.0245434 -0.000928601 -0.328173
205 -2.27281 -0.339108 1.93942 0.943719 0.0251739 -0.00200603 -0.329781
206 -2.26798 -0.331426 1.93419 0.943187 0.0258566 0.00147689 -0.331252
207 -2.28467 -0.322567 1.93454 0.943913 0.0249761 0.00532584 -0.329204
208 -2.27697 -0.311642 1.93874 0.94521 0.0260668 -0.00329668 -0.325405
209 -2.2771 -0.288785 1.93845 0.945845 0.0269344 -0.00855202 -0.323387
210 -2.2679 -0.295014 1.92514 0.945154 0.0267658 -0.0126549 -0.325281
211 -2.28924 -0.279454 1.93168 0.946691 0.0280671 -0.00839901 -0.320809
212 -2.2822 -0.268617 1.93091 0.94605 0.0299592 -0.00821307 -0.322527
213 -2.27798 -0.272849 1.92836 0.946528 0.0326676 -0.00922018 -0.320832
214 -2.27765 -0.249876 1.926 0.94738 0.0303432 -0.0116369 -0.318456
215 -2.29482 -0.247626 1.93854 0.946039 0.0300681 -0.00896749 -0.32253
216 -2.2921 -0.234771 1.92518 0.945851 0.031185 -0.00887257 -0.322977
217 -2.29209 -0.222616 1.92858 0.947263 0.0330559 -0.00602113 -0.318691
218 -2.28538 -0.205632 1.94468 0.947075 0.033068 -0.00434751 -0.319274
219 -2.29229 -0.200609 1.93414 0.947203 0.0318084 -0.0025968 -0.319043
220 -2.26968 -0.198975 1.91489 0.947037 0.0318013 -0.00351054 -0.319526
221 -2.29287 -0.186034 1.92669 0.947216 0.0300756 0.00300519 -0.319167
222 -2.28855 -0.183252 1.91977 0.946914 0.0295055 0.00207486 -0.320125
223 -2.28212 -0.167422 1.92016 0.947096 0.0292974 0.00100452 -0.319608
224 -2.27676 -0.168449 1.89786 0.945225 0.0297201 -0.0020451 -0.325057
225 -2.26712 -0.150067 1.91533 0.945628 0.0310021 -0.00735062 -0.323686
226 -2.26412 -0.12612 1.92281 0.945633 0.0336093 -0.00713031 -0.323416
227 -2.27806 -0.130575 1.90805 0.944873 0.0321582 -0.00234428 -0.325847
228 -2.28587 -0.098517 1.91431 0.944888 0.0319207 -0.0108038 -0.325655
229 -2.27795 -0.0671824 1.94324 0.947982 0.0327088 -0.0107367 -0.316456
230 -2.26189 -0.0481717 1.9499 0.946209 0.0328255 -0.0110689 -0.321696
231 -2.26219 -0.0461675 1.9357 0.944775 0.0332011 -0.0122012 -0.325806
232 -2.27463 -0.0392268 1.9347 0.944511 0.033613 -0.0096167 -0.326613
233 -2.27608 -0.0274121 1.93547 0.944025 0.0348225 -0.00960287 -0.32789
234 -2.27345 -0.000500226 1.93601 0.943911 0.0361037 -0.0124153 -0.327986
235 -2.2901 0.0187937 1.95454 0.944716 0.037268 -0.00854178 -0.325652
236 -2.27798 0.0188342 1.94275 0.94375 0.0375397 -0.00682631 -0.32845
237 -2.28432 0.0227836 1.93184 0.943108 0.0365692 -0.002498 -0.330459
238 -2.27123 0.0283413 1.93134 0.943609 0.0360556 -0.0059817 -0.329038
239 -2.27406 0.0425013 1.93281 0.943559 0.036007 -0.00536662 -0.329197
240 -2.27698 0.0635371 1.94644 0.94469 0.0344965 -0.00820089 -0.326041
241 -2.26389 0.0692397 1.93173 0.944561 0.0356775 -0.00982194 -0.326244
242 -2.25948 0.0749637 1.93175 0.943719 0.0376439 -0.00760911 -0.328511
243 -2.2702 0.0932141 1.93817 0.94539 0.0364274 -0.0054929 -0.323854
244 -2.27832 0.100193 1.92891 0.945233 0.0387699 -0.00475969 -0.32405
245 -2.27611 0.0994999 1.93109 0.945063 0.036552 -0.00762649 -0.324748
246 -2.27431 0.117824 1.94423 0.946557 0.0352478 -0.00913682 -0.320474
247 -2.24614 0.116682 1.91503 0.944422 0.0333794 -0.00973597 -0.326891
248 -2.28965 0.118297 1.92773 0.945341 0.0361534 0.00466828 -0.324038
249 -2.28228 0.141995 1.93013 0.948104 0.0355317 0.00435499 -0.315938
250 -2.26807 0.146616 1.93849 0.94802 0.0343933 -0.00272393 -0.316335
251 -2.24553 0.158027 1.93239 0.94717 0.0338028 -0.0100529 -0.318789
252 -2.27022 0.15172 1.92037 0.947331 0.0338869 -0.00336463 -0.318442
253 -2.27869 0.16185 1.92546 0.94752 0.0325315 0.00486735 -0.318
254 -2.25687 0.178683 1.93135 0.947801 0.0303488 0.0045274 -0.317382
255 -2.26774 0.174552 1.91225 0.948253 0.0325069 0.0100999 -0.315686
256 -2.27526 0.199963 1.92899 0.950255 0.0323119 0.00626393 -0.30973
257 -2.26928 0.200581 1.92222 0.948696 0.030231 -0.00105449 -0.31474
258 -2.27407 0.211736 1.92496 0.948865 0.02935 -0.00253926 -0.314303
259 -2.26638 0.217714 1.92298 0.948607 0.030423 -0.00120296 -0.314989
260 -2.27607 0.242185 1.92521 0.948893 0.0276348 0.00459734 -0.314352
261 -2.27968 0.254711 1.92472 0.948366 0.0266974 0.00328322 -0.316035
262 -2.27069 0.270669 1.93157 0.948864 0.0244514 0.00123213 -0.314734
263 -2.27116 0.25705 1.89377 0.945615 0.0237034 0.00359267 -0.324404
264 -2.28021 0.306381 1.9387 0.948496 0.0191167 0.00467778 -0.316178
265 -2.25921 0.299293 1.92287 0.948004 0.0168796 0.000665494 -0.317809
266 -2.25556 0.306195 1.92364 0.948283 0.0163626 0.00368996 -0.316981
267 -2.2677 0.31979 1.91857 0.946814 0.0136877 0.00833054 -0.321381
268 -2.24918 0.336356 1.91998 0.948761 0.0125498 0.000646025 -0.315745
269 -2.24239 0.351645 1.92603 0.948756 0.0110059 -0.00513885 -0.315777
270 -2.25194 0.367885 1.92968 0.947245 0.00519993 -0.000479267 -0.320468
271 -2.2519 0.370947 1.93659 0.947005 0.00657306 0.00277033 -0.321139
272 -2.26573 0.353083 1.89878 0.945187 0.0100124 0.005967 -0.326321
273 -2.24217 0.398312 1.94482 0.947742 0.00467869 -0.00491171 -0.318966
274 -2.27504 0.398525 1.93268 0.946178 0.00568818 0.00111741 -0.323596
275 -2.23108 0.409396 1.9302 0.944762 0.00735562 -0.00520951 -0.327632
276 -2.23297 0.412863 1.93248 0.9438 0.0070176 -0.00179464 -0.330438
277 -2.31645 0.415263 1.94663 0.943807 0.0119385 0.0200275 -0.329674
278 -2.25157 0.443784 1.94453 0.942529 0.00532091 -0.00119544 -0.334079
279 -2.25146 0.469475 1.95308 0.944399 0.0102004 -0.0092093 -0.328513
280 -2.28043 0.466621 1.94341 0.942177 0.0119843 0.00273859 -0.334891
281 -2.27141 0.474377 1.94343 0.941683 0.0151365 0.0114209 -0.335968
282 -2.35174 0.483316 1.95127 0.943689 0.0184872 0.0305752 -0.328899
283 -2.29216 0.490218 1.94251 0.94252 0.0181973 0.00882103 -0.333538
284 -2.26203 0.502833 1.93924 0.942527 0.0178871 -0.00380476 -0.333628
285 -2.29818 0.499551 1.93495 0.942848 0.0195502 0.00545108 -0.332603
286 -2.27381 0.51548 1.93169 0.941949 0.0185882 0.00368098 -0.335221
287 -2.28108 0.533129 1.93577 0.943835 0.0194746 0.00670298 -0.329774
288 -2.2903 0.544925 1.9322 0.946575 0.0229216 0.0103702 -0.3215
289 -2.28286 0.567305 1.94769 0.948749 0.0180425 0.0035266 -0.315495
290 -2.29818 0.569075 1.93848 0.947402 0.0186178 0.00138047 -0.3195
291 -2.31438 0.572867 1.93254 0.948807 0.0222462 0.00676482 -0.314998
292 -2.30448 0.584172 1.93655 0.949881 0.0223876 0.00632778 -0.311744
293 -2.31962 0.576049 1.92486 0.948619 0.0238093 0.00932632 -0.315386
294 -2.29477 0.586089 1.91819 0.949796 0.0222773 0.000248433 -0.312075
295 -2.28638 0.586671 1.90424 0.948895 0.0252855 -0.00623956 -0.314515
296 -2.2886 0.594877 1.9038 0.94913 0.0264187 -0.0101368 -0.313611
297 -2.33901 0.606328 1.90993 0.950029 0.030241 0.00641606 -0.310626
298 -2.33718 0.631711 1.92548 0.951697 0.0323421 0.0104101 -0.305153
299 -2.25635 0.602924 1.8896 0.948536 0.0324797 -0.0093906 -0.31486
300 -2.305 0.638301 1.91154 0.951504 0.033056 -0.00739615 -0.305765
301 -2.32554 0.656771 1.91377 0.952619 0.0356535 -0.00121992 -0.302066
302 -2.33739 0.654091 1.91513 0.952024 0.0379523 0.00388907 -0.303636
303 -2.33406 0.654488 1.90191 0.951406 0.0398218 0.00316993 -0.305338
304 -2.34217 0.667909 1.9066 0.952699 0.0419519 0.00492915 -0.300965
305 -2.33141 0.676585 1.90545 0.953125 0.0435815 0.000884401 -0.29942
306 -2.32521 0.680235 1.89655 0.953026 0.0446247 -0.00397735 -0.299555
307 -2.34532 0.689599 1.89081 0.952816 0.0484528 -0.00117658 -0.299655
308 -2.30627 0.710177 1.89305 0.953268 0.047802 -0.00792343 -0.298215
309 -2.29806 0.719612 1.89679 0.952238 0.048334 -0.0111936 -0.3013
310 -2.35985 0.720711 1.90122 0.95205 0.0506835 0.00421908 -0.301684
311 -2.32045 0.743463 1.9011 0.953226 0.0545831 -0.00702435 -0.297205
312 -2.35749 0.758364 1.9126 0.953789 0.0545463 -0.000677108 -0.295483
313 -2.32585 0.74479 1.89837 0.950285 0.057716 -0.00583894 -0.30593
314 -2.39769 0.771942 1.91332 0.952586 0.0585897 0.0130792 -0.29829
315 -2.36471 0.778066 1.91391 0.952262 0.0607851 0.00827408 -0.299055
316 -2.34777 0.791352 1.91407 0.952704 0.0613509 0.00449712 -0.297608
317 -2.39856 0.826429 1.92676 0.955308 0.06243 0.0110724 -0.288733
318 -2.35056 0.809216 1.9034 0.953501 0.0637437 -0.00183729 -0.294567
319 -2.26042 0.804762 1.87712 0.950873 0.0686304 -0.0206091 -0.301174
320 -2.34782 0.826113 1.89575 0.954218 0.0690074 0.00157982 -0.29104
321 -2.27625 0.822313 1.87672 0.952317 0.0727028 -0.0151415 -0.295936
322 -2.32877 0.852647 1.89297 0.954764 0.0738 -0.00665438 -0.287983
323 -2.37504 0.879032 1.90838 0.957338 0.0712079 0.00385489 -0.280032
324 -2.28128 0.865692 1.87764 0.95356 0.0753725 -0.0152489 -0.291222
325 -2.38589 0.912437 1.90296 0.957635 0.0757422 0.00828372 -0.277724
326 -2.56288 0.920312 1.90243 0.958131 0.0737284 0.0489833 -0.272306
327 -2.27454 0.891079 1.8665 0.954198 0.0770593 -0.0182923 -0.288502
328 -2.35702 0.928115 1.88416 0.95701 0.077538 0.000470716 -0.279499
329 -2.11096 0.876097 1.79816 0.948166 0.0794069 -0.0558157 -0.30259
330 -2.69166 1.02323 1.89046 0.961038 0.0773504 0.0773861 -0.253837
331 -2.29344 0.958885 1.8556 0.956382 0.0816181 -0.0187152 -0.279859
332 -2.27475 0.975719 1.8607 0.958114 0.0790502 -0.0244993 -0.274169
333 -2.49077 0.985189 1.87361 0.959922 0.078874 0.0271795 -0.267562
334 -1.79905 0.852553 1.6256 0.927931 0.0912544 -0.136318 -0.334716
335 -2.37567 0.966891 1.84957 0.957108 0.0821696 0.00515594 -0.277789
336 -2.81579 1.07337 1.83058 0.960099 0.0803547 0.108515 -0.244902
337 -2.42889 1.03833 1.88152 0.961466 0.080366 0.0131315 -0.262587
338 -2.84574 1.08922 1.84294 0.959079 0.0804404 0.11175 -0.247404
339 -2.48897 1.05956 1.86712 0.962245 0.0833819 0.0271364 -0.257674
340 -2.60753 1.0651 1.86262 0.961172 0.0835752 0.0576823 -0.256586
341 -2.65375 1.13447 1.88879 0.96462 0.0853511 0.0664316 -0.240439
342 -2.50892 1.05618 1.84356 0.95996 0.0844073 0.0314567 -0.265261
343 -2.52191 1.07926 1.852 0.960979 0.0851788 0.0349755 -0.260848
344 -2.47358 1.05206 1.83378 0.95835 0.0823267 0.0230166 -0.272504
345 -2.55302 1.13464 1.87218 0.962895 0.0838859 0.0384973 -0.253605
346 -2.50721 1.09694 1.84556 0.959502 0.082075 0.0298412 -0.267824
347 -2.51168 1.09999 1.85281 0.958541 0.0789452 0.0359863 -0.271424
348 -2.48366 1.12537 1.84301 0.958199 0.0773359 0.0314379 -0.273653
349 -2.52727 1.14882 1.86377 0.959522 0.0783714 0.0397278 -0.267578
350 -2.56992 1.14566 1.8614 0.958372 0.0729835 0.0515492 -0.271182
351 -2.53884 1.20395 1.89139 0.96062 0.0693613 0.0496867 -0.26444
352 -2.47658 1.15503 1.84565 0.956041 0.0683545 0.0386351 -0.282526
353 -2.54321 1.16649 1.86141 0.956243 0.0679063 0.0551169 -0.279197
354 -2.53031 1.20978 1.85693 0.958806 0.0640084 0.0478895 -0.272582
355 -2.52426 1.21521 1.86315 0.95849 0.0611772 0.0415769 -0.275365
356 -2.61742 1.21896 1.8482 0.956034 0.0632018 0.0646596 -0.27897
357 -2.48724 1.25456 1.85338 0.957372 0.0569612 0.0364837 -0.280826
358 -2.6183 1.28122 1.83164 0.955577 0.0579405 0.072408 -0.279774
359 -2.43959 1.25259 1.83968 0.953553 0.0564007 0.0307942 -0.294292
360 -2.5383 1.32483 1.85092 0.957672 0.0606291 0.057076 -0.275556
361 -2.52399 1.39931 1.95351 0.962448 0.0562823 0.0414219 -0.262318
362 -2.79471 1.25447 1.77026 0.941617 0.0747428 0.120616 -0.305325
363 -2.47199 1.32698 1.86514 0.952619 0.0535105 0.039957 -0.296744
364 -2.6414 1.4659 1.93853 0.961283 0.0500376 0.0785953 -0.259334
365 -2.58718 1.43528 1.85886 0.957195 0.053917 0.065504 -0.276729
366 -2.53219 1.38205 1.8161 0.952584 0.0464102 0.050392 -0.296464
367 -2.55196 1.4541 1.89088 0.958704 0.0492864 0.0495025 -0.275694
368 -2.45104 1.44841 1.85436 0.957396 0.0379047 0.0262533 -0.285074
369 -2.46964 1.55546 1.919 0.964445 0.039893 0.0330943 -0.259152
370 -2.53522 1.46395 1.88459 0.957489 0.0425935 0.0538176 -0.280185
371 -2.76287 1.72609 2.00402 0.970486 0.0549697 0.100236 -0.212338
372 -2.7255 1.68021 1.95002 0.967727 0.0529686 0.0910296 -0.228936
373 -2.47234 1.46079 1.89985 0.956892 0.0352146 0.0349247 -0.28618
374 -2.53191 1.53658 1.91935 0.961525 0.0406267 0.0506255 -0.26694
375 -2.53191 1.53658 1.91935 0.961525 0.0406267 0.0506255 -0.26694
376 -2.76049 1.74776 1.92924 0.968401 0.0505563 0.108128 -0.21898
377 -2.60491 1.59224 1.86861 0.961196 0.0394583 0.0733057 -0.263004
378 -2.55982 1.62961 1.93021 0.96338 0.037308 0.0586351 -0.258976
379 -2.74956 1.75576 1.90426 0.966946 0.0482282 0.106569 -0.226566
380 -2.74956 1.75576 1.90426 0.966946 0.0482282 0.106569 -0.226566
381 -2.74956 1.75576 1.90426 0.966946 0.0482282 0.106569 -0.226566
382 -2.74956 1.75576 1.90426 0.966946 0.0482282 0.106569 -0.226566
383 -2.7404 1.78869 1.88957 0.967 0.0494301 0.103214 -0.227627
384 -2.73674 1.81398 1.89681 0.967926 0.046846 0.102687 -0.224454
385 -2.74904 1.84393 1.93036 0.96987 0.0474778 0.105417 -0.214444
386 -2.74904 1.84393 1.93036 0.96987 0.0474778 0.105417 -0.214444
387 -2.74904 1.84393 1.93036 0.96987 0.0474778 0.105417 -0.214444
388 -2.74904 1.84393 1.93036 0.96987 0.0474778 0.105417 -0.214444
389 -2.74904 1.84393 1.93036 0.96987 0.0474778 0.105417 -0.214444
390 -2.78173 1.84729 1.89682 0.964065 0.0515409 0.124545 -0.228935
391 -2.78619 1.88169 1.92659 0.966066 0.0480012 0.121484 -0.222833
392 -2.95068 1.57417 1.40838 0.915202 0.111773 0.207935 -0.326611
393 -3.03181 1.1828 1.95781 0.940928 0.0719646 0.148019 -0.295917
394 -3.03181 1.1828 1.95781 0.940928 0.0719646 0.148019 -0.295917
395 -3.03181 1.1828 1.95781 0.940928 0.0719646 0.148019 -0.295917
396 -3.03181 1.1828 1.95781 0.940928 0.0719646 0.148019 -0.295917
397 -3.03181 1.1828 1.95781 0.940928 0.0719646 0.148019 -0.295917
398 -3.03181 1.1828 1.95781 0.940928 0.0719646 0.148019 -0.295917
399 -3.03181 1.1828 1.95781 0.940928 0.0719646 0.148019 -0.295917
400 -2.40483 1.90421 1.96962 0.967261 0.099732 0.063311 -0.224612
401 -2.49431 1.84809 1.65551 0.952764 0.11026 0.112296 -0.259756
402 -2.49431 1.84809 1.65551 0.952764 0.11026 0.112296 -0.259756
403 -2.49431 1.84809 1.65551 0.952764 0.11026 0.112296 -0.259756
404 -2.49431 1.84809 1.65551 0.952764 0.11026 0.112296 -0.259756
405 -2.49431 1.84809 1.65551 0.952764 0.11026 0.112296 -0.259756
406 -2.49431 1.84809 1.65551 0.952764 0.11026 0.112296 -0.259756
407 -2.49431 1.84809 1.65551 0.952764 0.11026 0.112296 -0.259756
408 -2.49431 1.84809 1.65551 0.952764 0.11026 0.112296 -0.259756
409 -2.49431 1.84809 1.65551 0.952764 0.11026 0.112296 -0.259756
410 -2.49431 1.84809 1.65551 0.952764 0.11026 0.112296 -0.259756
411 -2.49431 1.84809 1.65551 0.952764 0.11026 0.112296 -0.259756
412 -2.49431 1.84809 1.65551 0.952764 0.11026 0.112296 -0.259756
413 -2.49431 1.84809 1.65551 0.952764 0.11026 0.112296 -0.259756
414 -2.49431 1.84809 1.65551 0.952764 0.11026 0.112296 -0.259756
415 -2.49431 1.84809 1.65551 0.952764 0.11026 0.112296 -0.259756
416 -2.49431 1.84809 1.65551 0.952764 0.11026 0.112296 -0.259756
417 -2.49982 2.08457 1.94608 0.971199 0.0876989 0.0732989 -0.209066
418 -2.49982 2.08457 1.94608 0.971199 0.0876989 0.0732989 -0.209066
419 -2.52172 1.62058 1.26785 0.914158 0.161013 0.166726 -0.332553
420 -2.45595 2.04801 1.90139 0.967486 0.100722 0.0766173 -0.218988
421 -2.45595 2.04801 1.90139 0.967486 0.100722 0.0766173 -0.218988
422 -2.5796 2.06415 1.91499 0.96819 0.0937593 0.0906761 -0.213532
423 -2.70516 2.14974 2.02615 0.974248 0.0665085 0.0972002 -0.192275
424 -2.50491 2.03626 1.87679 0.965956 0.103615 0.0826625 -0.222172
425 -2.57836 2.06613 1.90743 0.968144 0.097778 0.0902695 -0.212105
426 -2.51206 2.04354 1.84955 0.965846 0.103164 0.0826638 -0.222859
427 -2.5006 2.0253 1.8493 0.964909 0.108215 0.0809188 -0.22515
428 -2.75415 2.14195 1.97742 0.97263 0.0831375 0.110719 -0.186601
429 -2.75415 2.14195 1.97742 0.97263 0.0831375 0.110719 -0.186601
430 -2.69962 1.82869 1.69876 0.949326 0.111184 0.12977 -0.263776
431 -2.7184 2.08911 1.93653 0.969287 0.087536 0.110415 -0.201566
432 -2.7184 2.08911 1.93653 0.969287 0.087536 0.110415 -0.201566
433 -2.62994 2.08315 1.9164 0.967257 0.0993713 0.100267 -0.210915
434 -2.54784 1.79594 1.57877 0.940966 0.145727 0.128781 -0.27706
435 -2.54784 1.79594 1.57877 0.940966 0.145727 0.128781 -0.27706
436 -2.65727 2.04907 1.87517 0.963881 0.104084 0.109249 -0.219463
437 -2.65727 2.04907 1.87517 0.963881 0.104084 0.109249 -0.219463
438 -2.69676 2.01718 1.87187 0.961423 0.104246 0.119339 -0.22485
439 -2.69676 2.01718 1.87187 0.961423 0.104246 0.119339 -0.22485
440 -2.68266 2.04532 1.88887 0.963991 0.103086 0.113602 -0.217229
441 -2.72531 2.01542 1.97734 0.965245 0.0865362 0.104691 -0.223279
442 -2.65695 2.06403 1.91959 0.966185 0.0998873 0.104818 -0.213359
443 -3.66486 2.39713 1.14554 0.907789 0.0375897 0.379818 -0.173909
