0 -1.9028 2.1183 0.8811 0.3371 0.8033 -0.4615 -0.1673
1 -1.89673 2.13587 0.859676 0.33499 0.7988 -0.471294 -0.166082
2 -1.89371 2.12412 0.862724 0.334777 0.80155 -0.465328 -0.170037
3 -1.89476 2.11357 0.880871 0.337098 0.803441 -0.460201 -0.170475
4 -1.89965 2.12666 0.870551 0.335209 0.803337 -0.463506 -0.16567
5 -1.89877 2.13251 0.855068 0.332803 0.802618 -0.466342 -0.166049
6 -1.89606 2.12709 0.864778 0.335962 0.803117 -0.462188 -0.168864
7 -1.89607 2.13115 0.863681 0.336479 0.801925 -0.464434 -0.167327
8 -1.89411 2.11536 0.874887 0.337707 0.805392 -0.45697 -0.168747
9 -1.91216 2.11349 0.89231 0.336384 0.810474 -0.450958 -0.16314
10 -1.90256 2.11714 0.880775 0.336123 0.80654 -0.456932 -0.166516
11 -1.90972 2.11356 0.893948 0.337553 0.809415 -0.451617 -0.164156
12 -1.90745 2.12343 0.876187 0.334883 0.806753 -0.457693 -0.165891
13 -1.89787 2.12418 0.865483 0.336441 0.802854 -0.462227 -0.169052
14 -1.89844 2.12361 0.868079 0.33702 0.803396 -0.461133 -0.168313
15 -1.89933 2.1239 0.866266 0.336029 0.803498 -0.461356 -0.169193
16 -1.89332 2.10985 0.883431 0.338757 0.805805 -0.454387 -0.171625
17 -1.90478 2.10901 0.89035 0.33943 0.808263 -0.4511 -0.167354
18 -1.90281 2.11511 0.880865 0.339239 0.80676 -0.453727 -0.16789
19 -1.90488 2.12267 0.878912 0.3364 0.806861 -0.455541 -0.168208
20 -1.90292 2.12223 0.870271 0.33513 0.805933 -0.458193 -0.167986
21 -1.90335 2.11614 0.881991 0.337013 0.809183 -0.451437 -0.166882
22 -1.89515 2.12618 0.863357 0.335456 0.805205 -0.458252 -0.170644
23 -1.89674 2.12927 0.862403 0.334987 0.804822 -0.459665 -0.169565
24 -1.8948 2.11867 0.873457 0.339162 0.806277 -0.454066 -0.169444
25 -1.88974 2.12277 0.866937 0.338014 0.805088 -0.456241 -0.171536
26 -1.89686 2.10961 0.886979 0.33955 0.80915 -0.448425 -0.169993
27 -1.89482 2.1229 0.867371 0.336958 0.805551 -0.45646 -0.170856
28 -1.89001 2.11856 0.865748 0.337189 0.804572 -0.457419 -0.172441
29 -1.88988 2.12137 0.860735 0.33774 0.804598 -0.45719 -0.171846
30 -1.89585 2.11192 0.878159 0.338533 0.808649 -0.450072 -0.170051
31 -1.89478 2.11209 0.878057 0.339338 0.808361 -0.449868 -0.170356
32 -1.88776 2.10902 0.879211 0.341269 0.80825 -0.448297 -0.171165
33 -1.88957 2.11474 0.868516 0.339632 0.805199 -0.454315 -0.172922
34 -1.88571 2.10685 0.872276 0.341726 0.805029 -0.452175 -0.175185
35 -1.88968 2.11216 0.877406 0.341827 0.807898 -0.448592 -0.17094
36 -1.8972 2.10652 0.89305 0.34212 0.809829 -0.445204 -0.170071
37 -1.89614 2.12642 0.865884 0.337132 0.80504 -0.457034 -0.171385
38 -1.89639 2.11563 0.880995 0.340437 0.808046 -0.449659 -0.170209
39 -1.8962 2.11935 0.875465 0.340931 0.807528 -0.450571 -0.169265
40 -1.89183 2.11312 0.878276 0.340769 0.807648 -0.44901 -0.173121
41 -1.8965 2.10516 0.896182 0.34372 0.808602 -0.445497 -0.171906
42 -1.89455 2.11597 0.881672 0.340778 0.807674 -0.449507 -0.171687
43 -1.89646 2.11982 0.880038 0.34109 0.807313 -0.450148 -0.171086
44 -1.88792 2.11003 0.876791 0.344155 0.804904 -0.450398 -0.17558
45 -1.90066 2.11179 0.899439 0.342578 0.811263 -0.442184 -0.170193
46 -1.88982 2.11887 0.866885 0.343036 0.803191 -0.454052 -0.176206
47 -1.89252 2.10935 0.884152 0.347326 0.806314 -0.445902 -0.174341
48 -1.89097 2.10583 0.884749 0.347594 0.807094 -0.444122 -0.17474
49 -1.89545 2.09883 0.893635 0.348484 0.808041 -0.441623 -0.174923
50 -1.88965 2.10815 0.885426 0.347943 0.806439 -0.444784 -0.175382
51 -1.89568 2.10714 0.888575 0.348613 0.808524 -0.441745 -0.172104
52 -1.88767 2.10371 0.896778 0.351223 0.80909 -0.438293 -0.17296
53 -1.89273 2.10863 0.886177 0.34892 0.807867 -0.44201 -0.173878
54 -1.87989 2.1102 0.870176 0.350185 0.803261 -0.447327 -0.179001
55 -1.88671 2.11059 0.885321 0.351892 0.807374 -0.440952 -0.17286
56 -1.87825 2.11027 0.87232 0.351196 0.805401 -0.44266 -0.179004
57 -1.8805 2.10731 0.877574 0.348846 0.805976 -0.441697 -0.183339
58 -1.87824 2.10811 0.878969 0.349352 0.805816 -0.441606 -0.183297
59 -1.8807 2.106 0.882639 0.350605 0.807161 -0.438362 -0.182772
60 -1.87577 2.09334 0.894516 0.353727 0.808103 -0.431552 -0.188707
61 -1.86215 2.09382 0.875324 0.354214 0.800907 -0.441319 -0.19575
62 -1.88237 2.09418 0.89924 0.352579 0.806651 -0.435437 -0.188137
63 -1.87629 2.07959 0.901341 0.357535 0.80502 -0.43244 -0.192631
64 -1.85124 2.06314 0.907967 0.359892 0.802559 -0.430822 -0.201913
65 -1.85184 2.07537 0.890989 0.356795 0.799579 -0.439801 -0.199864
66 -1.84915 2.0733 0.895751 0.357717 0.799843 -0.437982 -0.201151
67 -1.84551 2.06663 0.903886 0.360979 0.800644 -0.433884 -0.201015
68 -1.84657 2.07408 0.892168 0.35659 0.798945 -0.441381 -0.199283
69 -1.82769 2.05484 0.909111 0.359902 0.80038 -0.432811 -0.206247
70 -1.82861 2.05213 0.90529 0.36104 0.798553 -0.435744 -0.205158
71 -1.83555 2.05276 0.920868 0.361071 0.802505 -0.431462 -0.198633
72 -1.81036 2.04479 0.898655 0.363755 0.797491 -0.433919 -0.208337
73 -1.80456 2.03724 0.912722 0.364595 0.799658 -0.429892 -0.206907
74 -1.77876 2.03681 0.883297 0.36118 0.793414 -0.440768 -0.213931
75 -1.78717 2.05565 0.875773 0.35898 0.792755 -0.446066 -0.209043
76 -1.77741 2.0297 0.895788 0.365788 0.79447 -0.437217 -0.209422
77 -1.76657 2.0324 0.88622 0.36557 0.791689 -0.442187 -0.209898
78 -1.76116 2.02139 0.88536 0.365598 0.791119 -0.44158 -0.213251
79 -1.74494 2.01191 0.88418 0.36914 0.788798 -0.442309 -0.214233
80 -1.75002 2.0371 0.85981 0.363146 0.78615 -0.454393 -0.208856
81 -1.74625 2.01324 0.872274 0.367869 0.786292 -0.448131 -0.213532
82 -1.73489 2.01532 0.863134 0.367523 0.783524 -0.452406 -0.215282
83 -1.71851 2.00104 0.86139 0.369317 0.783317 -0.450537 -0.216877
84 -1.73494 2.01771 0.867167 0.363527 0.788041 -0.450389 -0.209736
85 -1.72635 1.98375 0.885837 0.370023 0.787477 -0.441415 -0.219352
86 -1.72179 1.97311 0.892717 0.375431 0.78608 -0.440951 -0.216083
87 -1.71814 1.97404 0.887762 0.375579 0.787368 -0.44149 -0.209949
88 -1.71367 1.96522 0.888527 0.373078 0.788077 -0.439312 -0.216223
89 -1.71236 1.95689 0.887914 0.372342 0.786102 -0.442895 -0.217367
90 -1.7181 1.94069 0.910627 0.373817 0.792863 -0.432814 -0.210476
91 -1.70255 1.93907 0.890001 0.368778 0.790148 -0.438386 -0.217913
92 -1.69658 1.93249 0.889458 0.370154 0.788553 -0.438778 -0.220556
93 -1.70421 1.92921 0.885842 0.368744 0.791149 -0.437452 -0.216213
94 -1.70309 1.92378 0.890772 0.365222 0.794118 -0.435165 -0.215921
95 -1.70105 1.91269 0.895492 0.364105 0.793409 -0.435848 -0.219011
96 -1.69763 1.90688 0.887451 0.361501 0.793579 -0.437265 -0.219883
97 -1.70689 1.90446 0.889352 0.35751 0.797264 -0.436823 -0.213873
98 -1.69468 1.89808 0.884185 0.356868 0.794131 -0.440106 -0.219792
99 -1.69431 1.87935 0.873998 0.358784 0.792947 -0.439416 -0.222311
100 -1.69175 1.8827 0.883951 0.361309 0.7951 -0.435132 -0.218933
101 -1.69403 1.87716 0.883031 0.362436 0.795012 -0.433748 -0.220132
102 -1.68871 1.87218 0.883483 0.357666 0.794535 -0.438579 -0.220087
103 -1.68931 1.86399 0.88097 0.355984 0.794275 -0.438366 -0.22414
104 -1.68164 1.85627 0.88703 0.359494 0.794712 -0.433881 -0.225709
105 -1.68209 1.85374 0.882942 0.363004 0.794014 -0.432582 -0.225039
106 -1.68584 1.85938 0.888958 0.358539 0.79703 -0.432021 -0.2226
107 -1.68206 1.85016 0.886279 0.355572 0.796499 -0.432276 -0.228683
108 -1.6857 1.84782 0.891126 0.356387 0.794227 -0.437399 -0.225552
109 -1.67555 1.83846 0.880521 0.359348 0.793124 -0.43385 -0.23151
110 -1.67528 1.83152 0.88384 0.359351 0.79605 -0.429139 -0.230242
111 -1.68034 1.83322 0.889935 0.357423 0.795169 -0.433653 -0.227817
112 -1.67155 1.81861 0.881483 0.355287 0.79435 -0.434197 -0.23292
113 -1.67289 1.81412 0.893577 0.351271 0.798697 -0.431206 -0.229681
114 -1.66695 1.81222 0.893325 0.350149 0.797586 -0.435197 -0.227719
115 -1.65827 1.80023 0.884783 0.352471 0.796574 -0.432091 -0.233519
116 -1.66271 1.79929 0.886117 0.350942 0.797824 -0.432557 -0.230677
117 -1.65989 1.79453 0.888996 0.350179 0.797241 -0.4358 -0.227728
118 -1.65989 1.7876 0.890027 0.350865 0.797235 -0.43366 -0.230759
119 -1.64868 1.78323 0.885196 0.354706 0.795935 -0.432582 -0.231395
120 -1.64781 1.77631 0.885347 0.358959 0.794842 -0.432153 -0.229384
121 -1.64672 1.77392 0.881993 0.356599 0.793452 -0.435721 -0.231125
122 -1.64088 1.76782 0.876501 0.355295 0.791373 -0.43932 -0.233436
123 -1.63896 1.76528 0.878834 0.355344 0.793983 -0.435822 -0.231043
124 -1.63402 1.75877 0.887143 0.362481 0.79445 -0.430871 -0.227613
125 -1.63509 1.75014 0.894766 0.36402 0.794349 -0.430651 -0.225918
126 -1.62954 1.74465 0.887718 0.363005 0.791083 -0.436926 -0.22696
127 -1.63004 1.7461 0.883754 0.357223 0.791726 -0.442376 -0.223306
128 -1.63056 1.74069 0.896461 0.357261 0.795165 -0.438343 -0.218937
129 -1.62378 1.73155 0.902971 0.35718 0.797024 -0.436364 -0.216244
130 -1.61516 1.72593 0.889013 0.354957 0.795741 -0.438344 -0.220582
131 -1.61722 1.71904 0.894191 0.351648 0.796802 -0.439775 -0.219198
132 -1.60541 1.71224 0.890191 0.349829 0.796988 -0.440945 -0.219082
133 -1.60572 1.70917 0.881781 0.346531 0.797872 -0.440869 -0.221248
134 -1.60011 1.70521 0.892158 0.345728 0.800726 -0.43701 -0.219846
135 -1.5997 1.70547 0.890766 0.343599 0.80052 -0.43972 -0.218525
136 -1.59434 1.70158 0.895301 0.344517 0.800903 -0.438346 -0.218439
137 -1.59941 1.69157 0.89501 0.343782 0.802397 -0.437484 -0.215825
138 -1.59126 1.68549 0.888653 0.343255 0.799687 -0.44178 -0.217962
139 -1.58672 1.68972 0.888311 0.342303 0.79924 -0.443 -0.21862
140 -1.58071 1.68253 0.900076 0.346048 0.800873 -0.439021 -0.214742
141 -1.58481 1.67656 0.892401 0.345586 0.801309 -0.439633 -0.212597
142 -1.57596 1.67412 0.891472 0.343281 0.80098 -0.440019 -0.216731
143 -1.57788 1.67196 0.893187 0.343604 0.800826 -0.440918 -0.214954
144 -1.57207 1.66468 0.890702 0.34428 0.800926 -0.439544 -0.216309
145 -1.57109 1.65786 0.888081 0.347844 0.799919 -0.438938 -0.215566
146 -1.56168 1.65624 0.888796 0.347133 0.800067 -0.437818 -0.218419
147 -1.56657 1.65175 0.887828 0.348654 0.798188 -0.441422 -0.215599
148 -1.56389 1.64747 0.891226 0.350269 0.797943 -0.44026 -0.216264
149 -1.55677 1.63858 0.878524 0.351217 0.794617 -0.443031 -0.221255
150 -1.55087 1.63289 0.894546 0.351927 0.79594 -0.441642 -0.218125
151 -1.54342 1.6279 0.886272 0.351654 0.793946 -0.443353 -0.222323
152 -1.54868 1.62497 0.893011 0.353565 0.795588 -0.440467 -0.219136
153 -1.53605 1.60989 0.883697 0.354111 0.793707 -0.440548 -0.224837
154 -1.5321 1.60726 0.889354 0.353917 0.792962 -0.441542 -0.22582
155 -1.52521 1.60396 0.889233 0.353464 0.792166 -0.444022 -0.224456
156 -1.52501 1.59333 0.885156 0.353925 0.789986 -0.446194 -0.227089
157 -1.51379 1.58706 0.887754 0.355778 0.788159 -0.446166 -0.230574
158 -1.51066 1.5826 0.882444 0.356448 0.787649 -0.445977 -0.231641
159 -1.51667 1.57752 0.893203 0.362812 0.789588 -0.441999 -0.222611
160 -1.50421 1.58066 0.904106 0.365829 0.792064 -0.434861 -0.222935
161 -1.49743 1.57385 0.893856 0.362959 0.788089 -0.44149 -0.228612
162 -1.49846 1.56337 0.88781 0.359865 0.787525 -0.445918 -0.226847
163 -1.49208 1.5563 0.901717 0.363645 0.790644 -0.438585 -0.224251
164 -1.48371 1.54774 0.888093 0.362342 0.786963 -0.443058 -0.230427
165 -1.47247 1.54147 0.895736 0.36743 0.788159 -0.436907 -0.23003
166 -1.47209 1.53325 0.894776 0.367576 0.786632 -0.440714 -0.227751
167 -1.46966 1.53031 0.88813 0.366026 0.786052 -0.443428 -0.226978
168 -1.46487 1.52204 0.891318 0.364469 0.785051 -0.445039 -0.229776
169 -1.46194 1.51668 0.895006 0.367556 0.78345 -0.446215 -0.228037
170 -1.46398 1.5114 0.896319 0.368113 0.785063 -0.444078 -0.225749
171 -1.44386 1.50889 0.893978 0.368352 0.783538 -0.442871 -0.232917
172 -1.45112 1.50236 0.898523 0.36776 0.781285 -0.448284 -0.231058
173 -1.44656 1.49851 0.896599 0.369835 0.7827 -0.446265 -0.226828
174 -1.4428 1.4883 0.907942 0.371359 0.783072 -0.443544 -0.228384
175 -1.43511 1.4858 0.908823 0.372324 0.780574 -0.44583 -0.230899
176 -1.44604 1.48288 0.906487 0.371125 0.780553 -0.448606 -0.227498
177 -1.4314 1.48237 0.90435 0.368685 0.781351 -0.446839 -0.232155
178 -1.43129 1.46892 0.907158 0.367917 0.780276 -0.447422 -0.235839
179 -1.42596 1.46331 0.913969 0.371669 0.778114 -0.449172 -0.233761
180 -1.42611 1.46446 0.902717 0.370941 0.777715 -0.451143 -0.232447
181 -1.42686 1.45875 0.914458 0.374172 0.778625 -0.447507 -0.231249
182 -1.40419 1.44864 0.911215 0.3731 0.775291 -0.450825 -0.237651
183 -1.41555 1.44793 0.905112 0.373058 0.775867 -0.451711 -0.234128
184 -1.40856 1.44553 0.912997 0.374871 0.778424 -0.445191 -0.23523
185 -1.3964 1.4417 0.906373 0.376879 0.771996 -0.451551 -0.241011
186 -1.396 1.43631 0.901643 0.377714 0.772648 -0.451626 -0.237449
187 -1.39188 1.43098 0.911428 0.381539 0.773814 -0.446472 -0.237283
188 -1.3905 1.42939 0.916617 0.381802 0.774171 -0.445544 -0.237439
189 -1.38948 1.42526 0.915081 0.381124 0.773114 -0.447102 -0.239037
190 -1.38445 1.42005 0.912153 0.386018 0.771168 -0.446759 -0.23811
191 -1.37405 1.40855 0.901631 0.387639 0.773376 -0.43997 -0.240939
192 -1.37719 1.41568 0.890448 0.383933 0.770201 -0.447255 -0.243614
193 -1.36531 1.40021 0.910249 0.388183 0.770051 -0.445493 -0.240564
194 -1.36024 1.4019 0.900782 0.38411 0.771854 -0.445536 -0.241245
195 -1.36628 1.399 0.903223 0.385655 0.772387 -0.441388 -0.244675
196 -1.36227 1.38834 0.90593 0.389686 0.771475 -0.441169 -0.241538
197 -1.35638 1.38247 0.894074 0.38752 0.767512 -0.44282 -0.254293
198 -1.34079 1.37412 0.898407 0.393974 0.76281 -0.445276 -0.254234
199 -1.34906 1.3739 0.881326 0.397004 0.761906 -0.443978 -0.254501
200 -1.35272 1.36886 0.905211 0.404125 0.764974 -0.43262 -0.253647
201 -1.35404 1.36862 0.924094 0.410271 0.763399 -0.43376 -0.246477
202 -1.35011 1.36571 0.897643 0.406597 0.758299 -0.441952 -0.253652
203 -1.35016 1.356 0.915632 0.408657 0.764277 -0.429647 -0.253544
204 -1.34675 1.35498 0.91254 0.413097 0.76117 -0.429676 -0.255638
205 -1.34396 1.34959 0.899725 0.4189 0.757883 -0.431 -0.253724
206 -1.34478 1.34022 0.906431 0.422672 0.758358 -0.424977 -0.256194
207 -1.33937 1.33902 0.894027 0.419926 0.753706 -0.430568 -0.264955
208 -1.343 1.33991 0.904221 0.419464 0.756126 -0.430345 -0.259088
209 -1.31611 1.31492 0.883787 0.424319 0.749626 -0.426863 -0.275322
210 -1.33716 1.32421 0.915063 0.428994 0.755572 -0.419554 -0.262773
211 -1.32455 1.3162 0.903737 0.430657 0.750718 -0.422418 -0.269298
212 -1.32807 1.31154 0.91361 0.433501 0.752325 -0.417196 -0.268388
213 -1.32566 1.31628 0.911101 0.431006 0.751827 -0.4183 -0.272057
214 -1.32975 1.3012 0.908552 0.438714 0.74879 -0.415307 -0.272697
215 -1.32975 1.3012 0.908552 0.438714 0.74879 -0.415307 -0.272697
216 -1.32364 1.28911 0.908298 0.445203 0.744158 -0.416281 -0.273374
217 -1.32548 1.28249 0.905801 0.44238 0.744224 -0.418155 -0.274912
218 -1.31717 1.2812 0.912271 0.448321 0.740187 -0.419075 -0.274786
219 -1.31627 1.28218 0.902845 0.448603 0.738839 -0.419097 -0.277903
220 -1.31602 1.26711 0.916168 0.453408 0.737775 -0.416426 -0.276945
221 -1.31712 1.27267 0.902338 0.450838 0.735344 -0.422127 -0.27897
222 -1.30965 1.25939 0.901729 0.454462 0.734497 -0.414828 -0.286176
223 -1.30311 1.24987 0.902189 0.457467 0.73114 -0.41738 -0.286273
224 -1.29612 1.24736 0.918371 0.461101 0.730813 -0.414479 -0.285492
225 -1.29833 1.24388 0.90833 0.461731 0.727374 -0.416244 -0.290641
226 -1.29866 1.23638 0.914441 0.464829 0.726591 -0.41351 -0.291565
227 -1.30686 1.24721 0.925989 0.46817 0.729677 -0.411439 -0.281258
228 -1.30157 1.23552 0.907467 0.46767 0.724942 -0.413449 -0.291211
229 -1.30977 1.25813 0.922526 0.471015 0.723631 -0.417112 -0.28376
230 -1.30175 1.22835 0.903153 0.478357 0.716476 -0.413907 -0.294139
231 -1.3093 1.21578 0.936188 0.48589 0.719852 -0.402981 -0.28867
232 -1.29729 1.21559 0.90055 0.484417 0.71574 -0.406955 -0.295709
233 -1.29584 1.21592 0.909653 0.485971 0.714406 -0.407282 -0.295936
234 -1.29869 1.20754 0.91327 0.488879 0.714291 -0.403926 -0.296023
235 -1.28455 1.21391 0.886363 0.494087 0.7072 -0.407949 -0.298869
236 -1.2881 1.20779 0.896662 0.502767 0.705066 -0.401999 -0.297496
237 -1.2975 1.18909 0.921749 0.510199 0.7036 -0.394329 -0.298578
238 -1.29271 1.19091 0.895778 0.509755 0.70107 -0.396476 -0.302418
239 -1.28996 1.18911 0.89902 0.510504 0.698888 -0.396578 -0.306052
240 -1.28654 1.17649 0.903553 0.515907 0.693555 -0.395571 -0.310395
241 -1.28411 1.17557 0.90389 0.520241 0.691043 -0.39459 -0.310012
242 -1.29283 1.18337 0.884843 0.517622 0.688887 -0.399271 -0.313185
243 -1.29303 1.17253 0.887455 0.52267 0.685448 -0.39817 -0.313747
244 -1.29334 1.16163 0.894739 0.525782 0.685363 -0.393782 -0.314271
245 -1.2817 1.16485 0.892027 0.526783 0.684531 -0.392787 -0.315652
246 -1.29697 1.1558 0.900499 0.531038 0.684332 -0.389418 -0.313117
247 -1.2948 1.14998 0.895112 0.530417 0.682948 -0.391971 -0.314004
248 -1.28891 1.15373 0.894885 0.529079 0.682038 -0.391119 -0.319257
249 -1.2864 1.13824 0.897732 0.53574 0.680327 -0.385785 -0.318289
250 -1.29184 1.13426 0.902901 0.541669 0.678161 -0.385668 -0.312974
251 -1.29094 1.13026 0.900754 0.542626 0.676245 -0.386854 -0.313995
252 -1.28811 1.12292 0.904506 0.542373 0.674765 -0.386196 -0.318398
253 -1.29439 1.11188 0.914288 0.54363 0.675894 -0.383512 -0.317101
254 -1.28493 1.11206 0.904992 0.544173 0.672051 -0.387691 -0.319248
255 -1.28637 1.10942 0.890732 0.543519 0.669756 -0.388918 -0.323662
256 -1.28529 1.09256 0.91534 0.551343 0.668213 -0.380841 -0.323222
257 -1.28491 1.0953 0.912211 0.550803 0.667909 -0.382433 -0.32289
258 -1.28171 1.06277 0.91607 0.560161 0.660129 -0.377066 -0.329045
259 -1.27076 1.08121 0.897793 0.560526 0.654215 -0.386957 -0.328751
260 -1.27756 1.07879 0.913786 0.571596 0.650194 -0.383847 -0.321227
261 -1.24965 1.06638 0.843331 0.568821 0.638159 -0.393054 -0.338679
262 -1.24928 1.0565 0.859821 0.566402 0.637968 -0.394691 -0.341181
263 -1.25798 1.05254 0.892479 0.57098 0.641886 -0.386095 -0.335998
264 -1.25287 1.06111 0.873654 0.571743 0.639749 -0.387302 -0.337385
265 -1.2453 1.02135 0.913141 0.589174 0.634925 -0.376221 -0.32894
266 -1.24689 1.02886 0.905636 0.590723 0.633271 -0.374214 -0.331628
267 -1.23804 1.0202 0.905973 0.589654 0.635988 -0.370005 -0.333053
268 -1.23155 1.02476 0.891523 0.58584 0.635116 -0.376999 -0.333604
269 -1.23494 1.017 0.893617 0.588141 0.635413 -0.373617 -0.332792
270 -1.22636 1.01638 0.888549 0.587262 0.635592 -0.372099 -0.335692
271 -1.2241 1.00051 0.886404 0.590943 0.633565 -0.370675 -0.334636
272 -1.22309 0.989636 0.901075 0.593609 0.635833 -0.364302 -0.332609
273 -1.22195 0.993371 0.902336 0.59293 0.636374 -0.362495 -0.334754
274 -1.21011 0.984995 0.882466 0.592559 0.631014 -0.368553 -0.338916
275 -1.21102 0.974707 0.891469 0.596161 0.633121 -0.362816 -0.334834
276 -1.20278 0.958284 0.897628 0.602126 0.627046 -0.357546 -0.341201
277 -1.20174 0.969813 0.879319 0.601119 0.626511 -0.362977 -0.338213
278 -1.19634 0.964219 0.877735 0.602001 0.624147 -0.363102 -0.340869
279 -1.19769 0.976279 0.890218 0.605126 0.624315 -0.36228 -0.335866
280 -1.20304 0.972685 0.874346 0.606107 0.61944 -0.363477 -0.341779
281 -1.19028 0.96034 0.867281 0.607517 0.615021 -0.363267 -0.347433
282 -1.18336 0.958071 0.875912 0.608262 0.614544 -0.361762 -0.348542
283 -1.1852 0.962318 0.867393 0.6099 0.609955 -0.363361 -0.352059
284 -1.18676 0.948597 0.879444 0.61539 0.606966 -0.359306 -0.351833
285 -1.17496 0.929537 0.85384 0.613559 0.602384 -0.360044 -0.362004
286 -1.17496 0.929537 0.85384 0.613559 0.602384 -0.360044 -0.362004
287 -1.17496 0.929537 0.85384 0.613559 0.602384 -0.360044 -0.362004
288 -1.17496 0.929537 0.85384 0.613559 0.602384 -0.360044 -0.362004
289 -1.17496 0.929537 0.85384 0.613559 0.602384 -0.360044 -0.362004
290 -1.17496 0.929537 0.85384 0.613559 0.602384 -0.360044 -0.362004
291 -1.17504 0.918182 0.877159 0.630037 0.595056 -0.34743 -0.358126
292 -1.18192 0.880248 0.892959 0.635794 0.594081 -0.335667 -0.360778
293 -1.17264 0.910791 0.891843 0.631555 0.595513 -0.346883 -0.355211
294 -1.16799 0.903671 0.881007 0.628831 0.592344 -0.347049 -0.365044
295 -1.18154 0.880695 0.883878 0.634333 0.58724 -0.341591 -0.368899
296 -1.16756 0.890607 0.877441 0.636167 0.584733 -0.347742 -0.363943
297 -1.17614 0.889488 0.888856 0.640116 0.5856 -0.342668 -0.36042
298 -1.17645 0.884633 0.889561 0.641199 0.582083 -0.341383 -0.365378
299 -1.18482 0.868077 0.903382 0.642956 0.581893 -0.336192 -0.367401
300 -1.17741 0.876568 0.89397 0.643947 0.579477 -0.341663 -0.364425
301 -1.18384 0.852366 0.900924 0.647925 0.57401 -0.334651 -0.372444
302 -1.18117 0.860919 0.89403 0.646476 0.572247 -0.338204 -0.374461
303 -1.18211 0.868928 0.895766 0.647627 0.573476 -0.340964 -0.368034
304 -1.18424 0.857237 0.903502 0.649575 0.57205 -0.334058 -0.373117
305 -1.14533 0.893148 0.799551 0.633572 0.562691 -0.358253 -0.391944
306 -1.17687 0.906651 0.890783 0.652187 0.565345 -0.344504 -0.369262
307 -1.17555 0.890399 0.878489 0.656604 0.561537 -0.339038 -0.37229
308 -1.1862 0.849751 0.877576 0.6658 0.550769 -0.324132 -0.3851
309 -1.18344 0.823708 0.901807 0.672346 0.544259 -0.313666 -0.391595
310 -1.19134 0.845679 0.889536 0.676186 0.542244 -0.319659 -0.382834
311 -1.18088 0.83744 0.86961 0.678215 0.535792 -0.314704 -0.392318
312 -1.19354 0.831049 0.876942 0.6821 0.532593 -0.307893 -0.39533
313 -1.19794 0.835295 0.894993 0.682857 0.534219 -0.309458 -0.390579
314 -1.20259 0.843488 0.902618 0.684252 0.536266 -0.305199 -0.38868
315 -1.20095 0.821062 0.878018 0.685106 0.526516 -0.302856 -0.402105
316 -1.20885 0.797252 0.881966 0.691391 0.516762 -0.298701 -0.40708
317 -1.19227 0.832923 0.842428 0.697201 0.50598 -0.310129 -0.402138
318 -1.22134 0.825837 0.89469 0.709686 0.509299 -0.288455 -0.392114
319 -1.2277 0.79424 0.895497 0.715345 0.498774 -0.281992 -0.399983
320 -1.22225 0.783047 0.879771 0.716618 0.489496 -0.283232 -0.408206
321 -1.23859 0.776878 0.887424 0.722368 0.489166 -0.270847 -0.406871
322 -1.23498 0.773094 0.876501 0.722322 0.486683 -0.270809 -0.409944
323 -1.23301 0.79084 0.883328 0.727502 0.478693 -0.27816 -0.405242
324 -1.24297 0.772414 0.88883 0.729999 0.477803 -0.271436 -0.406361
325 -1.25188 0.749171 0.898832 0.729975 0.476211 -0.264651 -0.412696
326 -1.23714 0.760142 0.880387 0.727613 0.471772 -0.273138 -0.416421
327 -1.24154 0.769769 0.873923 0.731088 0.46978 -0.276718 -0.410176
328 -1.24791 0.755148 0.883271 0.735042 0.467414 -0.27027 -0.410112
329 -1.23976 0.763545 0.886211 0.733939 0.465707 -0.273854 -0.411649
330 -1.25697 0.740806 0.894997 0.736905 0.464087 -0.264214 -0.41447
331 -1.25597 0.742582 0.883474 0.735555 0.46277 -0.265394 -0.417576
332 -1.25401 0.745027 0.875612 0.736738 0.458266 -0.262596 -0.422199
333 -1.26069 0.732584 0.887848 0.745803 0.445838 -0.256576 -0.423291
334 -1.2616 0.74639 0.891765 0.755743 0.435611 -0.261466 -0.413195
335 -1.2608 0.751535 0.866372 0.760369 0.425613 -0.266046 -0.412204
336 -1.26631 0.728543 0.880496 0.761166 0.425929 -0.252184 -0.419062
337 -1.28039 0.716188 0.896086 0.763355 0.424576 -0.251361 -0.416943
338 -1.28316 0.71659 0.893141 0.761502 0.42347 -0.251655 -0.421258
339 -1.28323 0.704454 0.8792 0.761889 0.417403 -0.250123 -0.427479
340 -1.28947 0.707957 0.905018 0.764432 0.421931 -0.248072 -0.419617
341 -1.29505 0.700783 0.893214 0.762711 0.419156 -0.25016 -0.424264
342 -1.2915 0.710524 0.870379 0.761811 0.417664 -0.254007 -0.425066
343 -1.29308 0.699076 0.87927 0.761086 0.414511 -0.254038 -0.429411
344 -1.31016 0.69052 0.892418 0.764823 0.417046 -0.246463 -0.424705
345 -1.30692 0.683943 0.893397 0.762722 0.416537 -0.245775 -0.429357
346 -1.30542 0.689023 0.895476 0.763504 0.416588 -0.248633 -0.426262
347 -1.31915 0.688395 0.896631 0.767769 0.415921 -0.245585 -0.420986
348 -1.31692 0.673908 0.881559 0.766374 0.414697 -0.242289 -0.426607
349 -1.31361 0.678176 0.873431 0.764265 0.41382 -0.246188 -0.429004
350 -1.32884 0.657217 0.876834 0.767478 0.412284 -0.241145 -0.427609
351 -1.32874 0.665428 0.876552 0.770377 0.410827 -0.239893 -0.424491
352 -1.32833 0.646899 0.86762 0.766481 0.412237 -0.240208 -0.429962
353 -1.32198 0.659522 0.885821 0.766152 0.414246 -0.241495 -0.427892
354 -1.32874 0.649065 0.875157 0.769698 0.405296 -0.242569 -0.429488
355 -1.3656 0.610836 0.882038 0.776601 0.40066 -0.225484 -0.430719
356 -1.34377 0.634434 0.876185 0.770066 0.403306 -0.23877 -0.432819
357 -1.34361 0.642856 0.875112 0.76814 0.406132 -0.242413 -0.431571
358 -1.35247 0.631529 0.872246 0.766774 0.40398 -0.240167 -0.437238
359 -1.35171 0.62215 0.87286 0.766343 0.400072 -0.239323 -0.442024
360 -1.35423 0.627783 0.859509 0.766933 0.398729 -0.243149 -0.440122
361 -1.35872 0.62053 0.8727 0.772698 0.398022 -0.241889 -0.431285
362 -1.36303 0.625687 0.873725 0.772389 0.399762 -0.240314 -0.431109
363 -1.38847 0.611546 0.877005 0.771868 0.393855 -0.239691 -0.437774
364 -1.37565 0.617506 0.870914 0.765843 0.400276 -0.253318 -0.43485
365 -1.38164 0.613314 0.8691 0.761633 0.403704 -0.249831 -0.441048
366 -1.38485 0.608693 0.862408 0.757822 0.407338 -0.245435 -0.446704
367 -1.4057 0.616787 0.876934 0.76471 0.408515 -0.246627 -0.433023
368 -1.37867 0.619278 0.852034 0.761272 0.402834 -0.259189 -0.437049
369 -1.39563 0.600627 0.861509 0.760282 0.397961 -0.252229 -0.44719
370 -1.39684 0.593882 0.863432 0.754793 0.405586 -0.254748 -0.448209
371 -1.39363 0.613066 0.843717 0.748781 0.407405 -0.262498 -0.452154
372 -1.35068 0.664232 0.838593 0.738546 0.414337 -0.286425 -0.448146
373 -1.40605 0.586981 0.857974 0.745021 0.408212 -0.263661 -0.456936
374 -1.35385 0.580725 0.779862 0.721826 0.403257 -0.286104 -0.484247
375 -1.42753 0.521864 0.823689 0.734184 0.39854 -0.251868 -0.488571
376 -1.41287 0.568793 0.841059 0.735468 0.407733 -0.267013 -0.470685
377 -1.41194 0.564212 0.834008 0.73395 0.405028 -0.272201 -0.472415
378 -1.41924 0.562962 0.851586 0.735182 0.406839 -0.266977 -0.471924
379 -1.42436 0.551624 0.836007 0.732002 0.404816 -0.271573 -0.475968
380 -1.42656 0.551569 0.846755 0.732019 0.407077 -0.273331 -0.472998
381 -1.42792 0.540464 0.836533 0.73018 0.403419 -0.275365 -0.477771
382 -1.40372 0.561198 0.812375 0.724033 0.404626 -0.29293 -0.475652
383 -1.42665 0.542498 0.84045 0.725316 0.408397 -0.286877 -0.474162
384 -1.42973 0.541051 0.835998 0.721571 0.408176 -0.289884 -0.47822
385 -1.44349 0.524204 0.827437 0.718333 0.405519 -0.285324 -0.487998
386 -1.43957 0.526323 0.832485 0.71676 0.410779 -0.288324 -0.484133
387 -1.43193 0.535415 0.822443 0.715036 0.406735 -0.295874 -0.48554
388 -1.44595 0.523784 0.82743 0.714597 0.404818 -0.291134 -0.490627
389 -1.44786 0.51727 0.827201 0.716299 0.403515 -0.293034 -0.488081
390 -1.44383 0.509566 0.786413 0.712173 0.394813 -0.300517 -0.496611
391 -1.46069 0.509149 0.821094 0.713009 0.404278 -0.290192 -0.493929
392 -1.44562 0.510436 0.810542 0.708197 0.404562 -0.297894 -0.496031
393 -1.4519 0.503857 0.799838 0.709926 0.399145 -0.299969 -0.496695
394 -1.47334 0.489262 0.807464 0.711785 0.396596 -0.299938 -0.496096
395 -1.47549 0.490811 0.801688 0.706879 0.398481 -0.305096 -0.498449
396 -1.46241 0.508308 0.808969 0.699975 0.405683 -0.314158 -0.49675
397 -1.45296 0.533288 0.772751 -0.683868 -0.403629 0.336543 0.50611
398 -1.47016 0.471218 0.779263 -0.692461 -0.388053 0.322659 0.515562
399 -1.48187 0.484299 0.811533 -0.697077 -0.393897 0.322133 0.505134
400 -1.48387 0.480744 0.799642 -0.690118 -0.393188 0.328 0.511425
401 -1.4713 0.491594 0.791492 -0.678221 -0.399493 0.338476 0.515612
402 -1.50299 0.468 0.814486 -0.683895 -0.400992 0.323934 0.516294
403 -1.49379 0.466408 0.811553 -0.682448 -0.399622 0.331406 0.514526
404 -1.4876 0.470759 0.804137 -0.679916 -0.400561 0.33606 0.514128
405 -1.50212 0.462026 0.807105 -0.679369 -0.399448 0.334827 0.516517
406 -1.48683 0.476677 0.808948 -0.673414 -0.405352 0.340882 0.515755
407 -1.50876 0.472122 0.810686 -0.675634 -0.406803 0.337196 0.514129
408 -1.4952 0.46087 0.792745 -0.674642 -0.399767 0.344757 0.515933
409 -1.49594 0.465171 0.793776 -0.670994 -0.402666 0.349197 0.51545
410 -1.50828 0.463157 0.804028 -0.669239 -0.405392 0.346507 0.517406
411 -1.51923 0.456368 0.790791 -0.669819 -0.4021 0.351324 0.515974
412 -1.52349 0.466445 0.785179 -0.658018 -0.412265 0.357654 0.518781
413 -1.54433 0.46242 0.796371 -0.66027 -0.416114 0.351254 0.517217
414 -1.55163 0.471319 0.816013 -0.664572 -0.420881 0.350763 0.508103
415 -1.55645 0.438831 0.807179 -0.665908 -0.413982 0.349674 0.51275
416 -1.55649 0.444606 0.78799 -0.655724 -0.419058 0.353681 0.518967
417 -1.56964 0.44421 0.794437 -0.652879 -0.424787 0.351536 0.519353
418 -1.57366 0.428659 0.803337 -0.656953 -0.426487 0.349177 0.51439
419 -1.5849 0.443514 0.791557 -0.651089 -0.436803 0.357451 0.507459
420 -1.57642 0.439673 0.773867 -0.642098 -0.440375 0.362653 0.512116
421 -1.58796 0.435508 0.776562 -0.642518 -0.441837 0.360016 0.51219
422 -1.59253 0.447241 0.789873 -0.643838 -0.448164 0.363465 0.502508
423 -1.60202 0.445234 0.785523 -0.644419 -0.447504 0.363261 0.502499
424 -1.62441 0.443876 0.799793 -0.649417 -0.449898 0.353907 0.500599
425 -1.61194 0.435328 0.791781 -0.644731 -0.444563 0.364137 0.504074
426 -1.62746 0.436805 0.799099 -0.641211 -0.450324 0.366975 0.501385
427 -1.63563 0.437558 0.796227 -0.636516 -0.453986 0.366632 0.504306
428 -1.64152 0.442312 0.799171 -0.633365 -0.453689 0.37472 0.502593
429 -1.64221 0.440532 0.792066 -0.631067 -0.455826 0.37808 0.501032
430 -1.65145 0.430585 0.803564 0.635401 0.457514 -0.37069 -0.499535
431 -1.6413 0.424256 0.802106 -0.6286 -0.456735 0.379254 0.502416
432 -1.64497 0.409846 0.808734 -0.627173 -0.46028 0.375548 0.503746
433 -1.6621 0.429959 0.79634 -0.61833 -0.469725 0.382265 0.5009
434 -1.66622 0.410256 0.815263 0.620665 0.475294 -0.375973 -0.497509
435 -1.6655 0.424967 0.793062 -0.607386 -0.479756 0.386761 0.501331
436 -1.68068 0.426223 0.810741 0.612621 0.483848 -0.383666 -0.493343
437 -1.67706 0.415497 0.806776 0.610645 0.484476 -0.383125 -0.495592
438 -1.67798 0.415201 0.798506 0.60636 0.487825 -0.383849 -0.497005
439 -1.67714 0.402901 0.7937 0.602394 0.490245 -0.383434 -0.49976
440 -1.68356 0.405066 0.800367 0.60146 0.493942 -0.385061 -0.49598
441 -1.6961 0.411293 0.804979 0.600695 0.498527 -0.385647 -0.491846
442 -1.69297 0.414219 0.796481 0.594267 0.502519 -0.389822 -0.492301
443 -1.70881 0.428276 0.797036 0.596013 0.505329 -0.39253 -0.48511
444 -1.70731 0.428755 0.794703 0.594584 0.509061 -0.392666 -0.482846
445 -1.70206 0.405943 0.798912 0.59422 0.509221 -0.388544 -0.486446
446 -1.71308 0.418113 0.79908 0.593854 0.510719 -0.392752 -0.481923
447 -1.71331 0.401586 0.813671 0.597683 0.514284 -0.382343 -0.481768
448 -1.71556 0.424498 0.803239 0.59034 0.519683 -0.394665 -0.475046
449 -1.71084 0.415316 0.791449 0.585344 0.522864 -0.394893 -0.47754
450 -1.72361 0.404262 0.811728 0.589209 0.531542 -0.385843 -0.470554
451 -1.71405 0.394659 0.792196 0.582999 0.52963 -0.389676 -0.477239
452 -1.71973 0.404086 0.788238 0.577602 0.538252 -0.39682 -0.468182
453 -1.72918 0.401422 0.807543 0.580327 0.54368 -0.393826 -0.461014
454 -1.7358 0.395661 0.804263 0.578827 0.545538 -0.396187 -0.458676
455 -1.72973 0.395642 0.796945 0.573841 0.548935 -0.398436 -0.458939
456 -1.74323 0.386038 0.821203 0.581696 0.551715 -0.392371 -0.450872
457 -1.7428 0.383847 0.815524 0.578975 0.554707 -0.394875 -0.44851
458 -1.73859 0.383724 0.802117 0.572749 0.556351 -0.398183 -0.451533
459 -1.73423 0.377246 0.794244 0.569291 0.556965 -0.400801 -0.452832
460 -1.74814 0.386552 0.807835 0.574862 0.565758 -0.398243 -0.436869
461 -1.75563 0.372508 0.825122 0.582111 0.564571 -0.395152 -0.431579
462 -1.74634 0.375676 0.810751 0.570301 0.56773 -0.403401 -0.435553
463 -1.74459 0.367846 0.7923 0.563865 0.569268 -0.404417 -0.440951
464 -1.74286 0.358526 0.798852 0.566375 0.569671 -0.403112 -0.438401
465 -1.74747 0.370516 0.797514 0.562152 0.575319 -0.406715 -0.433101
466 -1.75425 0.391416 0.787014 0.556058 0.578988 -0.413866 -0.429288
467 -1.75592 0.37628 0.802159 0.565143 0.579483 -0.40773 -0.422573
468 -1.7464 0.361094 0.783077 0.558518 0.579727 -0.408654 -0.430089
469 -1.75963 0.383257 0.79446 0.556473 0.58511 -0.415298 -0.418942
470 -1.76123 0.365847 0.800542 0.557068 0.587194 -0.410806 -0.419663
471 -1.75655 0.359342 0.799396 0.553558 0.587375 -0.412376 -0.422505
472 -1.75909 0.362805 0.797884 0.549615 0.58903 -0.41753 -0.420281
473 -1.75907 0.371939 0.789601 0.543626 0.592025 -0.422521 -0.418871
474 -1.75906 0.360943 0.790388 0.543181 0.592277 -0.423433 -0.418171
475 -1.76207 0.359879 0.789833 0.540864 0.594745 -0.426415 -0.414627
476 -1.75789 0.32034 0.801595 0.548673 0.591054 -0.416315 -0.419875
477 -1.76894 0.352288 0.79847 0.540164 0.598338 -0.428741 -0.407916
478 -1.76578 0.328505 0.793899 0.53913 0.597753 -0.424908 -0.414107
479 -1.76399 0.355007 0.783923 0.53003 0.600437 -0.43535 -0.411113
480 -1.76786 0.35448 0.785355 0.530275 0.601795 -0.437524 -0.406476
481 -1.75653 0.344333 0.790667 0.532265 0.603823 -0.433825 -0.40483
482 -1.76631 0.343568 0.788612 0.527149 0.606266 -0.435296 -0.40629
483 -1.76099 0.335565 0.786394 0.524502 0.606015 -0.437506 -0.407714
484 -1.76686 0.345123 0.782963 0.525407 0.608103 -0.439532 -0.40121
485 -1.77085 0.341424 0.788553 0.525176 0.610603 -0.43724 -0.400219
486 -1.76577 0.342659 0.78643 0.520956 0.61201 -0.439648 -0.400947
487 -1.77263 0.349065 0.786026 0.517969 0.614931 -0.441685 -0.398098
488 -1.77556 0.359585 0.770095 0.507145 0.618446 -0.450344 -0.396886
489 -1.76248 0.340178 0.775516 0.508806 0.616382 -0.447907 -0.400711
490 -1.77969 0.352926 0.784657 0.508442 0.621106 -0.449114 -0.392442
491 -1.78116 0.343804 0.79356 0.510591 0.624101 -0.445749 -0.388718
492 -1.77917 0.338042 0.792013 0.509042 0.624988 -0.445438 -0.389681
493 -1.77994 0.357724 0.798948 0.503617 0.631571 -0.448456 -0.382591
494 -1.77629 0.339477 0.777913 0.504191 0.625535 -0.451283 -0.388383
495 -1.77962 0.339476 0.786827 0.505869 0.626879 -0.451391 -0.383881
496 -1.78015 0.345161 0.778917 0.501323 0.629219 -0.455753 -0.380852
497 -1.7827 0.340466 0.779761 0.500268 0.6312 -0.455299 -0.379502
498 -1.78638 0.396773 0.786521 0.488722 0.641008 -0.46691 -0.363668
499 -1.77894 0.343978 0.779229 0.496881 0.63445 -0.457019 -0.376452
500 -1.78765 0.338411 0.771896 0.494649 0.634659 -0.458626 -0.377085
501 -1.80303 0.393651 0.785251 0.480815 0.648683 -0.471198 -0.354964
502 -1.80049 0.380224 0.784802 0.477294 0.649386 -0.469597 -0.360509
503 -1.78854 0.362977 0.773283 0.477479 0.64564 -0.470366 -0.365948
504 -1.79341 0.356646 0.771688 0.478001 0.644598 -0.473952 -0.362461
505 -1.79208 0.343423 0.77379 0.47926 0.644725 -0.469658 -0.366143
506 -1.79344 0.353542 0.772608 0.475409 0.64571 -0.474764 -0.362828
507 -1.79223 0.342279 0.775171 0.477108 0.650355 -0.467773 -0.361379
508 -1.79091 0.334669 0.769734 0.475924 0.648396 -0.470098 -0.363438
509 -1.79266 0.35143 0.779513 0.473643 0.654195 -0.470616 -0.355263
510 -1.79497 0.340083 0.78264 0.469742 0.65823 -0.471873 -0.3513
511 -1.79271 0.339551 0.786385 0.466193 0.659406 -0.474322 -0.350523
512 -1.79255 0.33594 0.784288 0.46437 0.659431 -0.475466 -0.351345
513 -1.8007 0.330037 0.788125 0.464809 0.663864 -0.470871 -0.348594
514 -1.7984 0.340954 0.795089 0.460163 0.667503 -0.472194 -0.346009
515 -1.80154 0.31013 0.800909 0.467075 0.667928 -0.462054 -0.3496
516 -1.79736 0.331514 0.78078 0.458569 0.667665 -0.474238 -0.345016
517 -1.78997 0.329896 0.765482 0.456143 0.659509 -0.484053 -0.350249
518 -1.79125 0.31844 0.766491 0.456382 0.658934 -0.485638 -0.348822
519 -1.79465 0.313864 0.776452 0.459858 0.661551 -0.481907 -0.344451
520 -1.7832 0.30037 0.755986 0.457973 0.65632 -0.48539 -0.351998
521 -1.79083 0.308487 0.766044 0.452633 0.66279 -0.486507 -0.345172
522 -1.78415 0.287326 0.753878 0.454676 0.658588 -0.484912 -0.352693
523 -1.78622 0.29716 0.764443 0.452744 0.664925 -0.48376 -0.344781
524 -1.78894 0.30889 0.77136 0.448488 0.671807 -0.482759 -0.338344
525 -1.78838 0.294499 0.767879 0.447968 0.670752 -0.482079 -0.342077
526 -1.79286 0.299815 0.766551 0.444088 0.672593 -0.485836 -0.338183
527 -1.79603 0.314411 0.782929 0.440471 0.680032 -0.486268 -0.327239
528 -1.78409 0.279014 0.758626 0.441755 0.672264 -0.486835 -0.340449
529 -1.79052 0.333872 0.772354 0.433061 0.67903 -0.497651 -0.322055
530 -1.78781 0.264372 0.762203 0.442839 0.676012 -0.481971 -0.338533
531 -1.78452 0.288662 0.756883 0.435548 0.678193 -0.492245 -0.328705
532 -1.78706 0.274087 0.764315 0.437571 0.681256 -0.486057 -0.328892
533 -1.78505 0.284775 0.763513 0.434535 0.680957 -0.491695 -0.325134
534 -1.79667 0.309153 0.811669 0.431728 0.698746 -0.48116 -0.306351
535 -1.79667 0.309153 0.811669 0.431728 0.698746 -0.48116 -0.306351
536 -1.79667 0.309153 0.811669 0.431728 0.698746 -0.48116 -0.306351
537 -1.78453 0.282849 0.778426 0.41051 0.696274 -0.498998 -0.312547
538 -1.79238 0.33753 0.775445 0.400055 0.696368 -0.516512 -0.297056
539 -1.78657 0.314345 0.784817 0.401387 0.698199 -0.512909 -0.297204
540 -1.78721 0.331658 0.777418 0.390077 0.700144 -0.523408 -0.28928
541 -1.78147 0.2993 0.764315 0.390673 0.693203 -0.524342 -0.303166
542 -1.78624 0.322986 0.781935 0.388704 0.700868 -0.524627 -0.287158
543 -1.78425 0.32395 0.778341 0.387254 0.701374 -0.528112 -0.281437
544 -1.78044 0.316357 0.773749 0.385172 0.700123 -0.529461 -0.284854
545 -1.78025 0.315383 0.787224 0.381341 0.704632 -0.528901 -0.279887
546 -1.78122 0.313771 0.784926 0.373166 0.70856 -0.531268 -0.276486
547 -1.78035 0.308345 0.788905 0.369524 0.709446 -0.532634 -0.276478
548 -1.77563 0.30698 0.785093 0.365059 0.709719 -0.535936 -0.275324
549 -1.77547 0.301194 0.786132 0.362191 0.714145 -0.534591 -0.270234
550 -1.80302 0.287138 0.771336 0.35652 0.714608 -0.539618 -0.266535
551 -1.772 0.295112 0.783656 0.356481 0.715666 -0.538116 -0.266786
552 -1.76584 0.290775 0.782262 0.351926 0.719634 -0.536611 -0.265186
553 -1.76633 0.288822 0.785374 0.349608 0.721466 -0.536082 -0.264343
554 -1.76572 0.283679 0.780027 0.347831 0.721983 -0.537462 -0.262468
555 -1.76124 0.287035 0.78923 0.34815 0.728708 -0.53213 -0.254191
556 -1.76016 0.278123 0.782741 0.34608 0.729477 -0.530919 -0.257328
557 -1.76486 0.278238 0.782504 0.344948 0.730482 -0.531462 -0.254862
558 -1.74912 0.279567 0.782724 0.343043 0.734471 -0.528926 -0.251218
559 -1.74978 0.274639 0.783736 0.342639 0.734369 -0.529656 -0.250528
560 -1.74782 0.266672 0.785316 0.340713 0.735232 -0.530924 -0.247925
561 -1.74758 0.265666 0.788873 0.335823 0.739116 -0.530583 -0.243746
562 -1.74901 0.269455 0.786837 0.329184 0.739957 -0.534061 -0.242653
563 -1.74432 0.264382 0.782311 0.324697 0.741101 -0.535178 -0.242745
564 -1.70296 0.259175 0.79753 0.322332 0.739811 -0.533899 -0.252455
565 -1.7425 0.260224 0.787578 0.321791 0.743483 -0.537329 -0.234436
566 -1.74345 0.256723 0.789649 0.317451 0.748214 -0.534344 -0.232116
567 -1.73683 0.253096 0.785145 0.315852 0.744436 -0.539491 -0.234526
568 -1.73344 0.248221 0.787145 0.318219 0.745532 -0.539611 -0.227463
569 -1.73794 0.243965 0.784428 0.313142 0.749438 -0.538719 -0.223757
570 -1.73232 0.243617 0.775573 0.305554 0.747644 -0.543831 -0.227843
571 -1.72644 0.242282 0.782962 0.308917 0.746047 -0.546348 -0.222459
572 -1.72064 0.239685 0.791268 0.31208 0.750805 -0.53975 -0.218101
573 -1.72031 0.241677 0.785423 0.307581 0.750156 -0.541429 -0.222519
574 -1.71966 0.228686 0.787716 0.309377 0.74867 -0.543174 -0.220773
575 -1.72036 0.229098 0.787452 0.308518 0.750312 -0.5438 -0.214779
576 -1.72306 0.225492 0.787272 0.305354 0.752615 -0.542552 -0.214397
577 -1.70226 0.222067 0.796747 0.30502 0.750325 -0.54367 -0.219998
578 -1.70694 0.220611 0.797383 0.307002 0.753022 -0.541743 -0.212657
579 -1.69864 0.221189 0.788092 0.302233 0.752311 -0.544718 -0.214396
580 -1.69977 0.215468 0.794531 0.299034 0.752204 -0.545967 -0.216073
581 -1.70501 0.207737 0.78468 0.299659 0.753068 -0.546184 -0.211604
582 -1.69042 0.217412 0.80331 0.296894 0.760132 -0.539706 -0.20681
583 -1.67951 0.212077 0.793975 0.290311 0.756026 -0.548576 -0.207867
584 -1.69959 0.194949 0.78965 0.289315 0.761591 -0.544173 -0.20038
585 -1.67779 0.208242 0.789596 0.28708 0.75924 -0.547268 -0.204053
586 -1.68979 0.188722 0.784949 0.290548 0.757033 -0.549851 -0.200366
587 -1.68416 0.194238 0.789278 0.287496 0.76138 -0.546854 -0.196461
588 -1.68676 0.189909 0.78968 0.283868 0.762022 -0.547978 -0.196118
589 -1.6861 0.184324 0.785752 0.284232 0.759487 -0.552037 -0.19403
590 -1.68616 0.184481 0.784599 0.282899 0.761063 -0.551711 -0.1907
591 -1.66286 0.180714 0.785571 0.282889 0.758418 -0.552195 -0.199639
592 -1.6741 0.176053 0.78526 0.28477 0.761378 -0.550386 -0.190489
593 -1.67631 0.182815 0.787854 0.284652 0.764203 -0.547269 -0.188317
594 -1.66651 0.177835 0.789735 0.2833 0.76268 -0.550062 -0.188395
595 -1.67822 0.170429 0.786424 0.280261 0.762667 -0.553037 -0.184233
596 -1.66308 0.175304 0.790443 0.280175 0.763379 -0.550644 -0.188536
597 -1.66308 0.175304 0.790443 0.280175 0.763379 -0.550644 -0.188536
598 -1.65793 0.164698 0.787576 0.279283 0.762191 -0.554062 -0.184611
599 -1.65895 0.164479 0.785624 0.277411 0.764741 -0.552425 -0.181771
600 -1.64913 0.163376 0.796042 0.278831 0.765078 -0.550946 -0.182667
601 -1.66149 0.153714 0.781863 0.273954 0.765415 -0.554456 -0.177955
602 -1.65104 0.162035 0.785818 0.275002 0.765877 -0.55291 -0.179159
603 -1.6593 0.149627 0.782987 0.274439 0.76544 -0.554579 -0.176711
604 -1.6537 0.153136 0.784113 0.272284 0.766388 -0.554674 -0.175637
605 -1.62735 0.145655 0.790643 0.271413 0.765134 -0.554425 -0.183079
606 -1.63792 0.149931 0.783318 0.270602 0.768251 -0.554221 -0.171473
607 -1.62972 0.150778 0.782811 0.268561 0.768056 -0.554084 -0.175944
608 -1.63877 0.148498 0.777318 0.268388 0.765223 -0.558438 -0.174782
609 -1.63267 0.139509 0.781824 0.276169 0.76662 -0.554761 -0.168123
610 -1.64173 0.136697 0.773106 0.273017 0.769032 -0.55456 -0.162836
611 -1.63679 0.136835 0.774788 0.272381 0.764226 -0.559831 -0.168393
612 -1.63679 0.136835 0.774788 0.272381 0.764226 -0.559831 -0.168393
613 -1.63113 0.134805 0.779184 0.271992 0.767503 -0.556717 -0.164395
614 -1.62981 0.133074 0.781124 0.272596 0.76697 -0.556784 -0.165651
615 -1.62942 0.122307 0.793706 0.277839 0.766027 -0.554636 -0.168484
616 -1.62592 0.128177 0.781385 0.274844 0.766266 -0.556678 -0.16555
617 -1.61521 0.130831 0.784551 0.274216 0.768756 -0.553206 -0.166679
618 -1.60153 0.130199 0.783543 0.272597 0.764493 -0.557718 -0.173759
619 -1.61146 0.136093 0.788098 0.27613 0.766285 -0.555565 -0.167054
620 -1.60752 0.128071 0.790828 0.281985 0.767148 -0.552418 -0.163714
621 -1.61488 0.126416 0.781967 0.281727 0.765841 -0.553926 -0.165175
622 -1.61958 0.123511 0.775137 0.282166 0.76315 -0.557345 -0.165383
623 -1.60724 0.125174 0.787945 0.284727 0.7652 -0.553753 -0.163574
624 -1.6052 0.129063 0.785219 0.286036 0.764021 -0.55413 -0.165514
625 -1.61611 0.124592 0.785854 0.287065 0.761551 -0.557136 -0.165026
626 -1.60766 0.117446 0.786039 0.287565 0.760812 -0.558409 -0.163254
627 -1.60353 0.125221 0.787693 0.291782 0.760711 -0.556971 -0.161141
628 -1.61443 0.124842 0.772915 0.286809 0.758107 -0.562207 -0.164128
629 -1.61477 0.12268 0.783469 0.28735 0.759189 -0.560366 -0.164473
630 -1.60429 0.122 0.783823 0.291751 0.759904 -0.556601 -0.166202
631 -1.60295 0.124392 0.793194 0.294687 0.761037 -0.552397 -0.169823
632 -1.60858 0.122679 0.78 0.293587 0.759367 -0.555533 -0.16897
633 -1.60333 0.125616 0.789337 0.298436 0.759456 -0.553249 -0.167568
634 -1.60636 0.125111 0.781912 0.296136 0.758912 -0.55436 -0.170413
635 -1.60597 0.128073 0.787717 0.296933 0.759871 -0.553239 -0.168385
636 -1.60183 0.12165 0.791974 0.298386 0.761572 -0.54939 -0.170717
637 -1.60565 0.124858 0.791155 0.298032 0.760484 -0.551586 -0.169098
638 -1.60125 0.126504 0.783031 0.301545 0.758462 -0.55224 -0.169815
639 -1.60679 0.126058 0.776515 0.299706 0.759619 -0.550904 -0.172223
640 -1.59491 0.127078 0.779495 0.30095 0.760364 -0.548768 -0.173581
641 -1.601 0.125108 0.770069 0.294713 0.762083 -0.549966 -0.172947
642 -1.58649 0.128865 0.783704 0.297216 0.762494 -0.546739 -0.177037
643 -1.59447 0.128035 0.784387 0.300336 0.763661 -0.544849 -0.172512
644 -1.59121 0.122287 0.778887 0.302772 0.763437 -0.543329 -0.174032
645 -1.5889 0.124853 0.780049 0.302146 0.763913 -0.54258 -0.175358
646 -1.58157 0.122038 0.775672 0.297337 0.76479 -0.543235 -0.177717
647 -1.57603 0.120242 0.789999 0.30289 0.764612 -0.540199 -0.178355
648 -1.58336 0.115039 0.7719 0.30523 0.763155 -0.54075 -0.178936
649 -1.58166 0.117134 0.771804 0.30634 0.765059 -0.537667 -0.178198
650 -1.57226 0.115623 0.773492 0.309036 0.76246 -0.538502 -0.182117
651 -1.56304 0.112518 0.777785 0.311981 0.761527 -0.535786 -0.188886
652 -1.55862 0.115978 0.775032 0.31599 0.759932 -0.536012 -0.188001
653 -1.55168 0.111801 0.78428 0.31925 0.760802 -0.530133 -0.195495
654 -1.55168 0.114843 0.782812 0.321846 0.758471 -0.531607 -0.196295
655 -1.54561 0.115416 0.786476 0.325334 0.756326 -0.530554 -0.201594
656 -1.55041 0.117114 0.787902 0.330399 0.755495 -0.528433 -0.202045
657 -1.55243 0.110285 0.782067 0.329832 0.756685 -0.525845 -0.205246
658 -1.54705 0.111941 0.7832 0.33973 0.752564 -0.524152 -0.208554
659 -1.53087 0.108832 0.787305 0.3436 0.7522 -0.520178 -0.21342
660 -1.53451 0.110844 0.78653 0.349461 0.74907 -0.519959 -0.215438
661 -1.53101 0.11206 0.783036 0.353964 0.745358 -0.520334 -0.220007
662 -1.53598 0.110675 0.775747 0.359018 0.747158 -0.516249 -0.215287
663 -1.50603 0.0975642 0.787707 0.368649 0.741814 -0.511648 -0.228093
664 -1.5149 0.105961 0.78613 0.371069 0.738451 -0.514602 -0.228436
665 -1.51295 0.108769 0.78082 0.371774 0.739789 -0.512687 -0.227264
666 -1.50225 0.102267 0.776271 0.378112 0.736675 -0.51081 -0.231116
667 -1.50419 0.102328 0.787602 0.381982 0.735035 -0.508184 -0.235716
668 -1.4866 0.0939852 0.779014 0.385149 0.732847 -0.506441 -0.241068
669 -1.50844 0.104187 0.78802 0.390468 0.736756 -0.500982 -0.231826
670 -1.48841 0.100585 0.803506 0.394364 0.733005 -0.499422 -0.240329
671 -1.46822 0.0908134 0.79505 0.392105 0.729175 -0.502595 -0.248908
672 -1.46271 0.090438 0.782345 0.394293 0.727164 -0.503972 -0.248552
673 -1.46432 0.0789624 0.792869 0.399677 0.725608 -0.503391 -0.245661
674 -1.45771 0.0754337 0.792149 0.39814 0.724755 -0.505175 -0.247008
675 -1.45778 0.075718 0.785205 0.396253 0.723984 -0.507026 -0.248507
676 -1.46043 0.0684753 0.784834 0.400038 0.722444 -0.507557 -0.245823
677 -1.46549 0.0684445 0.782461 0.403512 0.722646 -0.506729 -0.241219
678 -1.44421 0.0577237 0.792568 0.406574 0.722455 -0.501972 -0.246536
679 -1.45389 0.0513327 0.789824 0.406083 0.723067 -0.502887 -0.243672
680 -1.44307 0.0429091 0.783872 0.404861 0.723174 -0.502502 -0.24617
681 -1.45175 0.0463151 0.785042 0.403733 0.723728 -0.503981 -0.243353
682 -1.44684 0.0374953 0.772944 0.404505 0.720447 -0.50708 -0.245359
683 -1.44748 0.0256413 0.777398 0.404722 0.722123 -0.504318 -0.245765
684 -1.43259 0.0200838 0.78093 0.407295 0.72092 -0.501892 -0.249979
685 -1.45542 0.0312292 0.787509 0.414141 0.724744 -0.496562 -0.238033
686 -1.42777 0.00750411 0.782479 0.419238 0.719354 -0.495681 -0.247121
687 -1.44867 0.0143938 0.775257 0.417783 0.721483 -0.4941 -0.246547
688 -1.43287 0.0094049 0.773015 0.425029 0.717518 -0.491973 -0.24996
689 -1.43638 0.00786183 0.760253 0.426429 0.715919 -0.492453 -0.251213
690 -1.42703 -0.00725645 0.762851 0.434336 0.709872 -0.491353 -0.256915
691 -1.43329 -0.0116459 0.762781 0.438067 0.70726 -0.494147 -0.252389
692 -1.43252 -0.0162927 0.763486 0.44216 0.706761 -0.491381 -0.252046
693 -1.4271 -0.0210282 0.764563 0.444179 0.703618 -0.490591 -0.258742
694 -1.42165 -0.0307334 0.77141 0.453283 0.700772 -0.48617 -0.25902
695 -1.43389 -0.0201895 0.757675 0.452431 0.699059 -0.491093 -0.255832
696 -1.43117 -0.0341245 0.75738 0.454109 0.698423 -0.488362 -0.259794
697 -1.41044 -0.0411182 0.762829 0.458625 0.699728 -0.480708 -0.262611
698 -1.41326 -0.0435189 0.761272 0.461798 0.699533 -0.478969 -0.26074
699 -1.40565 -0.0557276 0.767631 0.46308 0.700104 -0.475342 -0.263555
700 -1.4096 -0.0526663 0.763269 0.462318 0.699749 -0.476861 -0.263092
701 -1.41296 -0.0578209 0.764981 0.464516 0.698946 -0.476049 -0.262823
702 -1.40873 -0.0619736 0.765877 0.464636 0.699241 -0.475054 -0.263627
703 -1.41167 -0.0683992 0.77009 0.468722 0.699301 -0.469795 -0.26565
704 -1.39781 -0.0744 0.767097 0.469187 0.69493 -0.472215 -0.271936
705 -1.40598 -0.0762351 0.768467 0.470489 0.695819 -0.472884 -0.266189
706 -1.40687 -0.081904 0.773994 0.4704 0.697128 -0.470066 -0.267908
707 -1.41685 -0.0843131 0.768339 0.469799 0.69613 -0.470912 -0.270062
708 -1.40783 -0.086958 0.775802 0.474934 0.694938 -0.46937 -0.266814
709 -1.39934 -0.102143 0.767485 0.478161 0.692375 -0.466754 -0.27225
710 -1.40161 -0.103036 0.775855 0.477981 0.690549 -0.4674 -0.276068
711 -1.40289 -0.108218 0.779129 0.480211 0.68872 -0.469237 -0.27364
712 -1.40217 -0.11191 0.77278 0.479868 0.690126 -0.468876 -0.271308
713 -1.40498 -0.11532 0.783486 0.480643 0.689109 -0.466045 -0.277332
714 -1.3994 -0.119186 0.782561 0.483333 0.685532 -0.466772 -0.280285
715 -1.39875 -0.127736 0.776878 0.487706 0.686738 -0.461505 -0.278472
716 -1.40036 -0.133928 0.775956 0.487878 0.68358 -0.462313 -0.284535
717 -1.39461 -0.138263 0.782041 0.488629 0.684067 -0.462228 -0.282203
718 -1.40119 -0.144726 0.787348 0.497475 0.681264 -0.455681 -0.284169
719 -1.39853 -0.143833 0.785041 0.498583 0.676789 -0.461229 -0.283971
720 -1.39266 -0.155373 0.791338 0.50296 0.677361 -0.454541 -0.285667
721 -1.40004 -0.158821 0.788456 0.502198 0.676574 -0.454601 -0.28876
722 -1.39335 -0.160625 0.787069 0.50414 0.674674 -0.455554 -0.28832
723 -1.38838 -0.172558 0.795994 0.510027 0.676097 -0.447279 -0.287588
724 -1.3709 -0.178019 0.797858 0.510971 0.672662 -0.446499 -0.29508
725 -1.3836 -0.175174 0.792082 0.511483 0.673165 -0.448743 -0.289594
726 -1.39059 -0.178007 0.799556 0.51477 0.675035 -0.443516 -0.287458
727 -1.37092 -0.185082 0.801101 0.514005 0.672111 -0.444009 -0.294826
728 -1.38298 -0.179212 0.792526 0.514378 0.671795 -0.446998 -0.290343
729 -1.36883 -0.194177 0.791965 0.51645 0.671384 -0.442227 -0.294887
730 -1.37942 -0.187673 0.800911 0.519863 0.672021 -0.439667 -0.291245
731 -1.38179 -0.191349 0.797 0.521581 0.670303 -0.439718 -0.292054
732 -1.38246 -0.191092 0.798124 0.5236 0.671467 -0.435923 -0.291455
733 -1.38014 -0.194926 0.796764 0.524043 0.670551 -0.435724 -0.293063
734 -1.37952 -0.200356 0.79902 0.526672 0.666535 -0.433898 -0.300134
735 -1.37686 -0.204245 0.790616 0.528437 0.662549 -0.43578 -0.303115
736 -1.3694 -0.20969 0.788013 0.533939 0.660752 -0.434355 -0.299419
737 -1.36164 -0.224825 0.799486 0.538779 0.655857 -0.427741 -0.310815
738 -1.37332 -0.216043 0.790363 0.540345 0.652664 -0.433627 -0.306634
739 -1.36648 -0.228864 0.801987 0.544605 0.652025 -0.429181 -0.306712
740 -1.36867 -0.230075 0.796316 0.543004 0.648116 -0.433151 -0.312204
741 -1.36549 -0.232169 0.800889 0.544565 0.647652 -0.429686 -0.315224
742 -1.35686 -0.242718 0.794387 0.548443 0.64529 -0.427537 -0.316265
743 -1.35781 -0.249097 0.794766 0.554871 0.639049 -0.430536 -0.313644
744 -1.33709 -0.264757 0.80411 0.558318 0.635592 -0.42809 -0.317872
745 -1.34188 -0.272157 0.808879 0.559806 0.636561 -0.425459 -0.316847
746 -1.3413 -0.277891 0.80982 0.559767 0.636259 -0.423877 -0.31963
747 -1.33827 -0.28317 0.805015 0.560426 0.63433 -0.424552 -0.321409
748 -1.32512 -0.294588 0.79976 0.560872 0.63198 -0.426463 -0.322728
749 -1.31484 -0.311111 0.810173 0.563788 0.630887 -0.417638 -0.331216
750 -1.31982 -0.318359 0.817495 0.568324 0.628898 -0.416862 -0.328208
751 -1.31553 -0.325154 0.815372 0.572233 0.625988 -0.414565 -0.329885
752 -1.32025 -0.320147 0.82271 0.576772 0.626109 -0.416844 -0.318689
753 -1.2995 -0.338507 0.807742 0.574516 0.62244 -0.415031 -0.332036
754 -1.30078 -0.342735 0.831094 0.577301 0.622671 -0.411429 -0.331257
755 -1.30161 -0.348953 0.816216 0.581141 0.614803 -0.412143 -0.338275
756 -1.29441 -0.367895 0.833327 0.590912 0.613892 -0.402485 -0.334613
757 -1.29295 -0.364944 0.829852 0.591164 0.613422 -0.404751 -0.332286
758 -1.28123 -0.376262 0.820463 0.587703 0.609014 -0.407675 -0.342794
759 -1.27616 -0.38226 0.816766 0.588863 0.604662 -0.410032 -0.345684
760 -1.28745 -0.384894 0.829509 0.593826 0.607751 -0.406704 -0.335561
761 -1.27151 -0.391191 0.8227 0.594054 0.60271 -0.407233 -0.343513
762 -1.24907 -0.429732 0.852418 0.600522 0.596882 -0.398443 -0.352629
763 -1.27389 -0.403664 0.831769 0.599094 0.599302 -0.404743 -0.343667
764 -1.27111 -0.409475 0.827009 0.599158 0.598117 -0.404913 -0.345414
765 -1.27555 -0.421252 0.825194 0.598138 0.597212 -0.40291 -0.351045
766 -1.27528 -0.419107 0.825471 0.595273 0.598772 -0.407105 -0.348407
767 -1.26818 -0.424838 0.829963 0.596935 0.595312 -0.407566 -0.350945
768 -1.26959 -0.435224 0.8383 0.599194 0.596577 -0.403505 -0.349637
769 -1.27158 -0.434841 0.833132 0.598535 0.59699 -0.404247 -0.349203
770 -1.27208 -0.444782 0.832525 0.600012 0.595347 -0.402437 -0.351557
771 -1.26223 -0.462115 0.82931 0.603952 0.589897 -0.400978 -0.355641
772 -1.26537 -0.463426 0.835458 0.608727 0.590962 -0.397179 -0.349949
773 -1.26354 -0.47032 0.822883 0.605265 0.588899 -0.401027 -0.355007
774 -1.26282 -0.47946 0.840456 0.605952 0.589774 -0.39607 -0.357935
775 -1.26431 -0.464618 0.827187 0.60476 0.590064 -0.400848 -0.354133
776 -1.26933 -0.470928 0.815005 0.605465 0.587837 -0.405196 -0.351677
777 -1.26618 -0.479349 0.821469 0.609828 0.583752 -0.401984 -0.354616
778 -1.25937 -0.502965 0.84362 0.617329 0.582874 -0.389126 -0.357412
779 -1.27026 -0.496368 0.815065 0.613935 0.580273 -0.397156 -0.358656
780 -1.26516 -0.512089 0.827641 0.617665 0.578935 -0.390838 -0.361345
781 -1.28133 -0.488073 0.822156 0.618074 0.580353 -0.393041 -0.355941
782 -1.27496 -0.513833 0.823683 0.623804 0.577549 -0.385289 -0.358969
783 -1.27991 -0.515292 0.80835 0.62462 0.571104 -0.387294 -0.365641
784 -1.28268 -0.505296 0.791024 0.626174 0.562881 -0.393164 -0.369451
785 -1.27954 -0.533721 0.819525 0.638386 0.564991 -0.378621 -0.360409
786 -1.28511 -0.52557 0.800033 0.635491 0.557477 -0.386245 -0.369032
787 -1.27847 -0.530803 0.807969 0.640276 0.5543 -0.380614 -0.371391
788 -1.29447 -0.54053 0.82753 0.647113 0.557582 -0.370793 -0.364499
789 -1.28151 -0.541884 0.789867 0.642909 0.548418 -0.382652 -0.373474
790 -1.28158 -0.538029 0.80672 0.643324 0.548092 -0.380777 -0.37515
791 -1.2826 -0.554208 0.788479 0.647234 0.541972 -0.377136 -0.38095
792 -1.28544 -0.555317 0.80396 0.654427 0.541342 -0.368911 -0.377596
793 -1.28998 -0.559844 0.813393 0.661481 0.5384 -0.361698 -0.376487
794 -1.28929 -0.558058 0.800833 0.662428 0.533918 -0.363029 -0.379909
795 -1.29257 -0.559743 0.801899 0.661491 0.53497 -0.361431 -0.381581
796 -1.29441 -0.569106 0.807003 0.661316 0.535449 -0.357535 -0.38487
797 -1.29494 -0.573868 0.792627 0.660432 0.532164 -0.358762 -0.389769
798 -1.29524 -0.570377 0.807686 0.661597 0.533686 -0.356123 -0.388131
799 -1.29292 -0.581436 0.790036 0.664197 0.527451 -0.356384 -0.391955
800 -1.29402 -0.583217 0.796593 0.665303 0.527158 -0.354553 -0.392133
801 -1.29126 -0.586726 0.80632 0.66396 0.527965 -0.353069 -0.394656
802 -1.30176 -0.590412 0.814898 0.668285 0.527768 -0.347298 -0.392734
803 -1.30153 -0.608698 0.794988 0.669806 0.521071 -0.348855 -0.397675
804 -1.29837 -0.601852 0.799155 0.667979 0.522128 -0.350176 -0.398201
805 -1.29983 -0.605296 0.803343 0.671182 0.519145 -0.34811 -0.398525
806 -1.31562 -0.63011 0.826758 0.678951 0.521728 -0.331941 -0.395778
807 -1.2963 -0.616377 0.806007 0.676321 0.516207 -0.344427 -0.39685
808 -1.30192 -0.628105 0.804266 0.678072 0.513999 -0.342027 -0.398799
809 -1.30508 -0.636606 0.812299 0.674259 0.518071 -0.341539 -0.400411
810 -1.30854 -0.639965 0.816146 0.675244 0.515567 -0.340848 -0.402566
811 -1.31906 -0.652403 0.817873 0.680098 0.514337 -0.337096 -0.399113
812 -1.31486 -0.653764 0.815924 0.683037 0.508681 -0.341722 -0.397403
813 -1.31138 -0.651489 0.825984 0.68581 0.506162 -0.340597 -0.396809
814 -1.31461 -0.660115 0.82053 0.68835 0.504393 -0.33839 -0.396554
815 -1.3043 -0.656499 0.821575 0.68823 0.503441 -0.341083 -0.395663
816 -1.30623 -0.658194 0.828905 0.690463 0.5024 -0.34003 -0.393999
817 -1.30877 -0.662075 0.833589 0.693547 0.500516 -0.338997 -0.391865
818 -1.31686 -0.672467 0.82694 0.693872 0.500647 -0.337247 -0.392631
819 -1.31534 -0.673659 0.828144 0.692187 0.49992 -0.337626 -0.396188
820 -1.31954 -0.679174 0.832961 0.693338 0.500021 -0.333685 -0.397385
821 -1.31751 -0.680563 0.838565 0.695047 0.500782 -0.33101 -0.395676
822 -1.32025 -0.686704 0.836512 0.697175 0.497609 -0.329564 -0.39714
823 -1.31822 -0.68492 0.82988 0.70039 0.493109 -0.330336 -0.396454
824 -1.32354 -0.694214 0.832623 0.704097 0.492331 -0.323741 -0.396294
825 -1.31751 -0.689701 0.820213 0.702712 0.491037 -0.326975 -0.397701
826 -1.32755 -0.700999 0.824576 0.704802 0.489919 -0.320781 -0.400416
827 -1.32639 -0.702624 0.822098 0.707794 0.488081 -0.318176 -0.39946
828 -1.32237 -0.704942 0.834939 0.709751 0.487816 -0.31562 -0.398338
829 -1.31409 -0.698496 0.833034 0.707847 0.487828 -0.318299 -0.399578
830 -1.3292 -0.713775 0.82173 0.709499 0.481457 -0.316011 -0.406138
831 -1.32766 -0.72018 0.827201 0.711845 0.480223 -0.313148 -0.405711
832 -1.31225 -0.715737 0.838202 0.712568 0.480375 -0.314208 -0.403434
833 -1.3288 -0.731108 0.830105 0.716522 0.469757 -0.312368 -0.410306
834 -1.32588 -0.735685 0.826652 0.718377 0.467741 -0.312943 -0.408925
835 -1.33136 -0.749197 0.825452 0.720219 0.463612 -0.308366 -0.413834
836 -1.3345 -0.754061 0.831596 0.721078 0.460376 -0.303833 -0.419269
837 -1.30338 -0.746798 0.850174 0.722391 0.460804 -0.310306 -0.41173
838 -1.32354 -0.767481 0.834363 0.724524 0.453636 -0.308445 -0.417302
839 -1.33442 -0.778406 0.831093 0.726657 0.445693 -0.303578 -0.425637
840 -1.31731 -0.772959 0.843517 0.730098 0.444389 -0.307541 -0.418203
841 -1.32091 -0.786728 0.838787 0.732258 0.444049 -0.302755 -0.41828
842 -1.3234 -0.796696 0.837416 0.732781 0.437239 -0.298856 -0.427246
843 -1.31881 -0.804034 0.839248 0.735411 0.436791 -0.298338 -0.423531
844 -1.32319 -0.812507 0.829344 0.737146 0.435284 -0.298973 -0.421615
845 -1.32166 -0.82443 0.847122 0.738578 0.434713 -0.294747 -0.422672
846 -1.31498 -0.829395 0.845604 0.737413 0.433631 -0.29744 -0.423928
847 -1.30961 -0.834601 0.846096 0.737961 0.431116 -0.299347 -0.424197
848 -1.30646 -0.845035 0.852957 0.739246 0.431851 -0.295386 -0.42399
849 -1.31636 -0.861325 0.843785 0.741986 0.425348 -0.290382 -0.429201
850 -1.316 -0.86211 0.851304 0.746011 0.421595 -0.291766 -0.424968
851 -1.32508 -0.872544 0.839197 0.744702 0.421616 -0.290266 -0.428257
852 -1.31205 -0.873893 0.850738 0.742676 0.419503 -0.29192 -0.432703
853 -1.30982 -0.879889 0.848224 0.745137 0.418826 -0.289622 -0.430668
854 -1.32472 -0.891584 0.846139 0.748519 0.415195 -0.288116 -0.429326
855 -1.32441 -0.900662 0.852029 0.74769 0.416189 -0.283597 -0.432804
856 -1.32027 -0.901738 0.852777 0.745736 0.41436 -0.283398 -0.438029
857 -1.31955 -0.910298 0.849652 0.748293 0.412523 -0.283644 -0.435233
858 -1.32063 -0.916509 0.847333 0.748519 0.413091 -0.285345 -0.433191
859 -1.32395 -0.91881 0.854278 0.748819 0.409834 -0.281875 -0.43801
860 -1.31245 -0.915333 0.850248 0.747451 0.410078 -0.286505 -0.437113
861 -1.34579 -0.939183 0.847436 0.750023 0.412645 -0.277382 -0.436175
862 -1.32654 -0.937788 0.860588 0.747784 0.412154 -0.282431 -0.437243
863 -1.34323 -0.946635 0.849969 0.747236 0.4113 -0.278664 -0.441382
864 -1.35308 -0.957041 0.849415 0.748856 0.412426 -0.276793 -0.438754
865 -1.35001 -0.957523 0.843646 0.747652 0.41297 -0.279604 -0.438512
866 -1.35132 -0.958985 0.84302 0.74563 0.412584 -0.278806 -0.442807
867 -1.35723 -0.966201 0.842459 0.747243 0.413768 -0.278214 -0.439342
868 -1.3535 -0.966281 0.842655 0.744838 0.416845 -0.278361 -0.440422
869 -1.36496 -0.97873 0.8446 0.743505 0.416595 -0.273472 -0.44594
870 -1.36417 -0.97397 0.839428 0.744917 0.416611 -0.2755 -0.442305
871 -1.35532 -0.978052 0.844635 0.745841 0.414385 -0.279351 -0.44042
872 -1.3664 -0.986271 0.843901 0.74683 0.413518 -0.275277 -0.44212
873 -1.37708 -0.991591 0.832274 0.746352 0.413588 -0.271999 -0.444883
874 -1.37496 -0.994222 0.830827 0.746782 0.411364 -0.272089 -0.446166
875 -1.37579 -0.997738 0.839125 0.749544 0.411554 -0.270253 -0.44246
876 -1.37992 -1.00308 0.8344 0.751511 0.410241 -0.269524 -0.440784
877 -1.38968 -1.01244 0.836466 0.750013 0.410797 -0.265511 -0.44523
878 -1.39132 -1.01441 0.830156 0.749939 0.41128 -0.26535 -0.445004
879 -1.38911 -1.01488 0.833664 0.750324 0.413554 -0.266755 -0.441395
880 -1.39785 -1.02812 0.843194 0.750395 0.413776 -0.261018 -0.444484
881 -1.40782 -1.03058 0.83571 0.749004 0.413833 -0.264774 -0.444556
882 -1.41795 -1.0411 0.834116 0.750375 0.40876 -0.267187 -0.445494
883 -1.41905 -1.04868 0.841336 0.753378 0.406079 -0.266551 -0.443252
884 -1.42921 -1.05677 0.845233 0.755913 0.406926 -0.260604 -0.441693
885 -1.4286 -1.061 0.840957 0.7588 0.403036 -0.259881 -0.440734
886 -1.4311 -1.06314 0.840085 0.759973 0.399627 -0.260408 -0.441505
887 -1.4347 -1.06919 0.847472 0.761409 0.400395 -0.2587 -0.439334
888 -1.44916 -1.08772 0.853292 0.759863 0.400513 -0.253394 -0.44496
889 -1.45232 -1.08516 0.852993 0.758354 0.400613 -0.257024 -0.445361
890 -1.45343 -1.0887 0.8444 0.75838 0.39824 -0.261821 -0.444652
891 -1.45395 -1.09522 0.848959 0.759831 0.398747 -0.262613 -0.441238
892 -1.47242 -1.11097 0.856879 0.75983 0.398751 -0.253946 -0.446282
893 -1.46819 -1.11226 0.857022 0.758318 0.399162 -0.256791 -0.446858
894 -1.4715 -1.12612 0.852299 0.760168 0.39837 -0.256506 -0.444578
895 -1.47493 -1.13582 0.856137 0.760183 0.398835 -0.253489 -0.445864
896 -1.48533 -1.14317 0.844433 0.761236 0.392555 -0.255416 -0.448535
897 -1.48706 -1.14825 0.848315 0.762496 0.39447 -0.255997 -0.444363
898 -1.48849 -1.1455 0.845805 0.761922 0.39705 -0.256001 -0.443046
899 -1.49434 -1.15407 0.848789 0.762565 0.397384 -0.249505 -0.44534
900 -1.49452 -1.15646 0.845805 0.762961 0.397634 -0.252227 -0.442899
901 -1.50336 -1.16719 0.851003 0.764344 0.396239 -0.250356 -0.442825
902 -1.50239 -1.16772 0.855701 0.764431 0.397376 -0.24787 -0.443055
903 -1.50915 -1.17886 0.85367 0.765815 0.394459 -0.24761 -0.443417
904 -1.50768 -1.18414 0.864322 0.767515 0.396735 -0.245556 -0.439573
905 -1.51706 -1.1847 0.865448 0.767742 0.39753 -0.241256 -0.440837
906 -1.5096 -1.18999 0.865316 0.765708 0.397941 -0.244119 -0.442426
907 -1.52167 -1.19121 0.853427 0.766066 0.398407 -0.24646 -0.440082
908 -1.53348 -1.20306 0.865895 0.765061 0.402759 -0.238476 -0.442263
909 -1.52713 -1.20563 0.861962 0.762871 0.401184 -0.241878 -0.445616
910 -1.52814 -1.1987 0.8606 0.764612 0.401838 -0.246643 -0.439388
911 -1.53894 -1.2116 0.866292 0.764958 0.404012 -0.242162 -0.439284
912 -1.53523 -1.21468 0.868755 0.762817 0.40595 -0.243235 -0.440626
913 -1.55387 -1.22306 0.865581 0.764828 0.406703 -0.239438 -0.438521
914 -1.54829 -1.2254 0.859832 0.763732 0.404262 -0.245319 -0.439435
915 -1.54304 -1.21963 0.856957 0.760475 0.405082 -0.250328 -0.441499
916 -1.55587 -1.24269 0.826101 0.758238 0.396661 -0.250851 -0.452558
917 -1.55978 -1.24574 0.851517 0.760321 0.402919 -0.248501 -0.444764
918 -1.56261 -1.24474 0.855856 0.762719 0.40229 -0.24639 -0.442396
919 -1.56469 -1.254 0.866138 0.762455 0.403915 -0.247437 -0.440783
920 -1.57559 -1.25871 0.867344 0.762244 0.405479 -0.244249 -0.441489
921 -1.56901 -1.242 0.871959 0.761441 0.408297 -0.248865 -0.437684
922 -1.57681 -1.26575 0.861948 0.762005 0.404182 -0.245573 -0.442357
923 -1.5946 -1.27655 0.885098 0.766556 0.406639 -0.235268 -0.43782
924 -1.62524 -1.25633 0.928317 0.775761 0.410538 -0.228043 -0.421485
925 -1.60116 -1.28902 0.865792 0.763464 0.400978 -0.240521 -0.445521
926 -1.61211 -1.29283 0.880109 0.765331 0.406044 -0.235677 -0.440287
927 -1.49537 -1.27356 0.654824 -0.706894 -0.39163 0.305828 0.503385
928 -1.6044 -1.30846 0.861199 0.759127 0.400954 -0.24334 -0.451384
929 -1.57948 -1.29533 0.802694 0.746945 0.400446 -0.262466 -0.461333
930 -1.62588 -1.3577 0.804211 0.756187 0.385246 -0.238557 -0.472077
931 -1.63274 -1.3218 0.855565 0.767717 0.39299 -0.241584 -0.444754
932 -1.64325 -1.33987 0.867752 0.771806 0.392835 -0.237213 -0.440143
933 -1.60843 -1.35413 0.797982 0.754626 0.386415 -0.2554 -0.464751
934 -1.59428 -1.32989 0.804806 0.752169 0.392226 -0.265244 -0.458308
935 -1.63726 -1.35998 0.843765 0.764771 0.389378 -0.247693 -0.449619
936 -1.65355 -1.36707 0.852586 0.76744 0.391178 -0.241773 -0.446724
937 -1.62625 -1.35745 0.835254 0.758862 0.395287 -0.255113 -0.450326
938 -1.64758 -1.3734 0.84307 0.762174 0.396939 -0.24473 -0.449041
939 -1.61169 -1.40671 0.771951 0.746109 0.385282 -0.263067 -0.475054
940 -1.70898 -1.45839 0.840668 0.765389 0.384186 -0.219282 -0.467436
941 -1.61257 -1.39003 0.807196 0.745014 0.401014 -0.266812 -0.461469
942 -1.64291 -1.43606 0.798823 0.749396 0.38833 -0.253321 -0.472688
943 -1.61767 -1.38468 0.826536 0.749491 0.402776 -0.272706 -0.449072
944 -1.60897 -1.38822 0.813313 0.744795 0.402833 -0.278083 -0.453515
945 -1.54403 -1.31023 0.840144 0.734985 0.424921 -0.311291 -0.42701
946 -1.69434 -1.46478 0.830117 0.755718 0.38556 -0.251489 -0.465818
947 -1.68603 -1.433 0.865709 0.759054 0.393597 -0.260206 -0.448567
948 -1.7843 -1.51762 0.868735 0.774229 0.37134 -0.216742 -0.464434
949 -1.67708 -1.50666 0.775742 0.744059 0.372113 -0.265525 -0.487242
950 -1.70811 -1.49492 0.827971 0.753578 0.382901 -0.256065 -0.468975
951 -1.72193 -1.4831 0.874466 0.759651 0.387713 -0.25251 -0.456998
952 -1.76159 -1.52648 0.858599 0.765391 0.375932 -0.240056 -0.463923
953 -1.77174 -1.66277 0.728722 -0.738805 -0.337205 0.230512 0.536027
954 -1.75235 -1.53751 0.859109 0.760501 0.373187 -0.249305 -0.469273
955 -1.79878 -1.56893 0.859651 0.764723 0.368965 -0.234387 -0.47342
956 -1.7706 -1.58277 0.82345 0.753683 0.370745 -0.249055 -0.482164
957 -1.79882 -1.58175 0.851775 0.761057 0.371603 -0.239713 -0.474596
958 -1.81639 -1.5902 0.852925 0.763612 0.366104 -0.23541 -0.476915
959 -1.70098 -1.52445 0.807167 0.739266 0.382726 -0.292621 -0.470509
960 -1.76436 -1.60463 0.816105 0.746752 0.373753 -0.258146 -0.48583
961 -1.7936 -1.59352 0.835826 0.753359 0.371887 -0.252482 -0.480002
962 -1.81458 -1.59661 0.854589 0.760981 0.370078 -0.247556 -0.471875
963 -1.80593 -1.58815 0.844906 0.756722 0.374844 -0.257888 -0.469422
964 -1.81187 -1.61272 0.837645 0.754346 0.37192 -0.248559 -0.480474
965 -1.82354 -1.58945 0.859465 0.758158 0.379946 -0.249859 -0.467342
966 -1.82083 -1.59343 0.858329 0.760232 0.379303 -0.255136 -0.461608
967 -1.82924 -1.61165 0.84696 0.758522 0.376375 -0.251886 -0.468551
968 -1.81689 -1.61359 0.844191 0.752846 0.378032 -0.255691 -0.474274
969 -1.83912 -1.60782 0.856414 0.759382 0.381512 -0.249014 -0.464521
970 -1.84235 -1.61725 0.846874 0.759228 0.378609 -0.251164 -0.465987
971 -1.82601 -1.61744 0.834478 0.754393 0.377024 -0.258952 -0.470837
972 -1.86734 -1.63415 0.871072 0.765769 0.373977 -0.240911 -0.464436
973 -1.8398 -1.63614 0.831246 0.75166 0.375065 -0.257676 -0.477427
974 -1.84875 -1.65858 0.826235 0.751611 0.371157 -0.255286 -0.481822
975 -1.87249 -1.65451 0.852128 0.760534 0.369345 -0.246014 -0.473972
976 -1.91112 -1.6823 0.844867 0.767759 0.357242 -0.231469 -0.478901
977 -1.86881 -1.65477 0.846653 0.761097 0.370239 -0.250282 -0.47012
978 -1.86806 -1.65722 0.85619 0.757101 0.37548 -0.248906 -0.473138
979 -1.87358 -1.7119 0.795249 0.746627 0.361544 -0.253947 -0.497338
980 -1.87612 -1.66211 0.855239 0.752164 0.381974 -0.255782 -0.472145
981 -1.85673 -1.69482 0.805707 0.736022 0.376006 -0.262077 -0.498204
982 -1.83593 -1.71113 0.798858 -0.731848 -0.375306 0.271032 0.500085
983 -1.87752 -1.68497 0.83573 0.745996 0.377219 -0.2628 -0.481801
984 -1.88134 -1.69271 0.821923 0.743525 0.376004 -0.26153 -0.48723
985 -1.88867 -1.7183 0.816265 0.741918 0.372267 -0.260652 -0.492986
986 -1.87531 -1.70332 0.83035 0.740982 0.382325 -0.266795 -0.483315
987 -1.88759 -1.70844 0.837285 0.743016 0.382772 -0.264065 -0.481333
988 -1.89541 -1.7094 0.839305 0.742857 0.384446 -0.261392 -0.481705
989 -1.90835 -1.72497 0.840642 0.744741 0.379871 -0.259877 -0.483242
990 -1.89964 -1.71706 0.84436 0.744794 0.385499 -0.266418 -0.475073
991 -1.89835 -1.73751 0.829568 0.740474 0.381071 -0.266202 -0.485407
992 -1.89142 -1.72051 0.838092 0.738022 0.390895 -0.266787 -0.480988
993 -1.90131 -1.73571 0.838003 0.739972 0.390792 -0.268991 -0.47683
994 -1.91204 -1.76039 0.818559 0.738294 0.384593 -0.262236 -0.488101
995 -1.91318 -1.78158 0.787074 0.733827 0.373445 -0.27006 -0.499103
996 -1.95574 -1.78401 0.824077 0.74728 0.377128 -0.255177 -0.483976
997 -1.94893 -1.79201 0.814335 0.742252 0.377696 -0.256484 -0.490533
998 -1.94253 -1.79181 0.81653 0.741507 0.375843 -0.260078 -0.49119
999 -1.9193 -1.78774 0.814221 0.741405 0.376047 -0.275114 -0.482927
1000 -1.92375 -1.77473 0.828859 0.739874 0.385037 -0.274013 -0.4788
1001 -1.94218 -1.78531 0.824036 0.740463 0.379761 -0.267673 -0.485642
1002 -1.94411 -1.78679 0.827507 0.742288 0.380783 -0.269789 -0.480861
1003 -1.94002 -1.79902 0.825458 0.741023 0.379737 -0.26973 -0.483663
1004 -1.95041 -1.7853 0.842227 0.741118 0.386113 -0.264863 -0.481154
1005 -1.94374 -1.78175 0.865849 0.744441 0.390138 -0.264059 -0.473153
1006 -1.96084 -1.79021 0.845675 0.745976 0.382622 -0.263882 -0.476955
1007 -1.9379 -1.79068 0.831333 0.738141 0.389179 -0.270213 -0.480284
1008 -1.93603 -1.78596 0.836735 0.737399 0.390644 -0.27028 -0.480197
1009 -1.96096 -1.79554 0.832489 0.742181 0.385276 -0.263218 -0.481089
1010 -1.94976 -1.80263 0.823624 0.738035 0.389069 -0.266477 -0.482618
1011 -1.96813 -1.80254 0.837313 0.744223 0.383603 -0.261638 -0.480133
1012 -1.95929 -1.79783 0.837762 0.744509 0.387138 -0.263768 -0.475666
1013 -1.95338 -1.79666 0.835792 0.742124 0.390361 -0.264934 -0.47611
1014 -1.95536 -1.79835 0.844507 0.743053 0.38966 -0.265165 -0.475106
1015 -1.96272 -1.79903 0.84237 0.746327 0.387396 -0.261162 -0.47404
1016 -1.97666 -1.80437 0.83495 0.749332 0.383134 -0.25597 -0.475593
1017 -1.96943 -1.78658 0.852187 0.748498 0.388634 -0.261893 -0.469176
1018 -1.98168 -1.78752 0.860301 0.751048 0.389748 -0.257328 -0.466697
1019 -1.97241 -1.78998 0.850549 0.74744 0.392606 -0.258064 -0.469678
1020 -1.96067 -1.78784 0.83853 0.742375 0.393104 -0.263293 -0.474368
1021 -1.97842 -1.82153 0.821997 0.743399 0.380964 -0.258257 -0.485311
1022 -1.99388 -1.81631 0.837158 0.748242 0.381854 -0.254751 -0.478983
1023 -1.98157 -1.8167 0.821485 0.741833 0.383253 -0.258198 -0.485938
1024 -1.97133 -1.82909 0.805064 0.741619 0.378251 -0.262582 -0.487829
1025 -1.99917 -1.82887 0.816983 0.747995 0.380598 -0.252943 -0.481319
1026 -2.00314 -1.84286 0.813738 0.745103 0.375782 -0.253078 -0.48945
1027 -1.99994 -1.83311 0.828347 0.750625 0.37798 -0.255096 -0.478141
1028 -1.98851 -1.8192 0.827052 0.747911 0.383296 -0.259745 -0.475654
1029 -1.99816 -1.83215 0.827514 0.749082 0.378582 -0.257537 -0.478775
1030 -2.00307 -1.84141 0.824851 0.748998 0.38163 -0.253508 -0.478638
1031 -2.00079 -1.84432 0.814432 0.746975 0.378152 -0.256406 -0.482997
1032 -1.94596 -1.83849 0.791754 0.734801 0.384047 -0.27642 -0.485971
1033 -2.00393 -1.8285 0.839857 0.753743 0.384894 -0.255078 -0.467615
1034 -2.00271 -1.83196 0.828567 0.749774 0.384772 -0.25264 -0.475356
1035 -1.97997 -1.84663 0.803707 0.743869 0.382923 -0.259646 -0.4823
1036 -1.9774 -1.84277 0.802749 0.744619 0.383371 -0.261447 -0.479807
1037 -1.97424 -1.82531 0.828105 0.747135 0.392887 -0.259969 -0.468875
1038 -2.0078 -1.83875 0.816417 0.750956 0.382169 -0.252393 -0.47572
1039 -1.99426 -1.84319 0.810086 0.745075 0.387465 -0.255917 -0.478791
1040 -2.00246 -1.82833 0.830596 0.750936 0.390121 -0.252672 -0.469104
1041 -1.99801 -1.83661 0.826132 0.750997 0.387714 -0.252475 -0.471103
1042 -1.98271 -1.83357 0.814296 0.746656 0.388791 -0.260272 -0.472869
1043 -1.98802 -1.84764 0.806388 0.746494 0.384695 -0.25715 -0.478154
1044 -2.00286 -1.8411 0.819287 0.751466 0.384364 -0.251628 -0.473547
1045 -1.99445 -1.8263 0.824434 0.750721 0.387995 -0.256399 -0.469188
1046 -1.99832 -1.83637 0.813545 0.750725 0.383781 -0.253795 -0.474038
