0 0.0 0.0 0.0 0.0 0.0 0.0 1.0 
1 -0.001902 0.006069 -4.1e-05 0.002137 -0.000607 -0.000311 0.999997 
2 -0.002535 0.004689 -0.001212 0.001032 -0.001769 0.000123 0.999998 
3 -0.000371 -0.00147 0.00182 1.9e-05 -0.002885 0.001187 0.999995 
4 0.002587 0.008681 0.000932 0.002629 -0.00394 0.000719 0.999988 
5 0.002784 0.018761 -0.002197 0.003522 -0.003556 0.000276 0.999987 
6 0.000495 0.01686 -0.003106 0.001239 -0.002566 0.000344 0.999996 
7 -0.000572 0.01296 -0.000112 -6.9e-05 -0.002305 0.001522 0.999996 
8 -0.002553 0.020549 -0.001976 0.00123 -0.002338 0.001724 0.999995 
9 -0.002613 0.016689 -0.003239 -0.000538 -0.002908 0.001998 0.999994 
10 -0.001646 0.006849 -0.000305 -0.002157 -0.003826 0.002678 0.999987 
11 0.000333 0.009 -0.000275 -0.000476 -0.004462 0.002591 0.999987 
12 0.003133 0.016642 -0.003021 0.001338 -0.005406 0.002129 0.999982 
13 0.005929 0.015003 -0.003211 0.000381 -0.005899 0.001644 0.999981 
14 0.007003 0.013713 -0.002912 0.000223 -0.005756 0.001773 0.999982 
15 0.006693 0.017473 -0.004775 0.000695 -0.006066 0.001555 0.99998 
16 0.005975 0.016473 -0.006154 -5.8e-05 -0.005915 0.001501 0.999981 
17 0.006412 0.012303 -0.005954 -0.001198 -0.006205 0.002118 0.999978 
18 0.005991 0.013664 -0.00858 -0.000659 -0.006123 0.003181 0.999976 
19 0.008438 0.010474 -0.008352 -0.000677 -0.006117 0.004141 0.999972 
20 0.00857 0.007674 -0.007983 -0.00067 -0.005808 0.004493 0.999973 
21 0.011208 0.014066 -0.011925 0.001543 -0.003854 0.005011 0.999979 
22 0.013255 0.012797 -0.011764 0.001109 -0.002676 0.005562 0.99998 
23 0.013384 0.015807 -0.014851 0.001919 -0.000921 0.00549 0.999983 
24 0.011576 0.016017 -0.015838 0.002103 0.000946 0.005422 0.999983 
25 0.012701 0.020237 -0.018315 0.00311 0.002309 0.005689 0.999976 
26 0.011522 0.022347 -0.019728 0.003229 0.004277 0.005539 0.99997 
27 0.012669 0.024378 -0.02092 0.003395 0.006385 0.006158 0.999955 
28 0.015918 0.023429 -0.021296 0.003017 0.008023 0.006551 0.999942 
29 0.020732 0.022281 -0.022692 0.002802 0.009734 0.007108 0.999923 
30 0.021058 0.019011 -0.023806 0.001691 0.01247 0.007821 0.99989 
31 0.022322 0.015082 -0.023893 0.000754 0.015094 0.009064 0.999845 
32 0.030537 0.012635 -0.0262 0.000237 0.019842 0.010281 0.99975 
33 0.029783 0.013965 -0.027803 0.000729 0.023286 0.010145 0.999677 
34 0.03023 0.016376 -0.031228 0.000788 0.02667 0.009887 0.999595 
35 0.032781 0.017377 -0.03349 0.000458 0.03004 0.009794 0.999501 
36 0.032566 0.017267 -0.033729 0.000258 0.033769 0.009721 0.999382 
37 0.033378 0.016547 -0.03467 0.000242 0.037188 0.01012 0.999257 
38 0.036378 0.016259 -0.035506 0.000168 0.040148 0.011428 0.999128 
39 0.041914 0.014531 -0.036126 -0.000993 0.046606 0.012911 0.998829 
40 0.042294 0.014611 -0.037406 -0.001174 0.050135 0.013268 0.998654 
41 0.044088 0.014782 -0.038929 -0.00145 0.053442 0.013822 0.998474 
42 0.046053 0.013843 -0.039117 -0.001816 0.056865 0.01423 0.998279 
43 0.047911 0.012264 -0.04027 -0.002157 0.060361 0.015655 0.998051 
44 0.049327 0.011444 -0.040947 -0.002524 0.063679 0.016783 0.997826 
45 0.051077 0.008955 -0.041345 -0.003657 0.067047 0.017505 0.99759 
46 0.053023 0.007826 -0.041131 -0.004195 0.070556 0.018072 0.997335 
47 0.054215 0.010356 -0.043015 -0.003542 0.073964 0.018956 0.997074 
48 0.049381 0.007965 -0.04504 -0.004569 0.078119 0.019386 0.996745 
49 0.048542 0.003454 -0.044138 -0.005778 0.081912 0.020027 0.996422 
50 0.048736 0.005774 -0.04438 -0.004803 0.085482 0.020466 0.996118 
51 0.049138 0.010275 -0.046703 -0.003961 0.088836 0.020795 0.995821 
52 0.049348 0.008885 -0.046258 -0.004772 0.092774 0.02161 0.995441 
53 0.050208 0.006585 -0.046194 -0.005245 0.096454 0.022219 0.995076 
54 0.051658 0.007416 -0.047093 -0.004938 0.09986 0.022953 0.994724 
55 0.05202 0.010186 -0.049402 -0.004702 0.103463 0.023759 0.994338 
56 0.055638 0.008628 -0.04882 -0.00572 0.106976 0.025309 0.993923 
57 0.059396 0.005859 -0.049531 -0.006285 0.110449 0.026905 0.993498 
58 0.062754 0.010271 -0.052124 -0.005381 0.114094 0.027992 0.993061 
59 0.062496 0.012861 -0.053548 -0.005314 0.118523 0.028614 0.992525 
60 0.064454 0.011612 -0.052987 -0.005901 0.122518 0.029673 0.992005 
61 0.070837 0.010154 -0.053035 -0.006072 0.125519 0.030683 0.991598 
62 0.073265 0.014365 -0.05694 -0.00519 0.12923 0.031134 0.991112 
63 0.074242 0.013236 -0.056783 -0.005973 0.133509 0.031759 0.990521 
64 0.071421 0.017825 -0.058623 -0.005441 0.137785 0.031768 0.989938 
65 0.071621 0.019285 -0.060436 -0.006469 0.141379 0.032779 0.989392 
66 0.07677 0.021877 -0.060772 -0.007415 0.144592 0.034088 0.988876 
67 0.078227 0.021198 -0.061948 -0.00836 0.148516 0.035039 0.988254 
68 0.080814 0.019779 -0.062626 -0.00931 0.151911 0.036198 0.987687 
69 0.083384 0.01913 -0.06436 -0.0101 0.155 0.037355 0.987156 
70 0.085064 0.019401 -0.065248 -0.010493 0.158303 0.038331 0.986591 
71 0.087687 0.016872 -0.067493 -0.010939 0.161456 0.039522 0.986028 
72 0.089576 0.017083 -0.070529 -0.011094 0.164979 0.04118 0.985375 
73 0.09514 0.017145 -0.071969 -0.011789 0.168096 0.04238 0.984789 
74 0.098581 0.015647 -0.073686 -0.012529 0.171916 0.043391 0.984076 
75 0.101405 0.015018 -0.074706 -0.012778 0.176059 0.044447 0.983293 
76 0.104485 0.01747 -0.078248 -0.012202 0.179814 0.044748 0.982607 
77 0.108207 0.016051 -0.07873 -0.012713 0.183737 0.045792 0.981826 
78 0.112073 0.016453 -0.081592 -0.012717 0.187445 0.046348 0.981099 
79 0.11763 0.017865 -0.083186 -0.012953 0.191374 0.046789 0.980316 
80 0.121713 0.019347 -0.085498 -0.013188 0.195603 0.047061 0.979465 
81 0.123582 0.019538 -0.087635 -0.014032 0.199936 0.047632 0.97855 
82 0.129826 0.019871 -0.090412 -0.015339 0.203111 0.04802 0.977857 
83 0.140352 0.016545 -0.090473 -0.016651 0.205756 0.048184 0.977275 
84 0.142926 0.014276 -0.092786 -0.016617 0.209234 0.047091 0.97659 
85 0.145131 0.014967 -0.095666 -0.016179 0.212594 0.04624 0.975912 
86 0.150539 0.012149 -0.096344 -0.016465 0.215632 0.045842 0.975259 
87 0.153527 0.01179 -0.097527 -0.015915 0.219217 0.046325 0.974446 
88 0.156498 0.011652 -0.09907 -0.015872 0.22243 0.046494 0.97371 
89 0.162802 0.011354 -0.100007 -0.015888 0.225208 0.047721 0.973012 
90 0.172117 0.008507 -0.099966 -0.016039 0.227306 0.049358 0.972439 
91 0.180247 0.004491 -0.101423 -0.015936 0.229584 0.050419 0.971851 
92 0.188619 0.005284 -0.103984 -0.014935 0.232123 0.049958 0.971288 
93 0.194709 0.005267 -0.106447 -0.014172 0.235717 0.049758 0.970444 
94 0.202198 0.00658 -0.108417 -0.013584 0.239034 0.049076 0.969675 
95 0.210056 0.005003 -0.11151 -0.014171 0.241684 0.04924 0.969001 
96 0.218552 0.004916 -0.112317 -0.014387 0.24395 0.049089 0.968438 
97 0.226789 0.00558 -0.114221 -0.014109 0.246148 0.047987 0.967941 
98 0.234358 0.005103 -0.114619 -0.014408 0.248663 0.047749 0.967305 
99 0.242979 0.002966 -0.115935 -0.014778 0.250327 0.047027 0.966906 
100 0.247627 0.003648 -0.11798 -0.014436 0.252155 0.045909 0.966489 
101 0.255713 0.000251 -0.117206 -0.015328 0.253143 0.045756 0.966225 
102 0.266114 -0.002385 -0.117921 -0.015645 0.25331 0.045561 0.966185 
103 0.272732 -0.003662 -0.118151 -0.015434 0.254223 0.044783 0.965985 
104 0.279722 -0.001789 -0.120693 -0.01492 0.2546 0.043644 0.965946 
105 0.287598 -0.000896 -0.121885 -0.014927 0.255131 0.043352 0.965819 
106 0.296253 -0.001073 -0.123649 -0.014887 0.255272 0.042807 0.965806 
107 0.313301 -0.000746 -0.126163 -0.016064 0.255311 0.043218 0.965759 
108 0.325358 -0.001841 -0.12691 -0.016797 0.25449 0.044104 0.965923 
109 0.335172 -0.000997 -0.128607 -0.016454 0.254406 0.044206 0.965946 
110 0.341015 0.003215 -0.131335 -0.015905 0.254816 0.044737 0.965823 
111 0.349994 0.003878 -0.131951 -0.016902 0.254479 0.044745 0.965895 
112 0.360861 0.003883 -0.132825 -0.017882 0.254472 0.04526 0.965855 
113 0.370886 0.005836 -0.134117 -0.018483 0.255064 0.045869 0.965659 
114 0.378784 0.00885 -0.135708 -0.019027 0.256356 0.046144 0.965293 
115 0.386217 0.011342 -0.13684 -0.020274 0.257845 0.047145 0.964822 
116 0.395416 0.011326 -0.137181 -0.022686 0.259024 0.048339 0.964394 
117 0.409471 0.010581 -0.135272 -0.024576 0.25978 0.049894 0.964065 
118 0.420709 0.008695 -0.133847 -0.025449 0.260835 0.049992 0.963752 
119 0.42923 0.010058 -0.135364 -0.025451 0.262797 0.049159 0.963262 
120 0.438214 0.009532 -0.13585 -0.026559 0.265233 0.048271 0.962609 
121 0.449491 0.007036 -0.133834 -0.027736 0.267578 0.048368 0.961922 
122 0.455864 0.005568 -0.130569 -0.027472 0.270758 0.048148 0.96105 
123 0.459343 0.005949 -0.12914 -0.026908 0.273985 0.047413 0.960188 
124 0.468643 0.005842 -0.127418 -0.027732 0.275592 0.047924 0.959679 
125 0.478799 0.005976 -0.125237 -0.02829 0.276956 0.048258 0.959253 
126 0.490598 0.00459 -0.121849 -0.028828 0.278416 0.049017 0.958776 
127 0.501688 0.003234 -0.118286 -0.02803 0.28014 0.049697 0.958262 
128 0.508343 0.002406 -0.115825 -0.026874 0.282322 0.049398 0.95767 
129 0.515027 0.003328 -0.112692 -0.026124 0.284128 0.047815 0.957237 
130 0.525754 0.002762 -0.108868 -0.026111 0.285229 0.047329 0.956934 
131 0.53629 0.001775 -0.104418 -0.025608 0.286238 0.047253 0.95665 
132 0.544951 0.002268 -0.101761 -0.025108 0.287624 0.04549 0.956333 
133 0.554664 0.001151 -0.09831 -0.026455 0.289199 0.044279 0.955878 
134 0.568742 -0.006485 -0.09204 -0.027772 0.289858 0.045762 0.955571 
135 0.573873 -0.010473 -0.088213 -0.025848 0.29089 0.044864 0.955355 
136 0.577553 -0.009232 -0.085409 -0.024366 0.291349 0.043037 0.955338 
137 0.586388 -0.00998 -0.080427 -0.024493 0.290783 0.042935 0.955511 
138 0.594746 -0.011297 -0.075271 -0.024282 0.290409 0.043252 0.955616 
139 0.603404 -0.012195 -0.07043 -0.023905 0.289747 0.043126 0.955832 
140 0.614333 -0.012611 -0.065236 -0.023374 0.288927 0.042708 0.956112 
141 0.623311 -0.014679 -0.059939 -0.022969 0.28897 0.042054 0.956138 
142 0.629322 -0.014627 -0.055504 -0.022514 0.2892 0.04066 0.95614 
143 0.637269 -0.015125 -0.050205 -0.023207 0.28895 0.040175 0.956219 
144 0.647003 -0.016722 -0.044011 -0.023676 0.288651 0.040545 0.956283 
145 0.656369 -0.020689 -0.037903 -0.023493 0.287849 0.040461 0.956532 
146 0.660642 -0.020268 -0.033212 -0.02244 0.28788 0.038943 0.956611 
147 0.666447 -0.019647 -0.028847 -0.022508 0.287346 0.038586 0.956785 
148 0.674327 -0.022965 -0.022813 -0.023702 0.286081 0.039735 0.957088 
149 0.682178 -0.025062 -0.018121 -0.023969 0.284696 0.040623 0.957457 
150 0.695372 -0.024648 -0.009009 -0.023804 0.28337 0.041781 0.957804 
151 0.703154 -0.025706 -0.003643 -0.023424 0.282768 0.043203 0.957929 
152 0.709327 -0.027365 0.001407 -0.02287 0.282773 0.043048 0.957947 
153 0.71362 -0.027244 0.005624 -0.022398 0.282621 0.042065 0.958047 
154 0.722316 -0.028711 0.01123 -0.022927 0.281521 0.040775 0.958414 
155 0.728948 -0.02994 0.017274 -0.022479 0.281409 0.039503 0.958511 
156 0.733544 -0.030849 0.023046 -0.021932 0.281103 0.038254 0.958664 
157 0.740901 -0.032947 0.029873 -0.021969 0.279991 0.036598 0.959053 
158 0.75421 -0.036824 0.044271 -0.020778 0.278171 0.034477 0.959688 
159 0.758332 -0.039043 0.051021 -0.019944 0.27738 0.032879 0.95999 
160 0.763456 -0.041472 0.058726 -0.019491 0.275707 0.03226 0.960503 
161 0.770018 -0.042191 0.06675 -0.018691 0.273184 0.030992 0.961281 
162 0.777805 -0.042049 0.074812 -0.018038 0.270644 0.02968 0.962053 
163 0.786399 -0.044967 0.083672 -0.017815 0.268393 0.028462 0.962724 
164 0.794367 -0.048926 0.092737 -0.017342 0.26618 0.026862 0.963393 
165 0.798704 -0.050785 0.100918 -0.015948 0.264143 0.024709 0.964035 
166 0.805792 -0.053224 0.109687 -0.015471 0.26131 0.023542 0.964844 
167 0.814518 -0.057852 0.120324 -0.015391 0.258368 0.022715 0.965657 
168 0.820246 -0.059151 0.128561 -0.014436 0.255797 0.021276 0.966389 
169 0.82957 -0.062069 0.138841 -0.014672 0.253278 0.021175 0.96705 
170 0.83763 -0.064767 0.149133 -0.013358 0.251236 0.021101 0.967604 
171 0.841496 -0.064716 0.156328 -0.011341 0.24958 0.020902 0.968062 
172 0.849862 -0.067005 0.166113 -0.011571 0.247273 0.021664 0.968634 
173 0.859586 -0.070772 0.176596 -0.011623 0.24501 0.022141 0.969198 
174 0.866374 -0.073311 0.186578 -0.01038 0.243545 0.022002 0.969584 
175 0.871121 -0.073111 0.194734 -0.008459 0.242075 0.01997 0.970015 
176 0.875421 -0.07314 0.202571 -0.00802 0.240698 0.018154 0.970397 
177 0.881427 -0.075709 0.211776 -0.008916 0.238746 0.017936 0.970875 
178 0.887747 -0.077008 0.220871 -0.008757 0.23594 0.017303 0.971574 
179 0.89153 -0.077778 0.229728 -0.00823 0.233435 0.017165 0.972186 
180 0.897347 -0.079627 0.23833 -0.008233 0.229959 0.016887 0.973019 
181 0.902593 -0.081836 0.247715 -0.008171 0.226379 0.016772 0.973861 
182 0.908101 -0.082475 0.255256 -0.007347 0.222878 0.016056 0.974686 
183 0.911843 -0.082015 0.261374 -0.006813 0.219872 0.015423 0.975383 
184 0.917286 -0.083624 0.270747 -0.007329 0.21711 0.015146 0.976002 
185 0.922244 -0.084653 0.278053 -0.00688 0.214519 0.014092 0.976594 
186 0.926364 -0.085573 0.284746 -0.006285 0.212389 0.013851 0.977067 
187 0.929488 -0.085413 0.29114 -0.005786 0.210248 0.013598 0.977536 
188 0.934639 -0.086182 0.299194 -0.005595 0.207813 0.014253 0.978049 
189 0.938413 -0.088072 0.307423 -0.005475 0.206079 0.013661 0.978425 
190 0.941176 -0.089652 0.315877 -0.005037 0.204893 0.01344 0.978679 
191 0.946594 -0.091552 0.331282 -0.002978 0.202404 0.013127 0.97921 
192 0.950255 -0.094022 0.34003 -0.002988 0.200883 0.013158 0.979522 
193 0.954979 -0.095602 0.358631 -0.001708 0.199413 0.013284 0.979824 
194 0.955296 -0.094584 0.367322 -0.000912 0.199317 0.01252 0.979855 
195 0.957873 -0.095394 0.377514 -0.00129 0.19864 0.012844 0.979987 
196 0.959918 -0.096065 0.388475 -0.000947 0.19789 0.012728 0.980141 
197 0.960037 -0.095196 0.398525 -0.000185 0.197769 0.011909 0.980176 
198 0.962149 -0.096067 0.409492 -0.000484 0.197706 0.011486 0.980194 
199 0.964523 -0.095907 0.42101 0.000252 0.198272 0.011228 0.980083 
200 0.964253 -0.096269 0.431329 0.001022 0.199862 0.010974 0.979762 
201 0.964088 -0.096561 0.442 0.001455 0.201542 0.010809 0.979419 
202 0.964213 -0.097992 0.452692 0.000983 0.203027 0.011335 0.979107 
203 0.965315 -0.099814 0.464427 0.000362 0.20425 0.012782 0.978835 
204 0.965947 -0.101955 0.476609 -0.000207 0.205551 0.014098 0.978545 
205 0.966809 -0.104326 0.489413 -0.00014 0.206459 0.014952 0.978341 
206 0.96647 -0.107398 0.501154 0.000194 0.207161 0.016042 0.978175 
207 0.966602 -0.10893 0.512805 0.000951 0.207212 0.016798 0.978151 
208 0.967259 -0.110471 0.524891 0.001158 0.207332 0.017105 0.97812 
209 0.967685 -0.112613 0.537264 0.001769 0.208346 0.017982 0.977888 
210 0.966733 -0.114355 0.54963 0.002667 0.210015 0.018673 0.977516 
211 0.965459 -0.116327 0.561149 0.003474 0.211904 0.019291 0.977094 
212 0.964713 -0.118539 0.572462 0.003823 0.213504 0.020138 0.976727 
213 0.964858 -0.12175 0.58461 0.00364 0.214783 0.020644 0.976437 
214 0.965505 -0.124002 0.596955 0.00447 0.215814 0.020099 0.976217 
215 0.964364 -0.125604 0.607843 0.005959 0.21751 0.019416 0.975847 
216 0.962684 -0.127096 0.61851 0.006872 0.2197 0.018647 0.975365 
217 0.95991 -0.128128 0.62883 0.007604 0.221955 0.017976 0.974861 
218 0.956575 -0.128441 0.638403 0.007635 0.223934 0.017559 0.974416 
219 0.956909 -0.130782 0.650483 0.006738 0.224872 0.017769 0.974203 
220 0.955302 -0.131485 0.661222 0.00721 0.225797 0.017307 0.973994 
221 0.952542 -0.131457 0.670785 0.007392 0.226661 0.017355 0.973791 
222 0.950871 -0.132049 0.681199 0.006484 0.227014 0.0177 0.973709 
223 0.950603 -0.133731 0.692534 0.005452 0.226383 0.018265 0.973852 
224 0.95163 -0.136013 0.714422 0.004818 0.224374 0.018512 0.974315 
225 0.951842 -0.138175 0.725142 0.005058 0.224115 0.018444 0.974375 
226 0.949397 -0.139737 0.734193 0.005249 0.224477 0.018856 0.974283 
227 0.949619 -0.141528 0.745341 0.004853 0.223921 0.020374 0.974382 
228 0.95032 -0.142879 0.755547 0.005369 0.222868 0.021289 0.974601 
229 0.949621 -0.144232 0.77421 0.004317 0.222096 0.020518 0.974799 
230 0.950281 -0.146704 0.786184 0.003351 0.221003 0.019878 0.975065 
231 0.951028 -0.149275 0.798229 0.003953 0.219032 0.018789 0.975529 
232 0.950084 -0.151957 0.809004 0.005332 0.217084 0.017793 0.975976 
233 0.949963 -0.153208 0.819807 0.007407 0.214582 0.016858 0.976532 
234 0.951434 -0.153929 0.829329 0.009465 0.21215 0.016142 0.977058 
235 0.952187 -0.15652 0.840378 0.010342 0.210788 0.014736 0.977366 
236 0.952943 -0.158162 0.851179 0.011131 0.209793 0.013779 0.977585 
237 0.954766 -0.160383 0.861939 0.011274 0.208792 0.012434 0.977816 
238 0.954479 -0.161254 0.871477 0.01145 0.208797 0.011484 0.977825 
239 0.952721 -0.162786 0.881225 0.010091 0.209171 0.011391 0.977761 
240 0.953928 -0.165257 0.89338 0.007704 0.208529 0.012598 0.977905 
241 0.956885 -0.167708 0.907041 0.006052 0.207271 0.012873 0.97818 
242 0.958242 -0.171439 0.919084 0.005567 0.206138 0.012887 0.978422 
243 0.958188 -0.172201 0.928711 0.005815 0.20505 0.0124 0.978656 
244 0.959832 -0.174982 0.940419 0.00497 0.203911 0.012384 0.978898 
245 0.960021 -0.177643 0.95211 0.005132 0.203149 0.012534 0.979054 
246 0.959918 -0.180815 0.962195 0.005202 0.202144 0.013253 0.979252 
247 0.961343 -0.181926 0.972942 0.005315 0.200965 0.01318 0.979495 
248 0.961884 -0.183787 0.983794 0.005969 0.20026 0.012954 0.979639 
249 0.961423 -0.184558 0.992938 0.007129 0.198907 0.012525 0.979912 
250 0.961909 -0.186229 1.00253 0.007598 0.19701 0.01251 0.980292 
251 0.962122 -0.187991 1.01195 0.008315 0.195255 0.012232 0.980641 
252 0.962426 -0.190012 1.02127 0.00901 0.193277 0.012945 0.981017 
253 0.961754 -0.191753 1.03044 0.009267 0.191577 0.012743 0.981351 
254 0.96069 -0.192545 1.0381 0.008896 0.189863 0.0116 0.981702 
255 0.959796 -0.194276 1.04691 0.007311 0.188141 0.010042 0.982064 
256 0.960036 -0.196087 1.05653 0.005913 0.186285 0.00888 0.982438 
257 0.95931 -0.197179 1.06456 0.005249 0.184886 0.007314 0.982719 
258 0.95693 -0.198611 1.07209 0.003648 0.183728 0.006028 0.982952 
259 0.955755 -0.200403 1.08171 0.001799 0.181956 0.005604 0.983289 
260 0.956571 -0.201854 1.09088 0.000677 0.17954 0.00566 0.983734 
261 0.956074 -0.203455 1.1005 -7.6e-05 0.177776 0.005689 0.984055 
262 0.954426 -0.203907 1.10842 -8.1e-05 0.175449 0.005022 0.984476 
263 0.953011 -0.204269 1.1159 -0.000566 0.173036 0.004604 0.984905 
264 0.953689 -0.2054 1.12452 -0.001539 0.170813 0.004413 0.985292 
265 0.952865 -0.206741 1.13317 -0.00255 0.169457 0.003899 0.985527 
266 0.951715 -0.208843 1.14256 -0.003638 0.168113 0.00329 0.985756 
267 0.950002 -0.209594 1.15177 -0.003919 0.166911 0.002484 0.985961 
268 0.94796 -0.211997 1.16088 -0.004731 0.166078 0.00187 0.986099 
269 0.945852 -0.213909 1.17083 -0.005111 0.16506 0.0014 0.986269 
270 0.943023 -0.215791 1.18006 -0.0049 0.164123 0.001401 0.986427 
271 0.939243 -0.216194 1.18902 -0.004269 0.163617 0.001599 0.986513 
272 0.937706 -0.218326 1.19945 -0.003986 0.162736 0.002003 0.986659 
273 0.935123 -0.221948 1.20904 -0.003329 0.16232 0.002575 0.986729 
274 0.931467 -0.22117 1.21686 -0.002659 0.162498 0.00306 0.986701 
275 0.931104 -0.223412 1.22814 -0.002742 0.162612 0.003783 0.986679 
276 0.925998 -0.224535 1.23708 -0.001615 0.16374 0.003788 0.986495 
277 0.921228 -0.224628 1.24631 -0.001596 0.164141 0.003423 0.98643 
278 0.918763 -0.227101 1.25712 -0.002235 0.164365 0.003329 0.986391 
279 0.91665 -0.230893 1.26656 -0.002941 0.164432 0.00351 0.986378 
280 0.913208 -0.231945 1.27525 -0.002909 0.16516 0.003806 0.986255 
281 0.910041 -0.235108 1.28481 -0.004082 0.166042 0.004148 0.986102 
282 0.905032 -0.237791 1.2958 -0.004526 0.166827 0.00451 0.985965 
283 0.900265 -0.238424 1.30463 -0.003983 0.166845 0.004766 0.985964 
284 0.901541 -0.241825 1.3152 -0.003984 0.166046 0.00609 0.986091 
285 0.899 -0.245267 1.32418 -0.00137 0.166765 0.006465 0.985974 
286 0.891934 -0.246221 1.33092 0.000843 0.168286 0.006641 0.985716 
287 0.88633 -0.244834 1.33816 0.001776 0.168738 0.006984 0.985635 
288 0.883483 -0.245696 1.34703 0.001028 0.168438 0.006621 0.985689 
289 0.881061 -0.248208 1.35542 0.000529 0.168083 0.006409 0.985752 
290 0.878005 -0.24877 1.36315 0.000933 0.167977 0.006227 0.985771 
291 0.87629 -0.250932 1.36967 0.000419 0.167445 0.00615 0.985862 
292 0.872288 -0.250114 1.37616 0.000265 0.167499 0.00527 0.985858 
293 0.870992 -0.250796 1.38395 -0.001144 0.16662 0.004209 0.986012 
294 0.868548 -0.251198 1.3917 -0.002172 0.165752 0.002299 0.986162 
295 0.864256 -0.251081 1.39896 -0.003586 0.165095 3.8e-05 0.986271 
296 0.86138 -0.250733 1.40779 -0.005588 0.163239 -0.001651 0.986569 
297 0.859534 -0.250405 1.41592 -0.007086 0.160745 -0.002607 0.986967 
298 0.857795 -0.249807 1.42355 -0.009033 0.158266 -0.003577 0.987349 
299 0.856891 -0.250498 1.43315 -0.011511 0.155713 -0.004287 0.987726 
300 0.856257 -0.25082 1.44179 -0.012867 0.153113 -0.004713 0.988114 
301 0.854233 -0.250121 1.44934 -0.014086 0.150672 -0.005211 0.98847 
302 0.853125 -0.251013 1.45895 -0.016296 0.147873 -0.005717 0.988856 
303 0.852167 -0.251955 1.46861 -0.017138 0.145212 -0.005613 0.989236 
304 0.849498 -0.252977 1.47747 -0.017942 0.142331 -0.005727 0.98964 
305 0.847496 -0.254799 1.48706 -0.018958 0.138624 -0.006192 0.990144 
306 0.846487 -0.255521 1.4968 -0.019159 0.1348 -0.00717 0.990662 
307 0.845109 -0.256143 1.50593 -0.019131 0.13106 -0.008075 0.991157 
308 0.844072 -0.258765 1.51595 -0.019263 0.127607 -0.009614 0.991591 
309 0.842854 -0.260946 1.52619 -0.018296 0.12452 -0.011645 0.99198 
310 0.841926 -0.259768 1.53388 -0.016547 0.121296 -0.013126 0.992392 
311 0.840896 -0.260839 1.54353 -0.016504 0.117849 -0.014219 0.992793 
312 0.839324 -0.261991 1.55275 -0.015826 0.11464 -0.015151 0.993165 
313 0.838105 -0.262953 1.56092 -0.016135 0.111477 -0.015765 0.993511 
314 0.839041 -0.262434 1.56893 -0.016551 0.10838 -0.015602 0.993849 
315 0.838402 -0.263655 1.57794 -0.018095 0.10655 -0.015309 0.994025 
316 0.838083 -0.265287 1.58694 -0.019699 0.105215 -0.014718 0.994145 
317 0.835617 -0.267959 1.59736 -0.020614 0.104175 -0.015246 0.994228 
318 0.833322 -0.269031 1.60639 -0.020054 0.101814 -0.016344 0.994467 
319 0.831465 -0.271083 1.61569 -0.019733 0.098269 -0.018015 0.994801 
320 0.8303 -0.273395 1.62467 -0.019108 0.094139 -0.019454 0.995186 
321 0.829154 -0.274846 1.63259 -0.018138 0.089873 -0.021277 0.995561 
322 0.827964 -0.275068 1.63954 -0.017226 0.085707 -0.022951 0.995907 
323 0.827719 -0.275489 1.64672 -0.017349 0.081549 -0.024743 0.996211 
324 0.826644 -0.2762 1.65489 -0.01813 0.077666 -0.026425 0.996464 
325 0.823015 -0.280784 1.67442 -0.018971 0.068689 -0.030676 0.996986 
326 0.821169 -0.281446 1.68228 -0.018067 0.063516 -0.032812 0.997278 
327 0.818949 -0.282438 1.69021 -0.017161 0.058442 -0.034195 0.997557 
328 0.817672 -0.28274 1.69747 -0.016201 0.053012 -0.035256 0.99784 
329 0.816871 -0.282691 1.7042 -0.0154 0.047432 -0.036332 0.998095 
330 0.815761 -0.284142 1.71189 -0.015253 0.041838 -0.036989 0.998323 
331 0.814775 -0.285604 1.71939 -0.01483 0.036389 -0.037764 0.998514 
332 0.814201 -0.285745 1.72544 -0.013976 0.031072 -0.038847 0.998664 
333 0.812005 -0.288597 1.73415 -0.014154 0.025812 -0.040407 0.99875 
334 0.809695 -0.289469 1.74031 -0.012577 0.020582 -0.042111 0.998822 
335 0.808121 -0.28875 1.74541 -0.011177 0.015366 -0.044165 0.998844 
336 0.804642 -0.288842 1.75084 -0.011104 0.01069 -0.046564 0.998796 
337 0.802706 -0.290524 1.75843 -0.011768 0.005938 -0.048724 0.998725 
338 0.798197 -0.290736 1.76412 -0.011753 0.001991 -0.050913 0.998632 
339 0.794494 -0.291779 1.77139 -0.012369 -0.002253 -0.052772 0.998527 
340 0.790829 -0.294001 1.7795 -0.012685 -0.006644 -0.05435 0.998419 
341 0.786502 -0.297416 1.78792 -0.012216 -0.01129 -0.056203 0.998281 
342 0.782517 -0.299362 1.79377 -0.01043 -0.016539 -0.057546 0.998151 
343 0.780896 -0.298379 1.79844 -0.008167 -0.02185 -0.058749 0.998 
344 0.778298 -0.298741 1.80242 -0.007564 -0.025665 -0.059909 0.997845 
345 0.774433 -0.298079 1.80815 -0.008074 -0.029206 -0.061505 0.997647 
346 0.769826 -0.298553 1.81482 -0.009033 -0.032687 -0.063362 0.997414 
347 0.763629 -0.299013 1.82218 -0.00971 -0.036045 -0.065045 0.997184 
348 0.757719 -0.300251 1.82981 -0.009418 -0.039672 -0.066794 0.996933 
349 0.752275 -0.301863 1.83628 -0.008467 -0.043084 -0.068135 0.996709 
350 0.746716 -0.301452 1.84001 -0.006873 -0.046635 -0.069256 0.996485 
351 0.742378 -0.300457 1.84542 -0.006323 -0.051189 -0.070114 0.996205 
352 0.736342 -0.30275 1.85451 -0.006414 -0.05552 -0.071241 0.995892 
353 0.730402 -0.303616 1.85961 -0.004765 -0.059347 -0.071834 0.995638 
354 0.724206 -0.303613 1.86403 -0.003535 -0.063363 -0.072584 0.995341 
355 0.716657 -0.304883 1.87042 -0.00314 -0.0668 -0.073355 0.995061 
356 0.711197 -0.305084 1.87596 -0.002746 -0.069872 -0.073092 0.994871 
357 0.702209 -0.308679 1.88352 -0.003536 -0.071278 -0.073346 0.99475 
358 0.686251 -0.311873 1.89543 -0.002497 -0.07536 -0.07449 0.994367 
359 0.676311 -0.316813 1.90407 -0.0024 -0.077787 -0.074865 0.994152 
360 0.659389 -0.316156 1.91031 0.00323 -0.082378 -0.075034 0.993767 
361 0.653636 -0.314954 1.91428 0.003676 -0.08454 -0.075318 0.993563 
362 0.646001 -0.315503 1.92035 0.002867 -0.085662 -0.075279 0.993472 
363 0.637681 -0.315657 1.92549 0.002684 -0.087094 -0.075272 0.993349 
364 0.621032 -0.321981 1.94002 0.001151 -0.090005 -0.075155 0.993101 
365 0.611237 -0.32622 1.94512 0.002146 -0.092007 -0.075474 0.992892 
366 0.602196 -0.326837 1.94897 0.005123 -0.09463 -0.07545 0.992636 
367 0.593623 -0.324746 1.95035 0.008683 -0.096954 -0.075274 0.9924 
368 0.585586 -0.323371 1.95194 0.009595 -0.098791 -0.075015 0.99223 
369 0.576208 -0.325573 1.95853 0.00838 -0.100636 -0.075467 0.992022 
370 0.567396 -0.327302 1.96368 0.008445 -0.102385 -0.076239 0.991783 
371 0.557501 -0.328589 1.96824 0.009006 -0.103754 -0.077095 0.99157 
372 0.54624 -0.329805 1.97145 0.009726 -0.105226 -0.078398 0.991306 
373 0.535801 -0.329203 1.97279 0.010455 -0.106652 -0.079166 0.991085 
374 0.526637 -0.328721 1.97812 0.010305 -0.108883 -0.079126 0.990847 
375 0.505629 -0.329848 1.98527 0.009635 -0.113894 -0.078265 0.990358 
376 0.496549 -0.33033 1.98919 0.009583 -0.117164 -0.077894 0.990007 
377 0.488997 -0.329899 1.99215 0.009604 -0.120366 -0.077741 0.989634 
378 0.481537 -0.328541 1.99583 0.009383 -0.123336 -0.078366 0.989221 
379 0.47342 -0.329786 2.00179 0.008886 -0.126762 -0.079873 0.988672 
380 0.463175 -0.329382 2.00274 0.009725 -0.12931 -0.081395 0.98821 
381 0.454633 -0.329162 2.00536 0.009176 -0.133361 -0.08298 0.987545 
382 0.446057 -0.330289 2.01061 0.008542 -0.13795 -0.084583 0.986784 
383 0.438122 -0.330328 2.01339 0.009288 -0.142287 -0.085446 0.986087 
384 0.430794 -0.330448 2.01646 0.009443 -0.146391 -0.086006 0.985436 
385 0.424394 -0.331194 2.02033 0.009393 -0.15065 -0.087149 0.984694 
386 0.418 -0.331908 2.02401 0.00924 -0.154949 -0.088223 0.983932 
387 0.410046 -0.333161 2.02803 0.008812 -0.158774 -0.089296 0.983229 
388 0.402074 -0.333397 2.03113 0.009153 -0.163133 -0.090688 0.982385 
389 0.395297 -0.333753 2.03453 0.009069 -0.16796 -0.091154 0.981529 
390 0.388555 -0.334445 2.03941 0.009074 -0.172939 -0.092383 0.980548 
391 0.381742 -0.334152 2.04232 0.009717 -0.177311 -0.09248 0.979752 
392 0.375189 -0.334362 2.04563 0.009074 -0.182021 -0.092851 0.978859 
393 0.368633 -0.335068 2.05179 0.008269 -0.187128 -0.093529 0.977838 
394 0.361431 -0.336767 2.05692 0.008361 -0.191748 -0.09398 0.976898 
395 0.355285 -0.33601 2.05947 0.00939 -0.195441 -0.094294 0.976127 
396 0.350092 -0.336537 2.06668 0.009147 -0.199957 -0.094619 0.975183 
397 0.342026 -0.338203 2.07026 0.009583 -0.203095 -0.095608 0.974433 
398 0.336816 -0.336966 2.07366 0.010461 -0.207404 -0.09601 0.973476 
399 0.330971 -0.336104 2.07796 0.009991 -0.211143 -0.096444 0.972634 
400 0.325136 -0.336638 2.0848 0.00877 -0.214915 -0.097259 0.971738 
401 0.318962 -0.337248 2.09093 0.008415 -0.218248 -0.097666 0.970958 
402 0.312003 -0.336934 2.09533 0.008662 -0.221548 -0.097818 0.970192 
403 0.306531 -0.336213 2.09943 0.008262 -0.225062 -0.098211 0.969347 
404 0.300235 -0.3373 2.10792 0.007021 -0.229436 -0.099645 0.968184 
405 0.292666 -0.339376 2.11337 0.00713 -0.232806 -0.100757 0.967263 
406 0.287222 -0.339933 2.11793 0.007795 -0.236621 -0.101968 0.966205 
407 0.280248 -0.34089 2.12478 0.008254 -0.240262 -0.103205 0.965171 
408 0.275004 -0.341319 2.12872 0.009225 -0.243409 -0.103701 0.96432 
409 0.268982 -0.341615 2.13198 0.008924 -0.245583 -0.104153 0.963723 
410 0.263144 -0.341685 2.13732 0.007537 -0.249079 -0.104705 0.962777 
411 0.256876 -0.343136 2.14448 0.006287 -0.252955 -0.106229 0.961608 
412 0.250262 -0.344794 2.1498 0.005949 -0.256459 -0.107618 0.960527 
413 0.243787 -0.347082 2.15648 0.00592 -0.260771 -0.109294 0.959176 
414 0.238075 -0.348322 2.16044 0.006816 -0.264579 -0.11027 0.958014 
415 0.233075 -0.34888 2.16423 0.007084 -0.268293 -0.111276 0.956863 
416 0.221833 -0.35059 2.17327 0.004801 -0.276272 -0.112221 0.954493 
417 0.215689 -0.352219 2.17968 0.003513 -0.281876 -0.113047 0.952761 
418 0.209836 -0.354067 2.18556 0.00313 -0.287593 -0.113824 0.95096 
419 0.204716 -0.354807 2.19071 0.003738 -0.293582 -0.114403 0.949056 
420 0.199757 -0.355007 2.19548 0.004095 -0.299478 -0.115394 0.94709 
421 0.19517 -0.354939 2.20072 0.004348 -0.304915 -0.117012 0.945154 
422 0.183532 -0.356883 2.21037 0.005736 -0.314336 -0.120811 0.941576 
423 0.179049 -0.357749 2.21391 0.006421 -0.319654 -0.122135 0.939608 
424 0.17348 -0.359303 2.21894 0.006868 -0.325328 -0.123997 0.937411 
425 0.168038 -0.361069 2.22337 0.008195 -0.330965 -0.125398 0.935238 
426 0.163105 -0.36307 2.22729 0.009906 -0.336731 -0.126543 0.933006 
427 0.158064 -0.363363 2.22951 0.011587 -0.342288 -0.127252 0.930866 
428 0.153245 -0.363669 2.23294 0.012254 -0.34839 -0.127572 0.928547 
429 0.148616 -0.36324 2.23663 0.013084 -0.354219 -0.127984 0.926271 
430 0.143346 -0.363801 2.24113 0.013224 -0.359839 -0.127917 0.92411 
431 0.139518 -0.36521 2.24488 0.013975 -0.365187 -0.127789 0.922016 
432 0.133997 -0.366372 2.24726 0.014186 -0.369452 -0.128184 0.920257 
433 0.128742 -0.364918 2.24871 0.014868 -0.374083 -0.127934 0.918408 
434 0.123748 -0.364604 2.2515 0.014493 -0.379022 -0.128573 0.916298 
435 0.117494 -0.365878 2.25453 0.013825 -0.383603 -0.128652 0.914389 
436 0.112433 -0.364436 2.25683 0.014845 -0.388349 -0.128159 0.912436 
437 0.10756 -0.364336 2.25917 0.014314 -0.393057 -0.128177 0.910424 
438 0.102406 -0.36403 2.2612 0.0139 -0.397383 -0.1284 0.908519 
439 0.096686 -0.363683 2.26261 0.013394 -0.401496 -0.128559 0.906694 
440 0.091609 -0.36226 2.26374 0.013215 -0.405703 -0.128804 0.904787 
441 0.085965 -0.363341 2.26563 0.011542 -0.409644 -0.129224 0.902973 
442 0.080619 -0.362823 2.26801 0.011032 -0.413749 -0.129075 0.901127 
443 0.075731 -0.362566 2.26962 0.01046 -0.417282 -0.129176 0.899489 
444 0.070194 -0.361597 2.27117 0.009496 -0.420644 -0.129802 0.897842 
445 0.064555 -0.361181 2.27459 0.008573 -0.42452 -0.130188 0.895969 
446 0.057971 -0.361036 2.27646 0.008533 -0.428087 -0.130509 0.894224 
447 0.052586 -0.360057 2.27748 0.009306 -0.431664 -0.129912 0.892582 
448 0.04737 -0.358665 2.27898 0.009609 -0.434944 -0.129122 0.8911 
449 0.034048 -0.357333 2.28288 0.007857 -0.44137 -0.1289 0.887984 
450 0.02829 -0.357106 2.28534 0.006778 -0.445053 -0.128593 0.886197 
451 0.021937 -0.355468 2.28759 0.006338 -0.447915 -0.128962 0.884704 
452 0.014586 -0.355486 2.29106 0.004971 -0.450838 -0.129573 0.883137 
453 0.007757 -0.355563 2.29449 0.005008 -0.453877 -0.12936 0.88161 
454 0.002208 -0.354136 2.29609 0.005894 -0.45659 -0.129018 0.880253 
455 -0.004674 -0.353908 2.29878 0.005592 -0.459535 -0.128058 0.878862 
456 -0.011806 -0.354126 2.30054 0.004771 -0.46272 -0.126371 0.877438 
457 -0.01815 -0.353083 2.30194 0.004451 -0.465945 -0.125065 0.875919 
458 -0.024 -0.352019 2.30361 0.00338 -0.468587 -0.124241 0.874631 
459 -0.031102 -0.350714 2.30626 0.001785 -0.470885 -0.123821 0.87346 
460 -0.038156 -0.350099 2.30941 0.000816 -0.47376 -0.123253 0.871986 
461 -0.04376 -0.350272 2.30998 -0.000635 -0.476027 -0.122325 0.870881 
462 -0.050527 -0.348845 2.31064 -0.001975 -0.47822 -0.122463 0.869658 
463 -0.057186 -0.347682 2.31359 -0.003425 -0.481554 -0.122645 0.867786 
464 -0.063352 -0.346421 2.31637 -0.004251 -0.484367 -0.122386 0.866252 
465 -0.06937 -0.346875 2.31755 -0.005772 -0.486876 -0.122601 0.864805 
466 -0.074465 -0.345952 2.31727 -0.006838 -0.48886 -0.123164 0.863597 
467 -0.080936 -0.345951 2.31945 -0.009506 -0.491234 -0.122838 0.86227 
468 -0.086833 -0.344936 2.32012 -0.010704 -0.49334 -0.122392 0.861116 
469 -0.100594 -0.340699 2.32124 -0.017081 -0.499384 -0.122362 0.857527 
470 -0.105408 -0.339536 2.32267 -0.018554 -0.501765 -0.122402 0.856099 
471 -0.107341 -0.337452 2.32142 -0.018698 -0.503697 -0.123083 0.854863 
472 -0.109547 -0.335627 2.32165 -0.020966 -0.505388 -0.123799 0.853708 
473 -0.113143 -0.334817 2.32318 -0.024224 -0.507278 -0.124165 0.852447 
474 -0.118221 -0.332134 2.32344 -0.027886 -0.510877 -0.12565 0.849964 
475 -0.120459 -0.329839 2.32286 -0.030585 -0.512629 -0.127137 0.848595 
476 -0.126638 -0.327577 2.32885 -0.034244 -0.518544 -0.127871 0.844742 
477 -0.127068 -0.327584 2.32929 -0.034666 -0.521332 -0.128496 0.842911 
478 -0.127121 -0.32697 2.32854 -0.036191 -0.523616 -0.129788 0.841232 
479 -0.128651 -0.32622 2.32982 -0.037938 -0.526431 -0.131424 0.839142 
480 -0.129281 -0.326487 2.33026 -0.039535 -0.529122 -0.133221 0.83709 
481 -0.130164 -0.325276 2.3317 -0.040933 -0.531829 -0.134908 0.835034 
482 -0.129676 -0.324806 2.33267 -0.041673 -0.535591 -0.136203 0.832379 
483 -0.12932 -0.324735 2.33283 -0.043533 -0.539164 -0.138526 0.829589 
484 -0.130389 -0.324775 2.33588 -0.045953 -0.543295 -0.139821 0.82654 
485 -0.129799 -0.3249 2.33811 -0.047242 -0.547963 -0.141081 0.823165 
486 -0.129871 -0.323835 2.3408 -0.047829 -0.552538 -0.142804 0.819769 
487 -0.132167 -0.324308 2.34635 -0.048341 -0.557234 -0.143953 0.816352 
488 -0.131055 -0.325042 2.34762 -0.047776 -0.5611 -0.145091 0.813531 
489 -0.130851 -0.325444 2.35098 -0.047999 -0.565064 -0.146712 0.810478 
490 -0.130041 -0.325673 2.35408 -0.048214 -0.568803 -0.147702 0.807665 
491 -0.127907 -0.327252 2.35437 -0.049519 -0.572182 -0.149188 0.804922 
492 -0.128971 -0.32711 2.35941 -0.051087 -0.576399 -0.151589 0.801358 
493 -0.129625 -0.326952 2.36528 -0.050816 -0.580809 -0.153475 0.797825 
494 -0.129796 -0.327707 2.36977 -0.049536 -0.584924 -0.155254 0.794548 
495 -0.128689 -0.328962 2.37124 -0.047965 -0.588387 -0.157001 0.791739 
496 -0.127821 -0.329548 2.374 -0.047569 -0.592145 -0.158392 0.788678 
497 -0.127774 -0.329159 2.37855 -0.046943 -0.596678 -0.158689 0.785232 
498 -0.12727 -0.330325 2.38148 -0.046877 -0.601 -0.158489 0.781974 
499 -0.126668 -0.330857 2.38406 -0.046658 -0.605851 -0.158735 0.778185 
500 -0.126475 -0.33129 2.38744 -0.046772 -0.610958 -0.159309 0.774057 
501 -0.127572 -0.3322 2.39084 -0.046981 -0.616075 -0.159837 0.769867 
502 -0.127795 -0.332421 2.39408 -0.046266 -0.621637 -0.159724 0.765451 
503 -0.128331 -0.333253 2.39654 -0.045593 -0.627136 -0.159941 0.760947 
504 -0.127964 -0.333444 2.39887 -0.04471 -0.632508 -0.160425 0.756438 
505 -0.128538 -0.333064 2.40169 -0.043802 -0.637746 -0.160642 0.752034 
506 -0.13044 -0.33255 2.40527 -0.042265 -0.643109 -0.160311 0.747613 
507 -0.130347 -0.332018 2.40821 -0.039671 -0.648334 -0.159989 0.743298 
508 -0.129881 -0.332623 2.40797 -0.03783 -0.652387 -0.161555 0.7395 
509 -0.131137 -0.33221 2.40998 -0.03669 -0.656616 -0.163184 0.735445 
510 -0.133228 -0.33265 2.41221 -0.035366 -0.660819 -0.164419 0.73146 
511 -0.133281 -0.332868 2.4119 -0.033943 -0.66432 -0.166001 0.727991 
512 -0.135027 -0.333019 2.41392 -0.033704 -0.668166 -0.166968 0.724251 
513 -0.136098 -0.332828 2.41439 -0.033685 -0.671784 -0.167243 0.720834 
514 -0.137613 -0.33273 2.41415 -0.033714 -0.675258 -0.167318 0.717561 
515 -0.138709 -0.332275 2.41309 -0.034045 -0.678647 -0.16718 0.714374 
516 -0.140229 -0.331557 2.41305 -0.034661 -0.682138 -0.167246 0.710996 
517 -0.143332 -0.33145 2.41404 -0.035626 -0.685791 -0.167176 0.707441 
518 -0.145144 -0.329823 2.41449 -0.035644 -0.689308 -0.166519 0.70417 
519 -0.147332 -0.329191 2.41349 -0.035116 -0.692598 -0.166486 0.700969 
520 -0.150206 -0.327948 2.41365 -0.033697 -0.696247 -0.165934 0.697546 
521 -0.150686 -0.328518 2.40834 -0.032065 -0.698506 -0.167249 0.695046 
522 -0.152288 -0.326858 2.4075 -0.030976 -0.701061 -0.169162 0.692053 
523 -0.155476 -0.324501 2.40781 -0.030285 -0.703728 -0.169261 0.689348 
524 -0.158268 -0.324916 2.40477 -0.029117 -0.706306 -0.169516 0.686693 
525 -0.160908 -0.324817 2.40076 -0.028402 -0.708689 -0.170543 0.684009 
526 -0.165234 -0.322679 2.40093 -0.027315 -0.712031 -0.170774 0.680516 
527 -0.169445 -0.321642 2.39916 -0.025677 -0.71501 -0.170488 0.677521 
528 -0.172045 -0.322284 2.39475 -0.024338 -0.717014 -0.170845 0.67536 
529 -0.175362 -0.321255 2.39192 -0.023952 -0.71903 -0.171202 0.673136 
530 -0.179824 -0.32077 2.39015 -0.023532 -0.72151 -0.172049 0.670275 
531 -0.183491 -0.320144 2.38779 -0.022955 -0.723722 -0.172731 0.667731 
532 -0.187488 -0.31763 2.38626 -0.021908 -0.726059 -0.173217 0.665097 
533 -0.192778 -0.316305 2.38618 -0.020965 -0.729077 -0.172872 0.661908 
534 -0.196703 -0.315971 2.38323 -0.019802 -0.731312 -0.172347 0.659612 
535 -0.200962 -0.316456 2.37873 -0.018982 -0.732993 -0.172458 0.657739 
536 -0.205761 -0.316964 2.37512 -0.01878 -0.734735 -0.172272 0.655846 
537 -0.210085 -0.315796 2.37302 -0.018558 -0.736776 -0.171951 0.653643 
538 -0.215128 -0.315505 2.37091 -0.018295 -0.739298 -0.171928 0.650802 
539 -0.220037 -0.314553 2.36946 -0.01779 -0.742468 -0.171055 0.64743 
540 -0.224194 -0.311653 2.36835 -0.016251 -0.746121 -0.16901 0.643798 
541 -0.228457 -0.30954 2.3653 -0.014063 -0.74948 -0.167144 0.640425 
542 -0.236017 -0.306135 2.35547 -0.008076 -0.754333 -0.162896 0.635909 
543 -0.240849 -0.308396 2.34937 -0.006609 -0.755604 -0.162281 0.634574 
544 -0.24532 -0.307539 2.34448 -0.005109 -0.756713 -0.16169 0.633416 
545 -0.249924 -0.305103 2.34014 -0.002829 -0.75818 -0.159915 0.632125 
546 -0.25565 -0.309643 2.33382 -0.002036 -0.759292 -0.16004 0.63076 
547 -0.260798 -0.312385 2.32841 -0.001558 -0.760623 -0.161406 0.628807 
548 -0.264254 -0.304875 2.32545 0.001235 -0.762537 -0.159616 0.626944 
549 -0.268484 -0.303404 2.31921 0.00387 -0.763915 -0.158016 0.625659 
550 -0.273929 -0.309652 2.31109 0.004335 -0.764926 -0.158834 0.624213 
551 -0.278018 -0.310739 2.30572 0.004441 -0.766158 -0.159271 0.622587 
552 -0.28225 -0.308516 2.3013 0.00522 -0.767878 -0.159046 0.620516 
553 -0.286104 -0.309257 2.29485 0.006358 -0.769237 -0.159192 0.618783 
554 -0.289583 -0.307555 2.28987 0.00782 -0.770836 -0.158896 0.616849 
555 -0.293942 -0.309678 2.28322 0.009184 -0.772323 -0.159891 0.614709 
556 -0.29732 -0.30847 2.27733 0.01071 -0.773912 -0.159846 0.612695 
557 -0.300623 -0.306823 2.27123 0.012289 -0.775518 -0.159592 0.610698 
558 -0.303518 -0.305706 2.26304 0.014167 -0.777242 -0.159404 0.60851 
559 -0.306683 -0.305344 2.25616 0.014549 -0.779096 -0.159303 0.606152 
560 -0.310192 -0.300958 2.25291 0.015686 -0.781813 -0.158213 0.602902 
561 -0.313077 -0.298997 2.24692 0.016891 -0.783807 -0.157137 0.600557 
562 -0.316137 -0.299953 2.23983 0.017905 -0.785654 -0.157581 0.597993 
563 -0.323367 -0.302446 2.22523 0.018604 -0.789389 -0.159908 0.592409 
564 -0.326895 -0.299067 2.21889 0.018561 -0.791566 -0.159593 0.589584 
565 -0.330152 -0.298201 2.21211 0.019304 -0.793586 -0.160272 0.586653 
566 -0.333448 -0.300093 2.20443 0.01924 -0.79553 -0.161364 0.583715 
567 -0.336959 -0.299978 2.19692 0.019609 -0.797727 -0.162064 0.580501 
568 -0.340127 -0.29642 2.19191 0.019752 -0.800249 -0.161022 0.577308 
569 -0.342465 -0.29269 2.18512 0.019598 -0.802151 -0.160031 0.574944 
570 -0.345514 -0.29787 2.17675 0.018477 -0.803768 -0.16185 0.572206 
571 -0.349622 -0.29711 2.17087 0.017005 -0.80585 -0.163148 0.568945 
572 -0.354215 -0.296192 2.16385 0.01706 -0.808241 -0.164196 0.56524 
573 -0.356834 -0.294711 2.15585 0.017471 -0.810414 -0.164426 0.562039 
574 -0.360257 -0.289972 2.15011 0.01777 -0.813093 -0.16346 0.558431 
575 -0.364333 -0.287202 2.1428 0.019375 -0.815414 -0.162799 0.555176 
576 -0.3665 -0.287902 2.13516 0.020466 -0.817056 -0.162159 0.552905 
577 -0.367983 -0.286871 2.12645 0.019583 -0.81846 -0.16121 0.551136 
578 -0.369168 -0.286711 2.11916 0.018248 -0.82049 -0.161339 0.548117 
579 -0.374205 -0.286642 2.11277 0.016689 -0.823087 -0.163492 0.543617 
580 -0.38137 -0.281524 2.10666 0.017865 -0.826213 -0.164151 0.538616 
581 -0.383505 -0.281324 2.09981 0.018877 -0.828616 -0.164746 0.534695 
582 -0.386883 -0.280864 2.09307 0.018633 -0.830902 -0.166324 0.530652 
583 -0.393277 -0.278685 2.08609 0.018014 -0.833603 -0.167175 0.52615 
584 -0.396373 -0.277186 2.08014 0.017157 -0.836211 -0.16747 0.521929 
585 -0.400925 -0.277046 2.07398 0.016292 -0.838814 -0.168928 0.51729 
586 -0.407786 -0.275148 2.06731 0.015804 -0.84149 -0.170329 0.512477 
587 -0.414095 -0.272219 2.06007 0.016205 -0.843781 -0.171204 0.50839 
588 -0.4201 -0.270111 2.05272 0.016739 -0.845709 -0.172055 0.504869 
589 -0.426463 -0.268162 2.04569 0.017098 -0.847687 -0.172322 0.501438 
590 -0.432717 -0.267873 2.03783 -0.016952 0.849695 0.172579 -0.497944 
591 -0.438676 -0.268095 2.03024 -0.016391 0.851964 0.173169 -0.493863 
592 -0.445928 -0.265396 2.02317 -0.01764 0.85493 0.173494 -0.488552 
593 -0.454439 -0.261698 2.01555 -0.019901 0.857811 0.173053 -0.483546 
594 -0.461847 -0.25898 2.00786 -0.022985 0.860204 0.172046 -0.479501 
595 -0.465687 -0.259391 1.99988 -0.024276 0.861596 0.171788 -0.477025 
596 -0.474188 -0.258743 1.99188 -0.024733 0.863711 0.172425 -0.472928 
597 -0.482583 -0.258384 1.98319 -0.024562 0.866251 0.172563 -0.468218 
598 -0.488516 -0.257175 1.97529 -0.023762 0.868702 0.172321 -0.463787 
599 -0.495986 -0.256097 1.96723 -0.022842 0.871176 0.172619 -0.459056 
600 -0.512217 -0.254421 1.95034 -0.021602 0.875928 0.172587 -0.449998 
601 -0.521383 -0.253453 1.94254 -0.021268 0.878311 0.173598 -0.444951 
602 -0.533171 -0.251096 1.93391 -0.022434 0.8814 0.173479 -0.438788 
603 -0.539418 -0.250908 1.92575 -0.023934 0.884274 0.172549 -0.43326 
604 -0.544707 -0.250638 1.91726 -0.025106 0.886511 0.172498 -0.428617 
605 -0.551544 -0.24927 1.90868 -0.02601 0.888378 0.172868 -0.424529 
606 -0.5596 -0.247881 1.89955 -0.026662 0.890199 0.173137 -0.420545 
607 -0.567706 -0.247563 1.89137 -0.027037 0.892279 0.173171 -0.416076 
608 -0.572671 -0.246874 1.88312 -0.027612 0.894325 0.17285 -0.411756 
609 -0.577409 -0.246105 1.87459 -0.027658 0.896178 0.173481 -0.407436 
610 -0.583967 -0.244636 1.86602 -0.027487 0.898027 0.174434 -0.402945 
611 -0.591004 -0.244018 1.85699 -0.026756 0.899842 0.175352 -0.398523 
612 -0.597631 -0.243169 1.84927 -0.026843 0.902037 0.175957 -0.393254 
613 -0.603194 -0.24258 1.84053 -0.026933 0.90393 0.176702 -0.388537 
614 -0.610573 -0.241781 1.83111 -0.026249 0.905758 0.177086 -0.384128 
615 -0.617628 -0.241413 1.82197 -0.026322 0.907599 0.17672 -0.379922 
616 -0.621898 -0.241323 1.81312 -0.026833 0.90918 0.17618 -0.376341 
617 -0.625177 -0.241523 1.80555 -0.026068 0.910631 0.176299 -0.372813 
618 -0.637325 -0.240405 1.78635 -0.024633 0.914083 0.177208 -0.363926 
619 -0.641748 -0.239185 1.77803 -0.024341 0.915736 0.177695 -0.359527 
620 -0.648566 -0.237026 1.76813 -0.024306 0.917339 0.177874 -0.35533 
621 -0.653819 -0.235837 1.75894 -0.024859 0.918642 0.178063 -0.351813 
622 -0.659318 -0.234508 1.74955 -0.025444 0.919676 0.17839 -0.348893 
623 -0.664829 -0.233429 1.73894 -0.02531 0.920564 0.17865 -0.346418 
624 -0.671728 -0.23265 1.72825 -0.02568 0.921569 0.178865 -0.343597 
625 -0.676723 -0.23146 1.71824 -0.026495 0.922494 0.178152 -0.341416 
626 -0.681989 -0.229681 1.70826 -0.026944 0.923335 0.177416 -0.339485 
627 -0.688805 -0.229232 1.69565 -0.027329 0.923989 0.176949 -0.337915 
628 -0.692998 -0.228392 1.6856 -0.02747 0.924615 0.175452 -0.336971 
629 -0.6961 -0.227342 1.67551 -0.027625 0.924803 0.175204 -0.33657 
630 -0.70291 -0.225962 1.66259 -0.026542 0.925048 0.175013 -0.336084 
631 -0.709088 -0.224343 1.6505 -0.026768 0.925427 0.17393 -0.335583 
632 -0.711979 -0.222973 1.64038 -0.027359 0.925479 0.173061 -0.335843 
633 -0.712697 -0.222102 1.63189 -0.027761 0.925097 0.174235 -0.336255 
634 -0.721807 -0.220743 1.61767 -0.025762 0.924816 0.176876 -0.335808 
635 -0.730684 -0.220865 1.6033 -0.025176 0.925287 0.176462 -0.334771 
636 -0.730668 -0.221023 1.5938 -0.025119 0.925805 0.174783 -0.334222 
637 -0.734985 -0.220353 1.58212 -0.024393 0.926276 0.1743 -0.333223 
638 -0.739023 -0.219263 1.56965 -0.024189 0.926719 0.173284 -0.332535 
639 -0.741313 -0.218422 1.55855 -0.02424 0.927127 0.172716 -0.331688 
640 -0.744423 -0.216811 1.54662 -0.024772 0.927461 0.172915 -0.330609 
641 -0.746951 -0.215191 1.535 -0.026027 0.927791 0.173444 -0.329307 
642 -0.750399 -0.2131 1.5238 -0.026412 0.928279 0.174063 -0.32757 
643 -0.755579 -0.211961 1.51138 -0.026808 0.928935 0.174455 -0.325463 
644 -0.758276 -0.21089 1.49933 -0.027491 0.929655 0.174123 -0.323523 
645 -0.760634 -0.21068 1.48772 -0.027936 0.930357 0.173701 -0.321688 
646 -0.76098 -0.209048 1.47868 -0.028255 0.93115 0.173427 -0.319507 
647 -0.765141 -0.207328 1.46679 -0.027617 0.931914 0.17434 -0.316825 
648 -0.7691 -0.205218 1.45475 -0.028056 0.933116 0.174361 -0.313219 
649 -0.771334 -0.202878 1.44471 -0.029237 0.934208 0.174536 -0.309737 
650 -0.773352 -0.201007 1.43357 -0.02981 0.934955 0.175621 -0.306802 
651 -0.77778 -0.197897 1.42146 -0.030181 0.936051 0.176387 -0.302961 
652 -0.780818 -0.194947 1.4107 -0.031092 0.937203 0.176846 -0.299014 
653 -0.784014 -0.191466 1.39985 -0.031881 0.938263 0.177335 -0.295294 
654 -0.788162 -0.188966 1.38865 -0.031777 0.939126 0.178348 -0.291934 
655 -0.793361 -0.185776 1.37706 -0.032322 0.940019 0.178631 -0.288809 
656 -0.795505 -0.183026 1.36746 -0.033136 0.940844 0.178571 -0.286055 
657 -0.799566 -0.181096 1.35597 -0.033106 0.941605 0.179276 -0.283098 
658 -0.802577 -0.178535 1.34491 -0.032896 0.942481 0.179201 -0.280239 
659 -0.806397 -0.176575 1.33336 -0.032357 0.943186 0.180055 -0.27737 
660 -0.811601 -0.174785 1.32113 -0.031844 0.943948 0.180771 -0.274354 
661 -0.816592 -0.173735 1.30788 -0.031399 0.944782 0.180948 -0.271401 
662 -0.820633 -0.171436 1.29592 -0.03196 0.945738 0.180269 -0.268442 
663 -0.828718 -0.169545 1.27133 -0.031616 0.947053 0.182335 -0.262382 
664 -0.833545 -0.169515 1.25747 -0.031932 0.94792 0.182413 -0.25914 
665 -0.836755 -0.169005 1.24552 -0.031461 0.948794 0.181874 -0.256364 
666 -0.842097 -0.168285 1.23185 -0.030755 0.949693 0.181184 -0.253594 
667 -0.845168 -0.168284 1.21955 -0.029928 0.950631 0.17973 -0.2512 
668 -0.848003 -0.169234 1.20694 -0.028382 0.951392 0.179518 -0.248639 
669 -0.853436 -0.167634 1.19379 -0.027229 0.952473 0.179037 -0.244948 
670 -0.858262 -0.165484 1.18118 -0.027516 0.953595 0.178316 -0.241046 
671 -0.861884 -0.163243 1.16841 -0.029152 0.954475 0.177876 -0.237673 
672 -0.862654 -0.161522 1.1569 -0.030297 0.955147 0.178001 -0.234717 
673 -0.864042 -0.159201 1.14485 -0.030984 0.955902 0.179152 -0.230643 
674 -0.867535 -0.15788 1.13172 -0.031056 0.95684 0.180533 -0.22561 
675 -0.871017 -0.15675 1.11937 -0.031811 0.957938 0.181184 -0.220261 
676 -0.873877 -0.15625 1.10876 -0.032449 0.959018 0.181472 -0.215174 
677 -0.876571 -0.154739 1.09785 -0.034161 0.96001 0.181815 -0.210137 
678 -0.879259 -0.153989 1.08848 -0.035265 0.960814 0.182437 -0.205695 
679 -0.882024 -0.153288 1.07806 -0.035692 0.961384 0.183591 -0.201895 
680 -0.885713 -0.153168 1.06655 -0.035061 0.961872 0.184582 -0.198751 
681 -0.890784 -0.152848 1.05459 -0.034613 0.962545 0.184579 -0.195548 
682 -0.891467 -0.150637 1.04542 -0.036534 0.963144 0.183942 -0.192832 
683 -0.891727 -0.149976 1.03574 -0.036889 0.963274 0.185493 -0.190617 
684 -0.897343 -0.149126 1.02268 -0.036683 0.963569 0.18738 -0.18729 
685 -0.901061 -0.147016 1.01149 -0.038031 0.964156 0.187189 -0.184164 
686 -0.903266 -0.146816 1.002 -0.038827 0.964488 0.187875 -0.181545 
687 -0.908378 -0.145936 0.98879 -0.039102 0.964873 0.188466 -0.178807 
688 -0.908982 -0.145395 0.978335 -0.039854 0.965397 0.187674 -0.176633 
689 -0.91079 -0.144164 0.967645 -0.039519 0.965774 0.187864 -0.174431 
690 -0.913201 -0.141733 0.955277 -0.0389 0.966109 0.187878 -0.172693 
691 -0.915257 -0.140852 0.943191 -0.037696 0.9665 0.187237 -0.171464 
692 -0.917036 -0.138671 0.931154 -0.037157 0.966874 0.186309 -0.17048 
693 -0.919338 -0.13541 0.918832 -0.036605 0.967154 0.185183 -0.170238 
694 -0.921573 -0.133479 0.906178 -0.036224 0.967285 0.184459 -0.170357 
695 -0.925696 -0.125807 0.880149 -0.037526 0.967666 0.183107 -0.169371 
696 -0.925757 -0.122356 0.869552 -0.03854 0.967452 0.184058 -0.169335 
697 -0.928513 -0.123915 0.854854 -0.037762 0.966963 0.186592 -0.169526 
698 -0.929302 -0.124573 0.839829 -0.036951 0.966939 0.186283 -0.170184 
699 -0.92748 -0.123371 0.827817 -0.036348 0.967231 0.184591 -0.170497 
700 -0.927454 -0.123919 0.8148 -0.034514 0.967357 0.184382 -0.170387 
701 -0.930557 -0.121808 0.799826 -0.033545 0.967668 0.183486 -0.169782 
702 -0.929809 -0.118186 0.787118 -0.033021 0.96806 0.181449 -0.169838 
703 -0.930009 -0.113824 0.773354 -0.033542 0.968277 0.180927 -0.169058 
704 -0.930419 -0.109782 0.760065 -0.034726 0.968364 0.181509 -0.167687 
705 -0.930406 -0.10964 0.745402 -0.035273 0.968272 0.183169 -0.166293 
706 -0.933331 -0.110879 0.729743 -0.035962 0.968396 0.184297 -0.164165 
707 -0.933591 -0.107818 0.71602 -0.038225 0.968783 0.183006 -0.162812 
708 -0.930585 -0.106735 0.706075 -0.039892 0.968917 0.182654 -0.162004 
709 -0.931766 -0.105554 0.693265 -0.041113 0.968951 0.183484 -0.160553 
710 -0.931914 -0.103142 0.681701 -0.042003 0.969171 0.183289 -0.159213 
711 -0.930126 -0.09995 0.671591 -0.042597 0.969227 0.183779 -0.158143 
712 -0.930747 -0.099369 0.660142 -0.042195 0.969139 0.185461 -0.156826 
713 -0.932476 -0.101338 0.645133 -0.041711 0.969128 0.186877 -0.155335 
714 -0.932556 -0.100666 0.632334 -0.042417 0.969577 0.186321 -0.152988 
715 -0.931057 -0.096474 0.623994 -0.044712 0.970087 0.185402 -0.150197 
716 -0.931608 -0.095613 0.615159 -0.045501 0.97026 0.18626 -0.147757 
717 -0.93434 -0.094722 0.602447 -0.045772 0.970436 0.187257 -0.145241 
718 -0.936165 -0.093592 0.591135 -0.045636 0.970824 0.187481 -0.14237 
719 -0.935077 -0.09488 0.580256 -0.044742 0.97109 0.187989 -0.140149 
720 -0.940688 -0.09697 0.5675 -0.043099 0.971576 0.188571 -0.136469 
721 -0.946448 -0.09653 0.555964 -0.042644 0.972354 0.187271 -0.13281 
722 -0.94951 -0.09674 0.546755 -0.042013 0.973054 0.185776 -0.129957 
723 -0.953902 -0.09727 0.534884 -0.040885 0.973545 0.185124 -0.127541 
724 -0.956469 -0.09505 0.521479 -0.040652 0.974222 0.183207 -0.125193 
725 -0.966823 -0.093871 0.50123 -0.039122 0.975262 0.182296 -0.118749 
726 -0.977597 -0.093033 0.486719 -0.039445 0.975944 0.180824 -0.115238 
727 -0.980618 -0.087233 0.479127 -0.042483 0.976648 0.177539 -0.11329 
728 -0.983333 -0.087003 0.470041 -0.044522 0.976789 0.177292 -0.111667 
729 -0.991846 -0.089544 0.455602 -0.04514 0.977013 0.177342 -0.109354 
730 -0.997284 -0.090684 0.444415 -0.046435 0.977466 0.175694 -0.107405 
731 -1.00069 -0.093344 0.434046 -0.047052 0.977792 0.174366 -0.106327 
732 -1.00877 -0.097416 0.421273 -0.046926 0.978199 0.173355 -0.104269 
733 -1.01366 -0.095506 0.411665 -0.048686 0.978878 0.170005 -0.102597 
734 -1.01625 -0.096336 0.403424 -0.049966 0.979206 0.168252 -0.101734 
735 -1.02143 -0.100996 0.390709 -0.05077 0.979326 0.167981 -0.100622 
736 -1.02616 -0.102037 0.380044 -0.052028 0.979931 0.165066 -0.098902 
737 -1.02662 -0.100146 0.374462 -0.053433 0.980497 0.162025 -0.097561 
738 -1.02901 -0.099646 0.365564 -0.053744 0.98077 0.161085 -0.096195 
739 -1.03108 -0.099965 0.354717 -0.053705 0.981031 0.160406 -0.094679 
740 -1.03341 -0.100994 0.344435 -0.053327 0.981418 0.15937 -0.092604 
741 -1.03655 -0.103104 0.335624 -0.052522 0.981857 0.158442 -0.089965 
742 -1.04275 -0.104855 0.326468 -0.052588 0.982353 0.157088 -0.086841 
743 -1.04581 -0.105416 0.320814 -0.052709 0.982899 0.154495 -0.085224 
744 -1.0506 -0.106287 0.31244 -0.052488 0.983427 0.15212 -0.083524 
745 -1.04575 -0.104864 0.307314 -0.053043 0.983971 0.148585 -0.083132 
746 -1.04357 -0.101763 0.304425 -0.053208 0.984298 0.147259 -0.081497 
747 -1.04762 -0.101843 0.296277 -0.052762 0.984416 0.14807 -0.078846 
748 -1.05077 -0.104403 0.285987 -0.051789 0.984691 0.147825 -0.07648 
749 -1.05208 -0.103073 0.281065 -0.051988 0.985186 0.145748 -0.07392 
750 -1.05457 -0.101893 0.277236 -0.052587 0.98547 0.144733 -0.071671 
751 -1.05887 -0.105404 0.267711 -0.052486 0.98565 0.144608 -0.06948 
752 -1.05778 -0.102313 0.262861 -0.053866 0.98609 0.141846 -0.067865 
753 -1.05354 -0.099441 0.260873 -0.054512 0.986333 0.140447 -0.066704 
754 -1.05568 -0.099181 0.253396 -0.054304 0.986453 0.140731 -0.064465 
755 -1.05766 -0.0983 0.246596 -0.054172 0.986729 0.139849 -0.062239 
756 -1.06005 -0.09867 0.239932 -0.053862 0.986979 0.139026 -0.060354 
757 -1.0612 -0.101279 0.229821 -0.054088 0.987126 0.138467 -0.059016 
758 -1.05761 -0.098578 0.224481 -0.054772 0.987476 0.136022 -0.058217 
759 -1.05715 -0.097197 0.219778 -0.055355 0.987735 0.134862 -0.055932 
760 -1.06031 -0.097127 0.212116 -0.055697 0.987965 0.134192 -0.053053 
761 -1.06061 -0.094476 0.204433 -0.056703 0.988281 0.132277 -0.050882 
762 -1.05941 -0.095755 0.197464 -0.056819 0.988439 0.13153 -0.049606 
763 -1.05863 -0.094623 0.188743 -0.057064 0.98863 0.130473 -0.048279 
764 -1.05373 -0.089151 0.185212 -0.057985 0.988828 0.128984 -0.047125 
765 -1.05357 -0.089279 0.175072 -0.057708 0.988875 0.129263 -0.045685 
766 -1.05316 -0.088008 0.165839 -0.058393 0.989034 0.128377 -0.043824 
767 -1.04686 -0.081875 0.163812 -0.059905 0.989209 0.126767 -0.042505 
768 -1.04579 -0.081434 0.156033 -0.059681 0.989187 0.127761 -0.040305 
769 -1.04568 -0.079442 0.146185 -0.059778 0.989245 0.128124 -0.037478 
770 -1.0392 -0.075139 0.140635 -0.060122 0.989292 0.128176 -0.035452 
771 -1.03351 -0.073206 0.134111 -0.060039 0.989209 0.129532 -0.032906 
772 -1.03503 -0.074155 0.124701 -0.059257 0.989163 0.131259 -0.028561 
773 -1.03693 -0.073565 0.116503 -0.059171 0.98919 0.131914 -0.024495 
774 -1.03806 -0.073465 0.109799 -0.059099 0.9892 0.132433 -0.021265 
775 -1.03399 -0.072372 0.103359 -0.05929 0.989155 0.132975 -0.019361 
776 -1.03465 -0.072271 0.095768 -0.059154 0.989126 0.133677 -0.016168 
777 -1.0342 -0.07528 0.087527 -0.058815 0.989009 0.134993 -0.013336 
778 -1.03373 -0.080879 0.078371 -0.057716 0.988967 0.136031 -0.010383 
779 -1.02862 -0.081296 0.070605 -0.057226 0.989125 0.135245 -0.008058 
780 -1.02426 -0.079564 0.064025 -0.056644 0.989274 0.134542 -0.005235 
781 -1.01964 -0.079511 0.05978 -0.055378 0.989357 0.134538 -0.002189 
782 -1.01877 -0.07934 0.050718 -0.053991 0.989449 0.134437 0.001641 
783 -1.01996 -0.077549 0.044984 -0.053436 0.98961 0.133352 0.005887 
784 -1.01592 -0.072867 0.041255 -0.054373 0.989693 0.132172 0.009056 
785 -1.0128 -0.069986 0.037547 -0.054798 0.989678 0.13184 0.012379 
786 -1.01024 -0.069654 0.032343 -0.054736 0.989627 0.131888 0.015747 
787 -1.00862 -0.069493 0.025941 -0.054263 0.989605 0.131775 0.019331 
788 -1.00678 -0.069222 0.022701 -0.053101 0.989622 0.131544 0.022892 
789 -1.00763 -0.071091 0.01541 -0.051104 0.989613 0.131715 0.026582 
790 -1.00802 -0.06816 0.010265 -0.05011 0.98976 0.130329 0.029634 
791 -1.00529 -0.065049 0.009387 -0.049411 0.989818 0.129668 0.031701 
792 -1.00708 -0.066098 0.001231 -0.048369 0.989706 0.130253 0.034305 
793 -1.00851 -0.065198 -0.004025 -0.047923 0.989761 0.129298 0.036852 
794 -1.00554 -0.063017 -0.006571 -0.047938 0.989787 0.128608 0.038525 
795 -1.00361 -0.062695 -0.011054 -0.047501 0.989727 0.128594 0.040598 
796 -1.00446 -0.060175 -0.014276 -0.046402 0.989712 0.128251 0.043232 
797 -1.00701 -0.065475 -0.023485 -0.045106 0.989506 0.129361 0.045924 
798 -1.00902 -0.060295 -0.028529 -0.045231 0.989627 0.127482 0.048377 
799 -1.00327 -0.049493 -0.024682 -0.046496 0.989739 0.125606 0.049771 
800 -1.00387 -0.048663 -0.029373 -0.046894 0.989333 0.127594 0.05236 
801 -1.00532 -0.049832 -0.037236 -0.047038 0.98897 0.129248 0.054961 
802 -1.0053 -0.046622 -0.040081 -0.047417 0.988797 0.129455 0.057211 
803 -1.00576 -0.042602 -0.044681 -0.048437 0.98852 0.130322 0.059146 
804 -1.00165 -0.045778 -0.062175 -0.049207 0.987739 0.133142 0.064984 
805 -1.00155 -0.047217 -0.068047 -0.049435 0.987317 0.13418 0.068974 
806 -1.00321 -0.053266 -0.077701 -0.049094 0.986749 0.135685 0.0742 
807 -1.00763 -0.052387 -0.085563 -0.048433 0.986423 0.134944 0.080092 
808 -1.008 -0.048486 -0.088796 -0.049064 0.986107 0.133568 0.085711 
809 -1.01154 -0.041927 -0.095081 -0.049909 0.985665 0.13249 0.091761 
810 -1.00867 -0.034336 -0.095036 -0.051376 0.985234 0.131539 0.096808 
811 -1.0093 -0.044734 -0.108014 -0.051018 0.984242 0.135068 0.102085 
812 -1.01563 -0.055274 -0.125758 -0.05026 0.983396 0.136597 0.108386 
813 -1.01768 -0.046145 -0.127264 -0.050383 0.983304 0.132669 0.113899 
814 -1.01865 -0.042544 -0.131897 -0.04989 0.98286 0.131877 0.118767 
815 -1.02215 -0.042664 -0.140098 -0.049368 0.982234 0.13194 0.123984 
816 -1.02709 -0.039725 -0.148362 -0.048555 0.981781 0.130952 0.128841 
817 -1.02914 -0.033016 -0.152888 -0.048629 0.981469 0.129549 0.132558 
818 -1.02878 -0.033745 -0.159392 -0.049053 0.980926 0.130066 0.135868 
819 -1.03218 -0.034584 -0.168392 -0.049481 0.980301 0.130507 0.139746 
820 -1.03511 -0.032644 -0.1752 -0.049686 0.979857 0.129896 0.14331 
821 -1.03663 -0.033454 -0.181766 -0.050371 0.979182 0.130113 0.147432 
822 -1.04093 -0.034864 -0.191566 -0.050582 0.978449 0.129933 0.152303 
823 -1.0411 -0.028874 -0.19508 -0.051439 0.978038 0.128221 0.156062 
824 -1.03917 -0.030152 -0.200658 -0.051886 0.97745 0.128634 0.159227 
825 -1.04393 -0.027963 -0.210608 -0.052598 0.976758 0.128299 0.163455 
826 -1.04326 -0.018432 -0.211562 -0.053334 0.976438 0.12636 0.166608 
827 -1.04195 -0.020061 -0.217784 -0.053328 0.975603 0.128253 0.170016 
828 -1.05 -0.024972 -0.230951 -0.052656 0.974402 0.130247 0.175511 
829 -1.05158 -0.021232 -0.236027 -0.053193 0.973769 0.129121 0.179646 
830 -1.0479 -0.01687 -0.237283 -0.054284 0.973307 0.12843 0.182296 
831 -1.0471 -0.016379 -0.244777 -0.054721 0.972439 0.12967 0.185888 
832 -1.0506 -0.014809 -0.252408 -0.054262 0.971468 0.130476 0.190476 
833 -1.05234 -0.014619 -0.26107 -0.053923 0.970475 0.131166 0.195104 
834 -1.05269 -0.015508 -0.26904 -0.053777 0.969517 0.13182 0.199418 
835 -1.0524 -0.013847 -0.275625 -0.053634 0.96868 0.131857 0.203459 
836 -1.05141 -0.010616 -0.281774 -0.053339 0.967899 0.131504 0.207444 
837 -1.0488 -0.011714 -0.292667 -0.05359 0.966982 0.1324 0.211053 
838 -1.04197 -0.00559 -0.297003 -0.053833 0.966494 0.131421 0.213821 
839 -1.03854 -0.002478 -0.303516 -0.054019 0.965678 0.131769 0.217222 
840 -1.03748 -0.001126 -0.312404 -0.054297 0.964586 0.133203 0.221096 
841 -1.02995 0.002489 -0.328337 -0.055293 0.962556 0.134849 0.22857 
842 -1.02786 0.003591 -0.338072 -0.05497 0.961659 0.135764 0.23186 
843 -1.02787 0.001472 -0.349215 -0.054732 0.960627 0.137242 0.235295 
844 -1.02728 -0.004026 -0.360636 -0.054312 0.959607 0.138369 0.238871 
845 -1.02258 -0.005393 -0.371342 -0.053229 0.959065 0.137173 0.241958 
846 -1.01381 -0.003528 -0.379035 -0.052966 0.958794 0.135513 0.244018 
847 -1.01204 0.000603 -0.387246 -0.052039 0.958415 0.13453 0.246242 
848 -1.00444 0.003238 -0.396236 -0.051802 0.958158 0.134234 0.247447 
849 -0.997194 0.006251 -0.403583 -0.051468 0.957928 0.133988 0.248542 
850 -0.993733 0.006424 -0.413306 -0.05225 0.957439 0.134345 0.250065 
851 -0.988153 0.004517 -0.423313 -0.05303 0.956958 0.134505 0.251649 
852 -0.985194 0.0048 -0.431638 -0.053469 0.956375 0.133931 0.254068 
853 -0.980676 0.007683 -0.439467 -0.053376 0.956062 0.133453 0.255511 
854 -0.973775 0.008216 -0.446952 -0.053582 0.955583 0.134235 0.256849 
855 -0.969992 0.009948 -0.454568 -0.053152 0.954842 0.134066 0.259764 
856 -0.965058 0.012501 -0.460467 -0.05307 0.954087 0.133879 0.262638 
857 -0.961064 0.010504 -0.47025 -0.053476 0.952957 0.135092 0.266015 
858 -0.956918 0.010577 -0.479298 -0.053311 0.952095 0.13512 0.2691 
859 -0.951633 0.01361 -0.486139 -0.052868 0.951405 0.134443 0.271954 
860 -0.947138 0.015172 -0.493389 -0.052953 0.950593 0.134212 0.274876 
861 -0.941358 0.014056 -0.50078 -0.052996 0.949785 0.134227 0.277637 
862 -0.937721 0.011968 -0.51026 -0.053556 0.948669 0.13396 0.281449 
863 -0.932329 0.017771 -0.515678 -0.053366 0.947852 0.132054 0.285115 
864 -0.929218 0.028993 -0.517647 -0.052515 0.946987 0.130436 0.288866 
865 -0.925131 0.032037 -0.534288 -0.052018 0.943817 0.132331 0.298315 
866 -0.918402 0.03402 -0.540326 -0.051732 0.942416 0.132955 0.302486 
867 -0.916738 0.034002 -0.548871 -0.051705 0.940653 0.133833 0.30755 
868 -0.911869 0.035395 -0.557613 -0.051967 0.939251 0.134413 0.311514 
869 -0.905371 0.038948 -0.562346 -0.05215 0.938369 0.134541 0.314074 
870 -0.903702 0.040789 -0.56941 -0.052102 0.93709 0.135758 0.31736 
871 -0.895633 0.036314 -0.57803 -0.053136 0.935936 0.137573 0.319803 
872 -0.894925 0.035685 -0.587146 -0.053691 0.934611 0.138168 0.323309 
873 -0.889839 0.031908 -0.595233 -0.054641 0.933379 0.138865 0.326397 
874 -0.884931 0.033281 -0.602174 -0.054648 0.932496 0.138366 0.329119 
875 -0.876023 0.037085 -0.605582 -0.054448 0.932033 0.137917 0.330649 
876 -0.872288 0.040597 -0.611108 -0.054262 0.931162 0.138182 0.333014 
877 -0.869301 0.036729 -0.621864 -0.054942 0.929669 0.139791 0.336387 
878 -0.860902 0.039083 -0.627975 -0.054802 0.928908 0.139449 0.338645 
879 -0.855923 0.041756 -0.632333 -0.054332 0.928003 0.139199 0.341295 
880 -0.849194 0.041799 -0.640562 -0.053881 0.926825 0.139476 0.344439 
881 -0.847277 0.042352 -0.650121 -0.053449 0.925427 0.139318 0.348309 
882 -0.838851 0.042496 -0.656021 -0.053224 0.924565 0.13879 0.350833 
883 -0.831337 0.050169 -0.659781 -0.052217 0.923984 0.137112 0.353168 
884 -0.830436 0.05804 -0.665661 -0.051845 0.922868 0.135851 0.356611 
885 -0.827756 0.058883 -0.676252 -0.052084 0.921342 0.13634 0.360316 
886 -0.822714 0.063305 -0.682969 -0.051521 0.920255 0.135837 0.363352 
887 -0.818512 0.066378 -0.690115 -0.051267 0.918999 0.136469 0.366318 
888 -0.814111 0.065691 -0.699348 -0.051665 0.917417 0.138073 0.369612 
889 -0.808276 0.064305 -0.711358 -0.05183 0.91572 0.13944 0.373266 
890 -0.804269 0.064298 -0.72047 -0.052127 0.91405 0.139717 0.377193 
891 -0.797025 0.067051 -0.726337 -0.052615 0.912565 0.139529 0.380775 
892 -0.788915 0.065635 -0.732825 -0.054061 0.910836 0.140234 0.384434 
893 -0.78363 0.064799 -0.743538 -0.054893 0.908787 0.14078 0.388938 
894 -0.778219 0.063052 -0.751867 -0.055098 0.906686 0.140592 0.39385 
895 -0.770584 0.056076 -0.763388 -0.056488 0.90412 0.140626 0.399501 
896 -0.762714 0.05534 -0.769881 -0.057118 0.902226 0.138753 0.404319 
897 -0.755767 0.057564 -0.777215 -0.057104 0.899888 0.136696 0.41019 
898 -0.746795 0.065208 -0.780831 -0.056236 0.897604 0.134449 0.416015 
899 -0.74354 0.07173 -0.785528 -0.055953 0.894834 0.133471 0.422288 
900 -0.737794 0.071544 -0.798951 -0.05688 0.891099 0.133774 0.429897 
901 -0.731436 0.075187 -0.805908 -0.056944 0.887907 0.132826 0.436733 
902 -0.718808 0.076261 -0.80259 -0.058328 0.885541 0.1326 0.441398 
903 -0.694958 0.077264 -0.829196 -0.059638 0.875975 0.131993 0.460097 
904 -0.687732 0.079518 -0.837364 -0.058583 0.873195 0.132037 0.465472 
905 -0.681361 0.084661 -0.84226 -0.056975 0.870465 0.131521 0.470899 
906 -0.677271 0.083903 -0.848809 -0.057186 0.867011 0.132435 0.476952 
907 -0.667156 0.080548 -0.852861 -0.058479 0.864113 0.132652 0.481967 
908 -0.658443 0.081481 -0.854193 -0.059094 0.86162 0.131615 0.486617 
909 -0.653313 0.083873 -0.856397 -0.059785 0.858989 0.130765 0.49139 
910 -0.645985 0.083477 -0.862813 -0.06096 0.856191 0.130765 0.496107 
911 -0.638656 0.08456 -0.867588 -0.061791 0.853652 0.130204 0.500506 
912 -0.632945 0.087683 -0.871559 -0.061697 0.851364 0.129567 0.504563 
913 -0.624069 0.087646 -0.873478 -0.062346 0.849474 0.129673 0.507634 
914 -0.615291 0.08562 -0.87857 -0.063047 0.847243 0.130304 0.511103 
915 -0.608907 0.090233 -0.881835 -0.062343 0.845294 0.129689 0.514561 
916 -0.602794 0.094776 -0.885947 -0.061307 0.843324 0.130065 0.517812 
917 -0.595289 0.092739 -0.889588 -0.061395 0.841185 0.130595 0.521136 
918 -0.58936 0.091623 -0.896086 -0.060874 0.839011 0.13022 0.524783 
919 -0.577774 0.088737 -0.897484 -0.060968 0.837717 0.129232 0.527079 
920 -0.567749 0.093291 -0.899006 -0.060171 0.836655 0.127408 0.529296 
921 -0.560559 0.095594 -0.900703 -0.060012 0.835299 0.127113 0.531523 
922 -0.549342 0.092139 -0.907911 -0.061479 0.833108 0.127822 0.534614 
923 -0.538583 0.092414 -0.913018 -0.061649 0.831045 0.12633 0.538149 
924 -0.522378 0.091111 -0.920533 -0.063096 0.826622 0.124906 0.545081 
925 -0.509554 0.090156 -0.923183 -0.063274 0.824865 0.123828 0.547961 
926 -0.501875 0.09465 -0.926228 -0.061804 0.822789 0.122703 0.55149 
927 -0.492405 0.097673 -0.929254 -0.06094 0.820478 0.122547 0.555054 
928 -0.482037 0.097958 -0.93256 -0.061087 0.817936 0.122443 0.5588 
929 -0.47478 0.100641 -0.937246 -0.060583 0.815531 0.122091 0.562435 
930 -0.463607 0.098916 -0.937673 -0.061519 0.813599 0.12187 0.565172 
931 -0.452788 0.0974 -0.942319 -0.062329 0.811575 0.120899 0.568195 
932 -0.442241 0.096345 -0.946881 -0.063185 0.8095 0.119737 0.571298 
933 -0.430729 0.095909 -0.948171 -0.063556 0.807521 0.118505 0.574306 
934 -0.419827 0.097763 -0.947303 -0.063293 0.805661 0.11759 0.577128 
935 -0.408488 0.099558 -0.948045 -0.063213 0.803618 0.116662 0.580165 
936 -0.40089 0.102681 -0.951444 -0.062542 0.801122 0.116262 0.583759 
937 -0.389371 0.099706 -0.955174 -0.062846 0.798169 0.116603 0.587691 
938 -0.377635 0.09749 -0.954838 -0.062637 0.795921 0.116213 0.590831 
939 -0.369183 0.099933 -0.957086 -0.061321 0.793433 0.115707 0.594403 
940 -0.361052 0.103187 -0.960192 -0.060502 0.790622 0.11539 0.598283 
941 -0.349606 0.103701 -0.960322 -0.060677 0.788015 0.114725 0.601822 
942 -0.341395 0.105084 -0.959426 -0.06043 0.785636 0.114252 0.605038 
943 -0.329767 0.106548 -0.957891 -0.060917 0.783496 0.114363 0.607737 
944 -0.320219 0.108422 -0.959035 -0.061201 0.780705 0.114603 0.611245 
945 -0.310871 0.110586 -0.962413 -0.061874 0.777465 0.115695 0.615089 
946 -0.301054 0.11294 -0.963531 -0.062405 0.774281 0.116528 0.618883 
947 -0.291584 0.113144 -0.967387 -0.063066 0.770678 0.117461 0.623122 
948 -0.28141 0.113438 -0.969226 -0.063498 0.767517 0.117809 0.626902 
949 -0.272453 0.115412 -0.970363 -0.063759 0.764489 0.117905 0.630547 
950 -0.26289 0.117936 -0.973047 -0.06385 0.761417 0.118491 0.634135 
951 -0.252919 0.11847 -0.973861 -0.064799 0.758712 0.119211 0.637139 
952 -0.242308 0.119334 -0.97556 -0.065359 0.756217 0.119791 0.639933 
953 -0.232549 0.118418 -0.97762 -0.065745 0.753435 0.120775 0.642982 
954 -0.221609 0.119042 -0.980582 -0.065565 0.750269 0.120917 0.646666 
955 -0.210906 0.119607 -0.984121 -0.064863 0.747293 0.120475 0.650255 
956 -0.202528 0.121551 -0.987522 -0.063839 0.744475 0.119821 0.6537 
957 -0.191411 0.118875 -0.98983 -0.064167 0.741364 0.120009 0.65716 
958 -0.17791 0.11494 -0.990995 -0.064206 0.738281 0.119098 0.660783 
959 -0.169142 0.121253 -0.990935 -0.062118 0.735867 0.116052 0.664209 
960 -0.159402 0.123837 -0.991744 -0.062503 0.733043 0.114674 0.667526 
961 -0.14754 0.125912 -0.993505 -0.063658 0.730091 0.113338 0.670872 
962 -0.137374 0.127966 -0.993704 -0.064786 0.727673 0.112014 0.673608 
963 -0.126766 0.13041 -0.997044 -0.065456 0.724665 0.111213 0.676911 
964 -0.117302 0.132544 -0.99847 -0.064876 0.7212 0.111295 0.680643 
965 -0.106225 0.133658 -0.999129 -0.064436 0.717529 0.112029 0.684434 
966 -0.096582 0.135642 -1.00223 -0.06343 0.713514 0.112275 0.688672 
967 -0.08633 0.135816 -1.00265 -0.063212 0.710051 0.112043 0.692299 
968 -0.078562 0.13799 -1.00649 -0.062519 0.706432 0.11185 0.696085 
969 -0.067967 0.137994 -1.00924 -0.062911 0.702775 0.111403 0.699814 
970 -0.058106 0.138158 -1.01092 -0.063616 0.699512 0.109827 0.703259 
971 -0.04766 0.138282 -1.01195 -0.064653 0.696853 0.107309 0.706187 
972 -0.039517 0.140365 -1.01073 -0.065054 0.694451 0.104836 0.708883 
973 -0.030441 0.142148 -1.01048 -0.065967 0.691339 0.103578 0.712019 
974 -0.020951 0.143872 -1.01084 -0.066918 0.688044 0.102762 0.715233 
975 -0.010519 0.143996 -1.01126 -0.067881 0.684384 0.102521 0.71868 
976 -0.001286 0.145639 -1.00912 -0.067916 0.680827 0.102378 0.722067 
977 0.007061 0.147742 -1.01153 -0.068265 0.675809 0.10351 0.726573 
978 0.01842 0.147947 -1.01313 -0.069564 0.670664 0.104186 0.731106 
979 0.030562 0.146571 -1.01307 -0.069903 0.66624 0.103748 0.73517 
980 0.036546 0.147853 -1.01188 -0.069274 0.662327 0.102837 0.738884 
981 0.046294 0.149017 -1.01124 -0.070211 0.657985 0.103023 0.742639 
982 0.05766 0.148981 -1.01184 -0.070914 0.653305 0.102959 0.746702 
983 0.065886 0.151314 -1.01204 -0.070567 0.648881 0.102219 0.750683 
984 0.073719 0.152477 -1.00902 -0.070896 0.645232 0.102196 0.753794 
985 0.083306 0.1536 -1.00747 -0.071664 0.64151 0.102575 0.756841 
986 0.093776 0.154414 -1.00692 -0.072228 0.637915 0.102657 0.759808 
987 0.102673 0.155178 -1.00671 -0.072026 0.634522 0.102824 0.762641 
988 0.112408 0.154891 -1.00595 -0.0721 0.631445 0.102804 0.765186 
989 0.122069 0.152924 -1.00229 -0.072644 0.629336 0.102228 0.766948 
990 0.131738 0.150527 -1.00081 -0.072879 0.626912 0.101323 0.769028 
991 0.140853 0.14833 -0.996001 -0.072714 0.625014 0.099648 0.770805 
992 0.150442 0.147573 -0.993633 -0.072243 0.622898 0.097833 0.772792 
993 0.158798 0.148856 -0.991593 -0.071724 0.620841 0.096037 0.774719 
994 0.168249 0.149859 -0.988938 -0.072538 0.618767 0.0951 0.776416 
995 0.178811 0.149743 -0.986638 -0.073738 0.616411 0.094243 0.778279 
996 0.187952 0.150706 -0.98516 -0.075248 0.613802 0.093403 0.780295 
997 0.200584 0.146381 -0.981283 -0.077583 0.611544 0.093425 0.781836 
998 0.209464 0.147014 -0.980701 -0.077193 0.609152 0.092001 0.783907 
999 0.218612 0.148237 -0.979664 -0.076931 0.606023 0.091403 0.786424 
1000 0.229104 0.147041 -0.976505 -0.078146 0.602832 0.091244 0.788772 
1001 0.240425 0.144645 -0.974028 -0.079322 0.599629 0.090588 0.791168 
1002 0.249091 0.145598 -0.971591 -0.079188 0.596894 0.088853 0.793443 
1003 0.258491 0.145361 -0.969817 -0.079466 0.594034 0.08814 0.795638 
1004 0.268655 0.142974 -0.965626 -0.08029 0.591851 0.08758 0.797243 
1005 0.278339 0.141587 -0.961735 -0.080327 0.589597 0.086506 0.799025 
1006 0.286255 0.14208 -0.958585 -0.080032 0.587233 0.085238 0.800929 
1007 0.294724 0.141563 -0.954852 -0.080203 0.584558 0.084378 0.802957 
1008 0.304574 0.140916 -0.951377 -0.080191 0.581289 0.083371 0.805432 
1009 0.312365 0.141709 -0.94955 -0.079612 0.577777 0.082163 0.808137 
1010 0.320334 0.143201 -0.948089 -0.079192 0.574315 0.082204 0.810638 
1011 0.32934 0.142354 -0.943033 -0.079136 0.571644 0.082623 0.812486 
1012 0.336422 0.142446 -0.939862 -0.078443 0.568539 0.082796 0.814711 
1013 0.344364 0.143889 -0.938841 -0.077148 0.564853 0.083192 0.817354 
1014 0.351711 0.146092 -0.937464 -0.075656 0.561044 0.083273 0.820104 
1015 0.358673 0.145454 -0.933115 -0.076152 0.558479 0.083984 0.821735 
1016 0.367095 0.145556 -0.929923 -0.076936 0.555457 0.084063 0.8237 
1017 0.373858 0.145118 -0.925468 -0.078032 0.552682 0.083874 0.825481 
1018 0.382513 0.145001 -0.921081 -0.079057 0.549435 0.083819 0.827554 
1019 0.390536 0.144453 -0.916428 -0.079344 0.546704 0.08342 0.829373 
1020 0.397738 0.143555 -0.910113 -0.079417 0.544332 0.083316 0.830936 
1021 0.40483 0.143277 -0.904841 -0.079796 0.541526 0.083403 0.832722 
1022 0.413979 0.14245 -0.900182 -0.080754 0.538277 0.08381 0.834693 
1023 0.42345 0.141752 -0.894276 -0.080946 0.535015 0.083012 0.836849 
1024 0.429406 0.141974 -0.88866 -0.080812 0.532469 0.08187 0.838596 
1025 0.437626 0.143397 -0.886842 -0.081177 0.528399 0.081948 0.841124 
1026 0.448496 0.14145 -0.879424 -0.082189 0.52436 0.081908 0.843554 
1027 0.45701 0.141613 -0.87691 -0.08059 0.519742 0.080901 0.846657 
1028 0.465002 0.142045 -0.873558 -0.080054 0.515301 0.079599 0.849541 
1029 0.473788 0.142748 -0.868598 -0.080541 0.511132 0.07805 0.852153 
1030 0.482294 0.14277 -0.863693 -0.082019 0.507236 0.076704 0.85446 
1031 0.49211 0.141553 -0.857909 -0.084061 0.503546 0.075451 0.856552 
1032 0.502101 0.141116 -0.852412 -0.084847 0.500164 0.073549 0.85862 
1033 0.508123 0.141088 -0.848494 -0.084726 0.49754 0.071343 0.86034 
1034 0.514508 0.14347 -0.845298 -0.085026 0.49426 0.070196 0.862294 
1035 0.52398 0.144383 -0.841852 -0.086941 0.489487 0.0705 0.864796 
1036 0.533227 0.142496 -0.836061 -0.088725 0.485289 0.07068 0.866964 
1037 0.542384 0.140868 -0.831722 -0.089629 0.480929 0.070426 0.869318 
1038 0.549706 0.13814 -0.826865 -0.089875 0.476982 0.06992 0.871505 
1039 0.557027 0.138323 -0.825698 -0.089154 0.472114 0.069271 0.874278 
1040 0.567042 0.136406 -0.81967 -0.089704 0.467206 0.067992 0.876954 
1041 0.573098 0.135077 -0.814601 -0.088466 0.463316 0.065474 0.879332 
1042 0.586684 0.134742 -0.809882 -0.088617 0.455798 0.06074 0.883576 
1043 0.593893 0.134444 -0.805917 -0.089372 0.451962 0.058196 0.885639 
1044 0.599104 0.133245 -0.799298 -0.089776 0.448324 0.05633 0.887566 
1045 0.605862 0.133427 -0.796694 -0.090011 0.443227 0.055494 0.890151 
1046 0.61374 0.132729 -0.790344 -0.090882 0.43843 0.05467 0.892486 
1047 0.62075 0.132451 -0.786043 -0.090441 0.433475 0.053543 0.895016 
1048 0.626597 0.132053 -0.78331 -0.089713 0.428568 0.053113 0.897474 
1049 0.634262 0.133035 -0.779925 -0.089349 0.42343 0.052536 0.89998 
1050 0.640898 0.131647 -0.774034 -0.089317 0.418963 0.051834 0.902112 
1051 0.646883 0.130079 -0.770317 -0.089059 0.413982 0.051487 0.904454 
1052 0.653024 0.12984 -0.765416 -0.088788 0.408451 0.050799 0.90703 
1053 0.66455 0.129643 -0.757653 -0.088234 0.397882 0.05028 0.911798 
1054 0.670855 0.129565 -0.752879 -0.088715 0.393561 0.050387 0.913619 
1055 0.676816 0.128927 -0.746962 -0.088978 0.389489 0.05026 0.915344 
1056 0.682813 0.127608 -0.739505 -0.088689 0.385348 0.049422 0.917169 
1057 0.686899 0.125269 -0.734761 -0.088081 0.38099 0.048488 0.919096 
1058 0.691401 0.12427 -0.729118 -0.087734 0.376917 0.047424 0.920862 
1059 0.696315 0.123121 -0.723915 -0.087534 0.372775 0.046692 0.922603 
1060 0.700979 0.121792 -0.717458 -0.087407 0.368873 0.045671 0.924233 
1061 0.706342 0.120823 -0.711325 -0.087131 0.364703 0.044111 0.925988 
1062 0.711038 0.120314 -0.705697 -0.08665 0.361279 0.042468 0.927451 
1063 0.714952 0.119325 -0.700717 -0.086636 0.358219 0.041309 0.928691 
1064 0.719233 0.117676 -0.694638 -0.08692 0.354935 0.040428 0.929963 
1065 0.723626 0.116677 -0.689478 -0.086776 0.351554 0.03921 0.931312 
1066 0.726079 0.114877 -0.683781 -0.086576 0.348588 0.03842 0.932478 
1067 0.732785 0.111929 -0.677088 -0.086385 0.344556 0.036912 0.934054 
1068 0.737952 0.10722 -0.669649 -0.08459 0.341816 0.034552 0.935314 
1069 0.742721 0.10487 -0.661289 -0.080956 0.337937 0.032236 0.937126 
1070 0.747327 0.102181 -0.654743 -0.081394 0.336074 0.031947 0.937768 
1071 0.749709 0.101051 -0.647168 -0.081071 0.334705 0.030804 0.938323 
1072 0.755351 0.098482 -0.640278 -0.080914 0.332239 0.029817 0.939245 
1073 0.759036 0.095802 -0.631863 -0.079762 0.330895 0.029014 0.939843 
1074 0.762926 0.092723 -0.626374 -0.078505 0.32852 0.027636 0.940823 
1075 0.768632 0.090694 -0.620553 -0.077743 0.325921 0.026161 0.941832 
1076 0.771689 0.088875 -0.615343 -0.077572 0.324572 0.024701 0.942351 
1077 0.775393 0.086945 -0.609688 -0.079082 0.322651 0.023572 0.942914 
1078 0.780677 0.084816 -0.600386 -0.080608 0.320472 0.02292 0.943544 
1079 0.784305 0.084026 -0.592921 -0.080345 0.31804 0.021835 0.944414 
1080 0.786576 0.081676 -0.585738 -0.080861 0.315884 0.022124 0.945087 
1081 0.791206 0.080406 -0.575771 -0.081045 0.312932 0.021985 0.946056 
1082 0.796597 0.079007 -0.566167 -0.079736 0.310035 0.021491 0.947132 
1083 0.799501 0.075818 -0.56033 -0.078018 0.307449 0.022222 0.948101 
1084 0.803468 0.074128 -0.553668 -0.077718 0.304321 0.022075 0.949137 
1085 0.806802 0.072578 -0.545351 -0.07745 0.301756 0.021792 0.949984 
1086 0.809029 0.071638 -0.539219 -0.07687 0.298757 0.021984 0.950974 
1087 0.812457 0.070858 -0.532219 -0.077042 0.295092 0.02184 0.952107 
1088 0.816015 0.069158 -0.522907 -0.07695 0.291727 0.021548 0.953158 
1089 0.819704 0.067769 -0.514451 -0.07564 0.287918 0.02032 0.954447 
1090 0.821845 0.065258 -0.507061 -0.074469 0.28467 0.019283 0.955534 
1091 0.824974 0.063708 -0.498008 -0.073059 0.281626 0.017906 0.956571 
1092 0.826021 0.061178 -0.490993 -0.07145 0.279435 0.016802 0.957355 
1093 0.825873 0.059897 -0.484704 -0.070716 0.277515 0.015997 0.957982 
1094 0.827958 0.057947 -0.477236 -0.071699 0.274688 0.015536 0.958731 
1095 0.830501 0.055796 -0.466995 -0.07273 0.271762 0.01483 0.959498 
1096 0.833874 0.054696 -0.456346 -0.072191 0.26784 0.012515 0.960673 
1097 0.835349 0.052536 -0.449241 -0.07105 0.264275 0.010511 0.961769 
1098 0.835608 0.050135 -0.441814 -0.070998 0.261191 0.009543 0.962625 
1099 0.838653 0.048425 -0.433593 -0.071105 0.25753 0.009319 0.963606 
1100 0.839366 0.048144 -0.425355 -0.070743 0.25488 0.009069 0.964339 
1101 0.841397 0.047383 -0.415946 -0.070762 0.251783 0.009483 0.965147 
1102 0.842414 0.047602 -0.405641 -0.07018 0.248669 0.009304 0.965998 
1103 0.845222 0.047142 -0.394604 -0.069444 0.244718 0.009054 0.967062 
1104 0.84837 0.046912 -0.38374 -0.068166 0.240913 0.008364 0.968114 
1105 0.851518 0.046181 -0.373056 -0.066475 0.237822 0.007411 0.969003 
1106 0.85474 0.046121 -0.36271 -0.064348 0.23523 0.006447 0.969786 
1107 0.85654 0.04518 -0.352537 -0.062479 0.233432 0.006091 0.970345 
1108 0.858787 0.04274 -0.342283 -0.062042 0.231182 0.006021 0.970912 
1109 0.862104 0.04253 -0.331946 -0.061608 0.228245 0.005165 0.971639 
1110 0.86627 0.041439 -0.319858 -0.061274 0.225569 0.004617 0.972287 
1111 0.871026 0.039479 -0.307447 -0.059426 0.223019 0.003483 0.972995 
1112 0.872809 0.038679 -0.299055 -0.056765 0.22123 0.002249 0.973566 
1113 0.87555 0.037138 -0.289271 -0.056927 0.219671 0.00194 0.97391 
1114 0.880676 0.035068 -0.277102 -0.05721 0.217625 0.00196 0.974352 
1115 0.882607 0.032618 -0.266465 -0.056364 0.216137 0.002101 0.974733 
1116 0.885342 0.032458 -0.257701 -0.055677 0.213639 0.002485 0.975322 
1117 0.889285 0.031517 -0.246639 -0.056166 0.211646 0.002916 0.975727 
1118 0.892237 0.030707 -0.235249 -0.055827 0.210234 0.003467 0.97605 
1119 0.895989 0.028847 -0.224542 -0.055483 0.207596 0.003601 0.976633 
1120 0.898248 0.027036 -0.215048 -0.055016 0.204389 0.00322 0.977337 
1121 0.902326 0.024196 -0.204053 -0.054835 0.200258 0.003054 0.978203 
1122 0.905599 0.022436 -0.193686 -0.053735 0.196548 0.002299 0.979018 
1123 0.908043 0.019516 -0.183589 -0.053242 0.193392 0.001738 0.979674 
1124 0.910348 0.017945 -0.174155 -0.052322 0.190743 0.001185 0.980244 
1125 0.912038 0.017075 -0.166154 -0.05179 0.188526 0.001327 0.980701 
1126 0.914902 0.016285 -0.156857 -0.051767 0.185788 0.001621 0.981224 
1127 0.918674 0.014715 -0.146809 -0.051756 0.182943 0.001757 0.981759 
1128 0.921089 0.014104 -0.138102 -0.051008 0.180474 0.001548 0.982255 
1129 0.922711 0.013914 -0.130934 -0.05017 0.178278 0.001422 0.982699 
1130 0.925443 0.014644 -0.12364 -0.049884 0.176136 0.001046 0.9831 
1131 0.927913 0.015024 -0.115041 -0.050295 0.174479 0.000519 0.983375 
1132 0.931547 0.013564 -0.106047 -0.050736 0.172633 0.000356 0.983679 
1133 0.934564 0.013514 -0.098496 -0.05046 0.170358 -0.000425 0.984089 
1134 0.938157 0.010094 -0.089903 -0.050701 0.16763 -0.000671 0.984545 
1135 0.939473 0.007684 -0.082392 -0.049857 0.16537 -0.00099 0.98497 
1136 0.941149 0.005853 -0.075622 -0.048922 0.163104 -0.001223 0.985394 
1137 0.944705 0.003183 -0.06787 -0.048274 0.160704 -0.001542 0.98582 
1138 0.944442 0.001452 -0.062774 -0.047349 0.158984 -0.002371 0.986142 
1139 0.945673 0.000802 -0.056684 -0.047532 0.156635 -0.002412 0.986509 
1140 0.949604 -0.001988 -0.048499 -0.04791 0.153734 -0.001976 0.986948 
1141 0.953154 -0.002147 -0.041298 -0.046848 0.151263 -0.002311 0.98738 
1142 0.955791 -0.003007 -0.034372 -0.046112 0.149276 -0.002182 0.987717 
1143 0.958483 -0.005147 -0.026966 -0.04609 0.14758 -0.002349 0.987973 
1144 0.96188 -0.005487 -0.019168 -0.045379 0.145655 -0.002528 0.988291 
1145 0.964537 -0.006167 -0.012799 -0.044928 0.143879 -0.00268 0.988571 
1146 0.966799 -0.006257 -0.005928 -0.044731 0.142436 -0.002965 0.988788 
1147 0.970287 -0.006637 0.002399 -0.044064 0.140753 -0.002667 0.98906 
1148 0.972413 -0.006817 0.009513 -0.043288 0.139266 -0.002975 0.989304 
1149 0.975303 -0.006948 0.018497 -0.042537 0.138015 -0.002728 0.989512 
1150 0.978051 -0.007338 0.027906 -0.041128 0.137309 -0.003226 0.989669 
1151 0.978994 -0.006899 0.03598 -0.039745 0.13731 -0.004168 0.989722 
1152 0.979893 -0.007429 0.044181 -0.039052 0.137301 -0.004245 0.98975 
1153 0.980896 -0.01131 0.054863 -0.039476 0.136788 -0.003635 0.989807 
1154 0.982938 -0.013171 0.064704 -0.038822 0.135251 -0.003128 0.990046 
1155 0.98598 -0.015371 0.075294 -0.037939 0.133647 -0.00244 0.9903 
1156 0.989307 -0.020273 0.096342 -0.034827 0.131455 -0.001939 0.990708 
1157 0.991199 -0.022613 0.104941 -0.032995 0.130324 -0.002303 0.99092 
1158 0.991249 -0.026445 0.115144 -0.032041 0.130124 -0.002232 0.990977 
1159 0.991857 -0.030776 0.124549 -0.031912 0.129532 -0.001365 0.991061 
1160 0.993139 -0.033867 0.13511 -0.031417 0.128984 -0.000884 0.991148 
1161 0.993809 -0.035108 0.145162 -0.030297 0.129085 -0.000576 0.99117 
1162 0.994824 -0.037699 0.154487 -0.030252 0.129135 0.000145 0.991165 
1163 0.997662 -0.042649 0.166123 -0.030594 0.128768 0.000824 0.991202 
1164 0.997336 -0.044701 0.176786 -0.029137 0.129421 0.000419 0.991161 
1165 0.997139 -0.048002 0.186419 -0.028275 0.130074 0.000904 0.991101 
1166 0.9979 -0.048904 0.196478 -0.026135 0.130156 0.000717 0.991149 
1167 0.997297 -0.050875 0.205551 -0.024762 0.130925 7e-06 0.991083 
1168 0.995954 -0.053047 0.214491 -0.02425 0.131898 0.000743 0.990966 
1169 0.996587 -0.058098 0.226069 -0.024172 0.131754 0.00199 0.990986 
1170 0.995634 -0.06287 0.236788 -0.022449 0.131546 0.002462 0.991053 
1171 0.995073 -0.063792 0.246845 -0.019471 0.131105 0.002608 0.991174 
1172 0.995297 -0.066393 0.256999 -0.01725 0.130926 0.003071 0.991237 
1173 0.994664 -0.066474 0.265389 -0.015052 0.13084 0.002583 0.991286 
1174 0.994015 -0.070577 0.284894 -0.013553 0.131022 0.002745 0.991283 
1175 0.994971 -0.073048 0.294882 -0.013121 0.130097 0.002833 0.99141 
1176 0.995991 -0.072429 0.304681 -0.011364 0.129536 0.002889 0.991505 
1177 0.995161 -0.072711 0.313044 -0.009415 0.129821 0.002672 0.991489 
1178 0.995187 -0.075682 0.322558 -0.008932 0.129986 0.004135 0.991467 
1179 0.992131 -0.076485 0.331122 -0.007542 0.130133 0.004568 0.991457 
1180 0.98674 -0.073947 0.336207 -0.007317 0.130074 0.004532 0.991467 
1181 0.986521 -0.074459 0.346814 -0.010448 0.12865 0.005487 0.99162 
1182 0.99056 -0.076559 0.36024 -0.011906 0.126573 0.006163 0.991867 
1183 0.993355 -0.07415 0.370242 -0.010734 0.125428 0.004976 0.992032 
1184 0.993281 -0.073681 0.37953 -0.010696 0.125794 0.003749 0.991992 
1185 0.99398 -0.075412 0.389951 -0.011508 0.125886 0.003392 0.991972 
1186 0.993068 -0.075424 0.398927 -0.011913 0.126084 0.003648 0.991941 
1187 0.991832 -0.074626 0.407494 -0.012525 0.125291 0.005067 0.992028 
1188 0.993211 -0.075356 0.418026 -0.014145 0.122865 0.006104 0.992304 
1189 0.995607 -0.073997 0.428544 -0.015036 0.120349 0.006148 0.992599 
1190 1.00046 -0.073987 0.439413 -0.015828 0.118397 0.00606 0.992822 
1191 1.00383 -0.073397 0.44928 -0.015114 0.117707 0.005916 0.992916 
1192 1.00317 -0.071758 0.457778 -0.014369 0.118013 0.005591 0.992892 
1193 1.00628 -0.072388 0.468905 -0.015194 0.117268 0.006258 0.992964 
1194 1.01167 -0.073838 0.480822 -0.014714 0.116249 0.006905 0.993087 
1195 1.0154 -0.074098 0.491652 -0.013511 0.11631 0.006475 0.9931 
1196 1.0175 -0.075719 0.502757 -0.013412 0.117034 0.005979 0.993019 
1197 1.01988 -0.075939 0.513449 -0.012238 0.117414 0.005146 0.992994 
1198 1.01972 -0.07396 0.521272 -0.012433 0.118267 0.00463 0.992893 
1199 1.02467 -0.07531 0.533196 -0.014907 0.118174 0.006181 0.992862 
1200 1.02964 -0.07742 0.546186 -0.01591 0.118236 0.007841 0.992827 
1201 1.03212 -0.07796 0.556495 -0.015095 0.118981 0.008448 0.992746 
1202 1.03492 -0.078441 0.567174 -0.015098 0.119549 0.010504 0.992658 
1203 1.03829 -0.080501 0.578753 -0.015178 0.12022 0.011308 0.992567 
1204 1.04169 -0.081562 0.589212 -0.014216 0.121144 0.01156 0.992466 
1205 1.04348 -0.080862 0.598289 -0.013343 0.122273 0.011354 0.992342 
1206 1.04702 -0.081482 0.608609 -0.013966 0.122966 0.011752 0.992243 
1207 1.05049 -0.083413 0.619359 -0.014591 0.123495 0.012443 0.99216 
1208 1.05042 -0.083864 0.628541 -0.015336 0.123816 0.012124 0.992113 
1209 1.05252 -0.083934 0.637869 -0.016813 0.12266 0.011769 0.992236 
1210 1.05789 -0.087235 0.658554 -0.018215 0.120167 0.010766 0.992528 
1211 1.05773 -0.088606 0.666798 -0.017712 0.119301 0.00937 0.992656 
1212 1.05698 -0.088588 0.674391 -0.01722 0.118194 0.008161 0.992808 
1213 1.05644 -0.088769 0.682252 -0.01746 0.116513 0.00703 0.993011 
1214 1.05705 -0.091311 0.698029 -0.018822 0.110817 0.004867 0.993651 
1215 1.05822 -0.092422 0.706005 -0.019497 0.107687 0.004834 0.993982 
1216 1.0593 -0.093662 0.714098 -0.019457 0.10504 0.003808 0.99427 
1217 1.06043 -0.092883 0.720553 -0.018653 0.102741 0.002652 0.99453 
1218 1.05954 -0.094374 0.727873 -0.019301 0.101377 0.001512 0.99466 
1219 1.05872 -0.095475 0.735334 -0.019599 0.10025 0.000354 0.994769 
1220 1.05694 -0.097897 0.742648 -0.020679 0.099036 -0.000324 0.994869 
1221 1.05657 -0.098208 0.750798 -0.021144 0.096695 -0.000562 0.995089 
1222 1.05676 -0.098259 0.758124 -0.021272 0.09373 -0.001242 0.99537 
1223 1.05575 -0.098441 0.766308 -0.02162 0.091299 -0.002408 0.995586 
1224 1.054 -0.098962 0.774407 -0.021836 0.089212 -0.00358 0.995767 
1225 1.05228 -0.099714 0.782452 -0.022301 0.087178 -0.004309 0.995934 
1226 1.05027 -0.101556 0.790881 -0.022892 0.084743 -0.004991 0.996127 
1227 1.04823 -0.102488 0.799479 -0.02289 0.082047 -0.006081 0.996347 
1228 1.04649 -0.10291 0.809053 -0.022791 0.079411 -0.007369 0.996554 
1229 1.04534 -0.103552 0.817348 -0.022382 0.077237 -0.008298 0.996727 
1230 1.04327 -0.103944 0.825482 -0.022107 0.075738 -0.009413 0.996838 
1231 1.0393 -0.104396 0.832885 -0.022182 0.075103 -0.010087 0.996878 
1232 1.03598 -0.104469 0.84166 -0.022485 0.074014 -0.010389 0.99695 
1233 1.03429 -0.10491 0.850332 -0.022882 0.072422 -0.009622 0.997065 
1234 1.03145 -0.105162 0.858276 -0.023474 0.071621 -0.009396 0.997111 
1235 1.03119 -0.105934 0.868084 -0.024634 0.070586 -0.00892 0.997162 
1236 1.03014 -0.106286 0.876107 -0.025341 0.070041 -0.008815 0.997183 
1237 1.02843 -0.108517 0.884695 -0.026911 0.069985 -0.008767 0.997146 
1238 1.02729 -0.110849 0.894262 -0.027754 0.069754 -0.008613 0.997141 
1239 1.02436 -0.112411 0.901723 -0.02714 0.069892 -0.009004 0.997145 
