0 0.180515 -0.114533 2.841217 0.172355 0.911492 2.84054
1 0.170984 0.916916 2.840606 1.547035 0.909632 2.872546
2 1.535037 -0.114467 2.872128 1.537831 0.910873 2.872331
3 0.240222 -0.054418 2.81087 0.252333 0.82947 2.818146
4 1.45983 0.829699 2.838219 0.250431 0.828678 2.811611
5 1.455531 0.82732 2.849249 1.455713 -0.046027 2.843532
6 0.308548 0.773863 2.823745 1.403813 0.77486 2.848892
7 1.400839 0.011993 2.853557 1.399454 0.774761 2.848409
8 -0.991553 0.215488 2.414284 -0.999873 -1.027539 2.381956
9 0.30917 0.013186 2.828428 1.403372 0.017836 2.853524
10 1.455914 -0.04032 2.854181 0.252255 -0.041659 2.827309
11 0.169464 -0.109912 2.841253 1.543833 -0.109542 2.872586
12 -1.059649 -0.341822 1.735062 -1.032668 -0.671889 1.622741
13 -0.458497 -1.161243 2.790412 -1.133307 -1.162708 2.783553
14 1.777384 -0.815353 1.833204 -0.000532 -0.821067 1.780144
15 0.308848 0.66925 2.824492 0.305329 -0.034249 2.827594
16 1.867877 -0.327094 2.595808 1.060885 -0.327594 2.568749
17 1.762349 -0.65316 2.51243 1.076196 -0.655647 2.496781
18 0.895193 -0.816367 1.79404 1.761648 -0.814218 1.831846
19 2.18512 -0.486043 2.869674 2.184852 0.884133 2.886942
20 3.396531 0.885308 2.913856 2.175145 0.883368 2.88644
21 2.290256 0.760152 2.872322 3.26152 0.768556 2.895303
22 3.257893 0.769245 2.894841 3.248422 -1.162811 2.893401
23 3.372709 -0.275508 2.896687 3.359623 -1.16302 2.889414
24 3.586606 -1.16176 1.964307 3.557753 -1.155814 2.891829
25 3.623521 1.338082 1.560899 3.591138 1.338372 2.91034
26 0.663295 -0.649588 2.235276 0.234458 -0.650324 2.431776
27 0.943334 0.432624 2.83997 0.593087 0.443327 2.832142
28 1.02657 -0.511177 2.375782 1.032016 -0.314475 2.449634
29 0.619525 -0.228058 2.360732 0.442908 -0.234633 2.422109
30 -1.326549 0.239816 2.385558 -1.32666 -0.636657 2.405366
31 -0.926626 0.409217 2.566914 -0.925063 0.168332 2.56645
32 -1.286994 -0.324291 0.642103 -1.287301 0.392978 0.627668
33 -1.286854 0.384033 0.631435 -1.287386 -0.321295 0.641939
34 -1.242781 -0.278502 0.610002 -1.253287 0.213387 0.555272
35 -1.246962 -0.26868 0.601376 -1.253164 0.218773 0.557663
36 -1.240321 0.372093 0.659337 -1.244705 -0.320703 0.656577
37 -1.251141 -0.262222 0.518322 -1.251166 0.294867 0.496366
38 -1.242397 -0.276642 0.606982 -1.238597 0.181559 0.611891
39 -1.283332 1.335382 0.462974 -1.220473 1.328616 -2.171517
40 -1.242891 0.245569 0.105564 -1.246987 -0.238434 0.125347
41 -1.247487 -0.237514 0.136557 -1.241705 0.285165 0.080398
42 -1.227061 0.313795 -0.391204 -1.232914 -0.2624 -0.375053
43 -1.212801 0.364773 -0.491909 -1.218003 -0.311212 -0.498836
44 -1.218757 -0.272434 -0.443238 -1.213743 0.332157 -0.448045
45 -1.232229 0.304372 -0.338614 -1.237313 -0.244413 -0.335602
46 -1.257252 0.459025 -0.681706 -1.257152 -0.33371 -0.689072
47 -1.243609 0.239787 0.146434 -1.247686 -0.195579 0.143708
48 -1.22947 1.31341 -1.936628 -1.228276 -0.471159 -1.980624
49 -1.259574 0.503814 -0.592191 -1.286058 0.433013 0.571639
50 -1.080301 -0.441179 -2.110162 -1.058571 1.176822 -2.105633
51 -1.238137 0.371522 0.655037 -1.215227 0.37068 -0.376524
52 -0.959847 0.190696 -2.106806 -0.958123 1.122902 -2.107003
53 -1.231948 0.297203 -0.349421 -1.237406 0.311009 0.612552
54 -1.224429 1.329564 -2.160212 3.711178 1.325992 -2.050254
55 -1.225907 1.189653 -2.08344 -1.22246 -0.079459 -2.170789
56 -0.600025 -0.252891 -2.115744 -0.629959 1.110096 -2.121293
57 -0.325941 -0.472623 -2.140369 -0.282584 1.098525 -2.139089
58 -1.241735 0.192503 0.032568 -1.244591 -0.173727 0.034127
59 -0.325639 1.052535 -2.234749 -0.324784 -0.334742 -2.236414
60 -1.240104 0.125371 -0.060474 -1.243701 -0.200387 -0.018743
61 -0.66477 1.172787 -2.053924 0.802595 1.172615 -2.035048
62 -0.623882 1.133312 -2.146892 0.895625 1.093658 -2.115885
63 -1.240503 -0.160055 -0.146394 -1.237493 0.18324 -0.149334
64 -1.244751 0.181387 0.162215 -1.240225 0.079628 -0.069103
65 -0.910353 0.119347 -2.04846 -0.910388 -0.383052 -2.04561
66 -1.036031 -0.418323 -2.048317 -1.029076 0.110412 -2.052931
67 -0.803037 0.135465 -2.054299 -0.786508 -0.50079 -2.038306
68 -1.234636 -0.092875 -0.384268 -1.236868 -0.236243 -0.350822
69 -0.24419 1.092958 -2.235011 0.426236 1.089311 -2.204521
70 0.426457 0.941356 -2.21903 0.426367 -0.283273 -2.220151
71 0.473315 1.094899 -2.122877 0.42687 -0.429313 -2.123529
72 0.816875 -0.404094 -1.99108 0.836006 0.149446 -1.992737
73 1.069104 -0.291588 -1.989007 1.068969 1.206388 -1.99097
74 1.08105 -0.402888 -1.996911 1.067638 1.216029 -1.992068
75 1.142751 -0.405367 -2.044388 1.135164 1.214782 -2.042091
76 1.165564 1.220141 -1.98902 1.192931 -0.40232 -1.979178
77 0.775836 -0.122698 -2.030846 0.797258 0.853963 -2.029994
78 1.276822 -0.415296 -2.042799 1.221631 1.17478 -2.025118
79 3.710226 -0.648853 -2.059754 3.703501 1.191869 -2.059574
80 -0.609839 1.093062 -2.243686 -0.326523 1.092299 -2.234402
81 3.21631 -0.665259 -1.641792 3.209898 0.164677 -1.619994
82 3.690734 1.33762 -2.051161 3.687573 1.33431 -1.047643
83 3.703547 0.171479 -1.738497 3.703156 -0.769173 -1.695037
84 3.674906 -0.111848 -0.463341 3.674456 0.905269 -0.465724
85 3.645829 0.829578 -0.401699 3.651005 -0.044265 -0.398264
86 3.655531 0.776505 -0.344247 3.660934 0.011464 -0.343929
87 1.000341 1.093533 -2.208899 0.544293 1.092659 -2.216397
88 3.646987 0.89392 -0.46763 3.643804 0.904485 0.895665
89 3.645647 0.827004 -0.403052 3.623706 0.826867 0.808848
90 3.631658 0.778367 0.758553 3.656168 0.774849 -0.347363
91 3.648257 -0.106797 -0.46521 3.64486 -0.11411 0.883039
92 3.625191 -0.04245 0.803763 3.650855 -0.043632 -0.395462
93 3.636049 0.012301 0.750782 3.63153 0.777589 0.753759
94 3.651515 0.014356 0.039944 3.635732 0.013435 0.749302
95 3.619006 0.832319 0.806654 3.624357 -0.045026 0.800827
96 3.644247 0.906411 0.894457 3.644779 -0.115245 0.891653
