0 1.511197 0.893606 2.834481
1 0.252201 0.815569 2.816384
2 1.452276 0.815595 2.845418
3 0.194823 -0.106973 2.81282
4 0.194905 0.893352 2.804779
5 0.371985 0.3046 2.827861
6 -1.3024 -1.158498 2.778307
7 -0.472966 -1.163392 2.783282
8 0.371971 0.664809 2.825758
9 -1.122094 -1.159072 2.78272
10 1.032022 0.604685 2.84111
11 0.312038 0.574792 2.82493
12 1.151963 0.544777 2.844197
13 0.762029 0.544747 2.835306
14 0.73194 0.544661 2.834631
15 0.761984 0.514742 2.835478
16 -1.142352 0.411525 2.289346
17 0.672044 0.514753 2.833435
18 -1.154838 0.411538 2.306921
19 0.792037 0.424613 2.836702
20 0.732031 0.424547 2.835325
21 1.392036 0.424771 2.850362
22 0.462783 0.424645 2.829268
23 0.886131 -0.656035 2.363646
24 0.851927 0.394746 2.838233
25 0.70201 0.394657 2.834814
26 0.702183 -0.64779 2.363108
27 0.321886 0.032017 2.828761
28 0.251928 -0.646755 2.418965
29 0.522053 0.034671 2.832851
30 1.241926 0.034781 2.849216
31 0.642164 0.334718 2.833809
32 0.312074 0.334088 2.826332
33 1.051001 -0.625592 2.373721
34 -0.448597 -0.317143 1.560941
35 0.791951 0.334735 2.837223
36 0.312137 0.30439 2.826513
37 0.372056 0.694818 2.825596
38 0.701915 0.304691 2.835351
39 1.511358 -0.105618 2.840966
40 0.672004 0.27478 2.834835
41 0.791947 0.274693 2.837571
42 0.320806 -0.216665 2.535933
43 -1.127848 -0.474949 2.811518
44 0.76194 0.244658 2.837065
45 0.303658 -0.232151 2.533864
46 0.701959 0.244658 2.835708
47 0.312067 0.72482 2.82406
48 -1.012097 -0.297141 1.853577
49 0.552065 0.214701 2.832473
50 0.66548 -0.28072 2.851204
51 0.701923 0.094752 2.836581
52 -0.999367 0.173787 2.382368
53 0.355933 0.209946 2.828676
54 0.671992 0.214707 2.835196
55 -1.079951 0.168107 2.556351
56 0.295473 -0.245404 2.53535
57 0.3121 0.18468 2.827228
58 0.672034 0.124755 2.835724
59 0.352193 0.151823 2.828762
60 0.312093 0.154616 2.827389
61 1.0349 -0.229128 2.504019
62 0.522098 0.334657 2.831087
63 0.492606 0.334599 2.830421
64 0.372034 0.634819 2.825953
65 -1.188662 -1.159487 2.780964
66 0.88579 -0.655843 2.393724
67 1.03243 -0.646511 2.361853
68 0.731972 0.514769 2.834801
69 -0.451534 -0.315083 1.570277
70 0.701988 0.424532 2.834645
71 0.296495 -0.248984 2.527757
72 1.023762 -0.219192 2.511519
73 0.312058 0.274621 2.826693
74 1.391935 0.03477 2.852628
75 0.73189 0.034725 2.837607
76 0.671997 0.034707 2.836247
77 0.344708 0.03409 2.829009
78 0.311259 0.03483 2.828044
79 -0.977727 0.154617 2.393638
80 0.58218 0.604822 2.830884
81 0.701966 0.544564 2.833948
82 1.151993 0.634613 2.843671
83 1.032014 0.6347 2.84094
84 1.39203 0.754751 2.848437
85 0.8811 -0.664531 1.802843
86 0.641771 -0.646415 2.241331
87 0.254749 -0.625496 2.418694
88 0.67204 0.484727 2.833607
89 0.851944 0.424632 2.838063
90 1.050979 -0.239229 2.506001
91 1.452583 -0.025193 2.850656
92 0.251333 -0.025202 2.821089
93 1.211977 0.184751 2.847662
94 0.582131 0.574795 2.831057
95 0.701964 0.064742 2.836751
96 0.731982 0.57458 2.834457
97 0.702464 -0.258275 2.852757
98 0.791955 0.364718 2.837052
99 1.511342 0.874801 2.834567
100 0.312035 0.754808 2.823878
101 0.324425 -0.219182 2.523839
102 0.642035 0.034712 2.835567
103 -0.459827 -0.312046 1.574828
104 0.881937 0.42467 2.838749
105 0.851434 -0.654278 2.363455
106 0.702001 0.454734 2.834462
107 1.048974 -0.248022 2.497495
108 0.672017 0.094792 2.835897
109 0.341495 0.154895 2.82803
110 0.613491 -0.230754 2.490543
111 1.24192 0.124742 2.848691
112 0.6423 -0.625055 2.242891
113 0.912144 -0.649225 2.363824
114 0.711588 -0.649126 2.384734
115 0.882802 -0.657243 2.42106
116 1.031985 -0.624799 2.365741
117 -1.116185 0.412029 2.2565
118 0.342112 0.214734 2.827721
119 0.194852 -0.085378 2.810288
120 0.33089 -0.214595 2.531267
121 1.392008 0.664771 2.848958
122 0.384882 0.328678 2.828679
123 0.194608 0.874785 2.804875
124 0.359573 0.040073 2.828582
125 -0.474369 -0.306833 1.581218
126 -1.132438 0.41167 2.275118
127 1.032167 -0.26468 2.481029
128 0.672021 0.424527 2.833963
129 1.212004 0.754755 2.844338
130 -1.217829 -0.475264 2.809494
131 1.121968 0.574812 2.843336
132 -0.810542 0.394943 2.39043
133 0.341963 0.694825 2.824907
134 0.341929 0.664832 2.825083
135 1.001986 0.634741 2.84025
136 0.34213 0.364737 2.826834
137 -0.812506 0.183962 2.37578
138 0.64206 0.214755 2.834513
139 0.372119 0.034618 2.829466
140 1.028696 -0.241028 2.493616
141 -1.127854 -0.565072 2.811503
142 0.241447 -0.648779 2.477649
143 0.702309 -0.649399 2.333487
144 1.031971 0.574767 2.841287
145 0.337759 0.035557 2.828394
146 -1.217787 -0.565146 2.809469
147 0.662444 -0.624058 2.246582
148 -1.333318 -0.535146 2.804483
149 -1.188029 -0.504964 2.810179
150 1.242 0.184777 2.848347
151 0.31212 0.244648 2.826871
152 0.971901 0.63475 2.83957
153 0.821905 0.394744 2.837554
154 0.761973 0.334719 2.836536
155 0.761957 0.394722 2.836182
156 0.702063 0.484712 2.834289
157 1.511394 -0.085235 2.840153
158 0.761947 0.484702 2.835652
159 -1.15299 0.16806 2.304284
160 0.79193 0.244695 2.837748
161 0.821967 0.424631 2.837379
162 0.341785 -0.234265 2.844616
163 1.092001 0.574769 2.842649
164 1.152016 0.574688 2.844018
165 1.361939 0.034746 2.851955
166 1.362022 0.754751 2.847746
167 0.731982 -0.649339 2.363654
168 1.362003 0.4248 2.849678
169 0.372219 0.364344 2.827528
170 0.341956 0.184772 2.827896
171 1.122024 0.634476 2.842985
172 0.552279 0.514646 2.830735
173 1.181961 0.184788 2.846982
174 0.314876 -0.237172 2.516146
175 0.342037 0.75479 2.824563
176 0.612344 0.604709 2.831569
177 0.582278 0.424482 2.831928
178 0.596054 -0.240036 2.492812
179 0.522098 0.274556 2.831442
180 0.942003 0.424694 2.840117
181 0.312088 0.394811 2.825976
182 0.884166 -0.681535 1.818827
183 0.850921 -0.654307 2.3935
184 0.791953 0.394732 2.836873
185 0.311914 0.694816 2.824227
186 -0.460893 -0.312747 1.555811
187 0.358885 0.013696 2.828611
188 0.620281 -0.221424 2.499337
189 1.062005 0.574779 2.841971
190 0.911938 -0.649349 2.333604
191 0.762085 0.424558 2.836013
192 0.312111 0.604831 2.824761
193 0.612511 0.574732 2.831741
194 1.001458 -0.22159 2.503734
195 0.642281 0.4245 2.833276
196 0.612192 0.064728 2.834713
197 0.642074 0.124741 2.835038
198 1.181923 0.754714 2.843658
199 0.87654 -0.66191 2.449064
200 1.001802 -0.236472 2.485538
201 1.092058 0.63451 2.842308
202 0.522093 0.304552 2.831268
203 0.311993 0.514719 2.825267
204 0.911991 0.4247 2.839428
205 0.672295 -0.258623 2.852093
206 0.702017 0.514702 2.83412
207 0.341837 -0.258543 2.844565
208 1.151983 0.064763 2.846996
209 -1.188337 -0.565203 2.810154
210 0.642064 0.244728 2.834345
211 0.671996 0.334715 2.834485
212 1.091988 0.54469 2.842824
213 0.821979 0.364704 2.837727
214 0.637386 -0.219945 2.500724
215 0.582293 0.514676 2.831402
216 0.883765 -0.660093 1.821642
217 0.866197 -0.673891 2.364896
218 0.701918 0.034706 2.836933
219 0.366121 0.126174 2.828443
220 0.640844 -0.226954 2.487349
221 0.972021 0.664722 2.839396
222 0.851935 0.274677 2.838933
223 0.671957 0.364696 2.834312
224 0.733239 -0.649311 2.391957
225 0.911601 -0.649245 2.39278
226 0.865891 -0.675532 2.394104
227 0.642043 0.09479 2.835215
228 0.323977 0.059213 2.828714
229 0.701975 0.27471 2.835529
230 0.340651 0.124988 2.828148
231 0.851958 0.36473 2.838414
232 1.151926 0.604758 2.843844
233 0.492641 0.304534 2.830607
234 0.851647 -0.654093 2.333466
235 0.648732 -0.280793 2.851097
236 1.241954 0.064732 2.849044
237 0.582188 0.394369 2.832098
238 0.41265 0.391405 2.828752
239 0.40203 0.03464 2.830132
240 0.612157 0.034706 2.834898
241 1.121955 0.154746 2.845792
242 0.731953 0.394709 2.835505
243 0.689408 -0.219196 2.362098
244 0.400242 0.335028 2.828204
245 0.401617 0.3949 2.82798
246 0.312054 0.214678 2.827043
247 0.413998 0.418091 2.828705
248 1.422055 0.81612 2.848072
249 0.552023 0.034665 2.833532
250 1.421958 -0.025112 2.85366
251 0.671983 0.244679 2.835019
252 1.481923 -0.085183 2.839482
253 1.12196 0.544763 2.843509
254 1.242108 0.754707 2.845025
255 1.361925 0.06482 2.851771
256 0.971961 0.574731 2.839914
257 1.482062 0.874751 2.833882
258 1.241929 0.154734 2.848526
259 0.881946 0.394774 2.838922
260 0.91193 -0.64935 2.303575
261 1.481843 0.893613 2.833811
262 1.151962 0.154807 2.846476
263 0.865568 -0.677358 2.424247
264 0.420216 0.279166 2.828578
265 1.421901 0.004836 2.853487
266 2.17411 -0.352295 2.879523
267 0.731963 0.36469 2.835684
268 1.769685 -0.595109 2.512187
269 0.851958 0.334704 2.83859
270 2.172364 0.873771 2.882499
271 0.522143 0.214692 2.831793
272 2.173407 -0.324639 2.880167
273 0.310164 -0.26233 2.843866
274 1.39206 0.784755 2.84826
275 1.121982 0.12474 2.845962
276 1.36197 0.394763 2.849849
277 1.152017 0.184752 2.846298
278 0.462043 0.27456 2.830092
279 1.211913 0.484807 2.845912
280 0.552038 0.274645 2.83212
281 2.322004 0.75244 2.889966
282 0.791981 0.214752 2.837929
283 2.173051 0.844687 2.880335
284 0.428722 0.395409 2.828355
285 1.301916 0.064785 2.850409
286 1.30192 0.034788 2.85058
287 0.701952 0.334679 2.835165
288 1.211887 0.034801 2.848532
289 1.181877 0.034827 2.847846
290 0.761951 0.274741 2.836888
291 1.121921 0.604762 2.843159
292 2.303982 0.75195 2.889462
293 2.321706 0.765931 2.877639
294 1.722276 -0.809173 1.814049
295 1.055961 -0.617794 2.381665
296 1.271942 0.064817 2.849725
297 2.288147 0.757367 2.873406
298 1.511374 0.844756 2.834736
299 1.331999 0.754719 2.847065
300 1.757215 -0.828433 1.811039
301 1.77533 -0.816753 1.841782
302 1.785107 -0.774709 1.815204
303 1.743933 -0.791552 1.80835
304 1.787097 -0.684687 1.820027
305 1.796312 -0.775342 1.808201
306 0.432035 0.034631 2.830816
307 1.36206 0.724796 2.847926
308 0.64264 -0.260253 2.851435
309 0.97201 0.42465 2.8408
310 1.759685 -0.679519 1.810379
311 2.173344 -0.295195 2.880215
312 1.780469 -0.674631 1.841168
313 0.821953 0.274708 2.838258
314 3.342161 -1.157435 2.895275
315 3.253198 0.755035 2.90383
316 0.311995 0.364872 2.826153
317 0.911923 1.334649 2.603674
318 3.409849 -1.15553 2.88879
319 1.422002 0.784646 2.848942
320 3.401742 -1.159371 2.880085
321 0.761932 0.034701 2.838291
322 0.462077 0.244691 2.830265
323 3.24395 0.765051 2.921201
324 0.941887 1.33513 2.573629
325 0.731923 0.334735 2.835858
326 2.173284 0.274865 2.880229
327 0.941987 1.335599 2.54359
328 0.912005 1.33465 2.573622
329 0.886399 -0.656265 2.333603
330 3.367689 -1.157045 2.894609
331 2.173281 -0.08523 2.880254
332 0.97194 0.244776 2.841849
333 0.46203 0.184707 2.830611
334 3.40175 -1.135143 2.887812
335 3.551728 -1.162248 2.873789
336 1.361881 0.094797 2.851598
337 1.212004 0.094711 2.848187
338 0.671964 0.304706 2.834663
339 2.565436 -0.510005 1.330332
340 1.391921 0.214802 2.851586
341 0.612506 0.424533 2.832617
342 0.672616 -0.649393 2.333585
343 0.582025 0.034715 2.834209
344 0.612167 0.184771 2.834012
345 2.173127 0.81475 2.880298
346 2.569555 -0.511769 1.102611
347 0.821967 0.184754 2.838784
348 0.865169 -0.678481 2.452581
349 0.492289 0.03464 2.832178
350 0.673036 -0.646514 2.355801
351 2.695332 -0.247226 1.13095
352 2.708433 -0.240606 1.12559
353 1.391973 0.634718 2.849132
354 3.551882 -1.156604 2.890929
355 2.17327 0.394803 2.880238
356 0.731968 0.304723 2.836032
357 2.173191 0.754665 2.880243
358 1.031896 0.124732 2.843924
359 3.368036 -1.045165 2.895115
360 1.151959 0.034725 2.847167
361 0.791962 0.184774 2.838099
362 1.18195 0.094719 2.8475
363 1.773307 -0.65085 1.943692
364 1.001941 0.154801 2.843055
365 0.679484 -0.474949 2.336284
366 1.031926 0.064757 2.844262
367 3.570777 -1.156283 2.890682
368 2.173235 0.154792 2.880253
369 2.73493 -0.485295 1.082353
370 3.099115 -0.235222 1.128349
371 1.031937 0.154785 2.843748
372 0.683922 -0.442087 2.351035
373 3.07543 -0.239189 1.124547
374 1.753755 -0.650225 2.511887
375 3.617284 -0.80521 2.094506
376 0.869979 -0.682725 2.491871
377 3.119419 -0.234903 1.127547
378 1.767981 -0.650494 2.183506
379 1.761599 -0.650762 2.333615
380 1.06201 0.304741 2.843547
381 2.173264 0.334836 2.880233
382 3.12429 -0.244645 1.106905
383 2.173233 0.63481 2.880221
384 2.862541 -1.158192 2.899549
385 3.629853 -0.318071 1.524748
386 1.768634 -0.650691 2.153517
387 1.211949 0.544715 2.84556
388 0.97166 -0.647354 2.364088
389 0.97194 0.39471 2.840976
390 1.002092 -0.64646 2.358842
391 2.832744 -1.162472 2.872968
392 1.062014 0.634611 2.841623
393 3.380143 -1.025038 2.887527
394 2.833087 -1.158134 2.899073
395 0.852003 0.034723 2.840339
396 1.001987 0.24478 2.842521
397 0.882039 0.034737 2.841031
398 1.001956 0.184796 2.842882
399 0.864947 -0.683257 2.491808
400 0.941967 0.034745 2.842386
401 0.76198 0.304762 2.836716
402 1.061962 0.034671 2.845121
403 0.101774 -0.38529 2.51408
404 0.071729 -0.445169 2.493283
405 0.071694 -0.475179 2.487498
406 -0.047601 -0.445159 2.478262
407 -0.077945 -0.444763 2.476681
408 -0.107878 -0.444184 2.476092
409 -0.28524 -0.469496 2.470191
410 -1.024737 0.207151 2.548864
411 -1.171787 0.340908 2.433839
412 -1.17182 0.301014 2.433505
413 -1.06346 0.207065 2.380722
414 -0.869468 0.205291 2.423973
415 -1.128004 0.208365 2.365443
416 -1.020194 0.211266 2.541138
417 -1.174855 0.304482 2.369589
418 -1.174024 0.343732 2.421633
419 -1.173859 0.301865 2.422423
420 -1.174791 0.411557 2.417234
421 -0.95581 0.210191 2.249063
422 -1.116585 -0.333028 1.961381
423 -1.246433 0.309552 0.588432
424 -1.249321 0.306948 0.563668
425 -1.248658 0.306912 0.533641
426 -1.255894 -0.234076 0.503826
427 -1.250296 -0.264018 0.563825
428 -1.25522 -0.234137 0.47383
429 -1.246131 0.360732 0.655651
430 -1.253967 -0.174724 0.443764
431 -1.251759 0.244427 0.503584
432 -1.253298 -0.174475 0.413715
433 -1.252607 -0.174234 0.383748
434 -1.253598 -0.204034 0.413823
435 -1.254547 -0.234202 0.443806
436 -1.253877 -0.234208 0.413855
437 -1.2532 -0.234241 0.383812
438 -1.245904 0.307026 0.413682
439 -1.245246 0.306993 0.383622
440 -1.254933 -0.203966 0.473875
441 -1.25225 -0.204056 0.353868
442 -1.251852 -0.234259 0.32378
443 -1.252002 0.214436 0.503672
444 -1.253176 -0.0852 0.443663
445 -1.251932 -0.173974 0.353796
446 -1.252921 -0.204039 0.383837
447 -1.247467 -0.264212 0.443833
448 -1.246237 -0.268938 0.59122
449 -1.243879 0.307032 0.323616
450 -1.243226 0.306962 0.293543
451 -1.250584 -0.173597 0.293786
452 -1.249909 -0.17348 0.26378
453 -1.24768 0.24441 0.323653
454 -1.237701 0.360724 0.623596
455 -1.252303 0.094836 0.473628
456 -1.249265 -0.025148 0.29358
457 -1.249634 -0.145129 0.263569
458 -1.247898 -0.173171 0.173824
459 -1.248205 -0.204102 0.173819
460 -1.245045 0.154377 0.173694
461 -1.242525 0.307022 0.263658
462 -1.251177 -0.234366 0.293819
463 -1.248569 -0.173151 0.203807
464 -1.245585 0.004981 0.143278
465 -1.243879 0.214529 0.143726
466 -1.244803 0.18443 0.173729
467 -1.246271 0.004898 0.173543
468 -1.246432 0.064597 0.203543
469 -1.247301 0.124316 0.263725
470 -1.241856 -0.260777 0.08379
471 -1.245774 -0.234708 0.053743
472 -1.246448 -0.234653 0.083761
473 -1.246179 -0.204261 0.083815
474 -1.245504 -0.204312 0.053776
475 -1.24228 0.244503 0.083694
476 -1.245795 -0.170771 0.083033
477 -1.251261 -0.173818 0.323758
478 -1.242532 0.214451 0.083722
479 -1.247101 0.064962 0.23326
480 -1.244586 0.306944 0.353557
481 -1.239904 0.304849 0.053772
482 -1.240431 0.304962 0.083766
483 -1.241436 0.305235 0.143728
484 -1.245108 -0.170265 0.053226
485 -1.24722 -0.173157 0.143729
486 -1.242954 0.244509 0.113735
487 -1.249234 -0.17325 0.233762
488 -1.246854 -0.204232 0.113752
489 -1.241845 0.307045 0.233708
490 -1.244823 -0.20436 0.023744
491 -1.240932 0.244471 0.023739
492 -1.229608 0.31493 -0.006428
493 -1.240925 0.305135 0.113773
494 -1.23939 0.304631 0.023701
495 -1.252531 -0.234317 0.353799
496 -1.23003 0.315073 0.023525
497 -1.243629 0.244521 0.143732
498 -1.246509 -0.171969 0.113303
499 -1.228418 0.314572 -0.096519
500 -1.229204 0.31477 -0.036573
501 -1.246222 -0.145023 0.113522
502 -1.236099 0.303284 -0.156251
503 -1.237227 0.303828 -0.096268
504 -1.235512 0.302934 -0.186334
505 -1.2343 0.302222 -0.246184
506 -1.236667 0.303537 -0.126275
507 -1.242942 -0.264191 0.624279
508 -1.228277 0.310036 -0.308468
509 -1.226666 0.31417 -0.246493
510 -1.247802 -0.23458 0.143855
511 -1.234914 0.30265 -0.216207
512 -1.244374 0.154383 0.143699
513 -1.22879 0.307684 -0.336431
514 -1.233217 0.3001 -0.300693
515 -1.227437 0.307645 -0.396416
516 -1.24753 -0.204186 0.143795
517 -1.230502 0.315217 0.053604
518 -1.238863 0.304435 -0.006296
519 -1.227017 0.314232 -0.216446
520 -1.22882 0.314676 -0.066527
521 -1.219805 0.33177 -0.216384
522 -1.228067 0.307786 -0.366233
523 -1.227367 0.314302 -0.186685
524 -1.243373 0.274538 0.143701
525 -1.226409 0.314086 -0.276565
526 -1.228053 0.314463 -0.126612
527 -1.23306 0.295195 -0.324144
528 -1.213941 0.33273 -0.45526
529 -1.226182 0.306273 -0.429629
530 -1.243706 0.154307 0.113725
531 -1.21773 0.303483 -0.451363
532 -1.246889 -0.144612 0.143192
533 -1.232866 0.277937 -0.315157
534 -1.243204 0.21447 0.113735
535 -1.24848 -0.234483 0.173936
536 -1.252254 0.184401 0.503649
537 -1.227692 0.314378 -0.156573
538 -1.257239 -0.234017 0.563848
539 -1.24405 0.274444 0.173682
540 -1.215093 0.331559 -0.426393
541 -1.256567 -0.234042 0.533858
542 -1.242701 0.274518 0.1137
543 -1.212658 0.360694 -0.485732
544 -1.220454 0.331905 -0.186351
545 -1.244303 0.244476 0.173725
546 -1.242675 -0.233953 0.624524
547 -1.252479 0.154241 0.50354
548 -1.068131 0.124848 -2.106562
549 -1.052337 0.125639 -2.092459
550 -1.214469 1.326593 -2.167228
551 -0.948583 1.171667 -2.106043
552 -0.948318 1.084859 -2.105328
553 -0.933712 1.053954 -2.089968
554 -0.948158 1.144759 -2.105471
555 -1.216112 1.333795 -2.136014
556 -0.837015 1.170832 -2.100918
557 -0.965307 1.168511 -2.096696
558 -0.889897 1.144656 -2.042646
559 -0.947867 1.177471 -2.073372
560 -1.00802 1.114634 -2.041278
561 -0.851608 1.171679 -2.104103
562 -1.008026 1.084788 -2.040953
563 -0.798951 1.144639 -2.041642
564 -0.798875 1.114668 -2.04156
565 -0.932886 1.164948 -2.091657
566 -0.661461 1.144684 -2.058418
567 -0.736944 1.171618 -2.100118
568 -0.661159 1.113827 -2.058029
569 -0.58805 1.151014 -2.156587
570 -0.679153 1.114706 -2.044318
571 -0.613101 1.151023 -2.157113
572 -0.889934 1.114686 -2.04235
573 -0.721795 1.169303 -2.093386
574 -1.237554 0.244391 -0.126421
575 -1.236882 0.244447 -0.15633
576 -0.326987 1.054789 -2.166143
577 -1.236207 0.244365 -0.186295
578 -1.236142 -0.145199 -0.336183
579 -1.235523 0.244282 -0.216502
580 -1.239146 -0.025168 -0.156242
581 -0.316642 1.024769 -2.140888
582 -0.326326 1.054729 -2.196195
583 -0.32699 1.024731 -2.166119
584 -1.237754 -0.17411 -0.276246
585 -1.238432 -0.174268 -0.246211
586 -0.326296 1.02482 -2.196331
587 -0.712247 1.173946 -2.070471
588 -0.404429 -0.298384 -3.107994
589 -0.257791 -0.29878 -3.104773
590 -0.288022 -0.298768 -3.10544
591 -0.078539 -0.29855 -3.100863
592 -0.401552 -0.353945 -3.107901
593 -0.228003 1.092901 -2.224739
594 -0.25782 -0.354965 -3.104662
595 -0.287821 -0.354939 -3.10535
596 -0.376971 -0.384976 -3.107357
597 -0.377208 -0.298858 -3.107393
598 -0.078638 -0.354915 -3.1006
599 0.045687 -0.298569 -3.098005
600 0.282028 -0.298092 -3.093245
601 -0.227813 -0.298668 -3.104113
602 0.043448 1.474463 -3.036293
603 0.046279 -0.355044 -3.097749
604 -0.287964 -0.324999 -3.105345
605 -0.108131 -0.384859 -3.101278
606 -0.137987 -0.384963 -3.101955
607 -0.377279 -0.354824 -3.107361
608 -0.049757 -0.287878 -3.156011
609 -1.234201 0.154839 -0.306334
610 -0.34758 -0.384971 -3.106704
611 0.131989 -0.385018 -3.095843
612 -0.37707 -0.444838 -3.107379
613 -0.227839 -0.445003 -3.104001
614 0.043671 1.474516 -3.005936
615 -0.108115 -0.44505 -3.101294
616 -0.138102 -0.445116 -3.101977
617 0.252084 -0.298004 -3.09384
618 -0.228045 -0.35507 -3.104
619 0.132574 1.474603 -3.246101
620 0.521963 -0.297819 -3.088108
621 0.521968 -0.355067 -3.087008
622 0.551966 -0.297651 -3.087671
623 0.281972 -0.324992 -3.092431
624 -0.396987 -0.473934 -3.107821
625 -0.326968 0.964754 -2.166029
626 0.132654 1.47461 -3.216437
627 0.492 -0.297804 -3.088745
628 0.767137 -0.29951 -3.08109
629 0.793179 -0.299441 -3.080819
630 -0.587941 1.092765 -2.196068
631 0.789263 -0.292394 -3.087975
632 0.312004 -0.297972 -3.092491
633 -1.040812 1.174903 -2.073712
634 0.766852 -0.355006 -3.081097
635 -0.60935 1.092637 -2.195066
636 0.793063 -0.35516 -3.080804
637 -0.078857 -0.385032 -3.100607
638 -1.05031 1.167942 -2.096465
639 -0.618272 1.136664 -2.140624
640 -0.326956 0.934612 -2.166435
641 0.016837 1.47438 -2.977218
642 0.55208 -0.35493 -3.086334
643 -0.607579 1.09257 -2.224131
644 0.162043 -0.384878 -3.095157
645 -0.288013 -0.385117 -3.105353
646 -0.972769 1.174999 -2.073174
647 -0.646903 1.176086 -2.067756
648 0.132207 1.474649 -3.276086
649 0.671988 -0.385098 -3.083618
650 0.641905 -0.385161 -3.084302
651 0.25205 -0.355119 -3.093125
652 0.37212 -0.385065 -3.090396
653 0.611984 -0.385246 -3.084978
654 -0.318029 -0.445078 -3.10605
655 0.281928 -0.355195 -3.092447
656 -0.257949 -0.445215 -3.104676
657 -0.317886 -0.38509 -3.106038
658 -0.227972 -0.384975 -3.103996
659 0.822345 -0.299033 -3.080253
660 0.430325 1.054806 -2.129954
661 0.22188 -0.32498 -3.093793
662 -0.925651 1.174095 -2.072157
663 -0.828511 1.175059 -2.071552
664 -1.068204 0.064882 -2.105121
665 0.221942 -0.298029 -3.094476
666 0.16198 -0.445042 -3.095174
667 -0.197833 -0.445157 -3.103323
668 -0.858841 1.17614 -2.072202
669 0.766576 -0.325285 -3.081109
670 -0.587957 1.092786 -2.22617
671 -1.187985 1.177533 -2.078575
672 0.94197 -0.385098 -3.077521
673 -0.6072 1.092504 -2.244101
674 0.40191 -0.385179 -3.089733
675 0.521923 -0.385212 -3.087002
676 0.430403 0.904798 -2.129948
677 -0.325596 0.934862 -2.225968
678 0.911933 -0.385007 -3.078203
679 0.132241 -0.445017 -3.095849
680 0.431962 -0.385036 -3.089042
681 0.759953 -0.355157 -3.081776
682 0.551955 -0.325063 -3.086329
683 0.430341 1.02484 -2.129945
684 0.760315 -0.296688 -3.084325
685 0.043784 1.474452 -2.976132
686 0.425134 1.054806 -2.166202
687 0.493819 1.094119 -2.130856
688 0.807879 -0.324515 -3.081384
689 -0.049046 -0.355045 -3.09993
690 0.502782 1.092951 -2.156905
691 -0.948174 1.114836 -2.105404
692 -0.671878 -0.11506 -2.052076
693 0.162551 1.474625 -3.246037
694 1.303014 -0.354844 -3.069336
695 1.302819 -0.298239 -3.069729
696 0.162361 1.474655 -3.275747
697 1.332592 -0.298233 -3.069073
698 0.581983 1.177246 -2.039474
699 1.332769 -0.354642 -3.068693
700 1.001985 -0.298294 -3.076319
701 1.272494 -0.298179 -3.070355
702 0.521532 1.093675 -2.134027
703 0.879822 1.094906 -2.115408
704 0.941829 1.093366 -2.196345
705 1.54205 -0.354965 -3.06396
706 1.542054 -0.297566 -3.064898
707 0.879022 1.114734 -2.11315
708 0.07208 1.474546 -2.946582
709 0.840742 1.2201 -1.992741
710 0.790282 1.173912 -2.037689
711 1.602109 -0.355054 -3.062598
712 1.601953 -0.297524 -3.063692
713 0.642005 1.177155 -2.038224
714 0.043789 1.474463 -2.945786
715 1.691852 -0.384975 -3.06058
716 1.421863 -0.38513 -3.066682
717 1.48219 -0.38479 -3.06532
718 0.919059 1.168795 -2.037306
719 1.332614 -0.384913 -3.068695
720 0.832655 1.220058 -1.997932
721 0.843765 1.204192 -1.991908
722 0.852054 1.133408 -2.113927
723 1.272574 -0.355017 -3.070025
724 -0.326264 0.90473 -2.196177
725 0.162462 1.474614 -3.215933
726 -0.326941 0.9048 -2.166217
727 0.801676 1.144869 -2.025503
728 0.911705 1.093351 -2.166346
729 0.801841 1.114718 -2.025845
730 0.102889 -0.298162 -3.09695
731 1.033148 1.168103 -2.037374
732 1.751728 -0.384874 -3.059213
733 1.032018 -0.325099 -3.075494
734 1.032025 -0.298145 -3.075632
735 0.851936 1.114794 -2.113872
736 1.153153 1.474924 -2.915647
737 0.939455 1.093326 -2.169047
738 0.833052 1.205152 -1.998065
739 0.95233 1.202629 -1.997553
740 1.031817 -0.355131 -3.075497
741 0.95863 1.201097 -1.992652
742 -0.023173 -0.355351 -3.099293
743 0.192035 1.474679 -3.246119
744 0.191882 1.474659 -3.216348
745 -0.022832 -0.385395 -3.099276
746 0.890756 1.207102 -2.121108
747 -0.348032 -0.298816 -3.106769
748 -0.022978 -0.298281 -3.099687
749 1.132995 1.170439 -2.036616
750 0.87933 1.133701 -2.113301
751 1.781759 -0.32512 -3.058534
752 0.192325 1.474667 -3.275373
753 1.78181 -0.29719 -3.060283
754 1.139818 1.166509 -2.035379
755 1.06331 1.203262 -1.996086
756 0.952336 1.174749 -1.997729
757 0.91388 1.180274 -2.02853
758 1.247863 1.168014 -2.037358
759 1.224135 1.170695 -2.032515
760 1.061672 -0.298378 -3.074978
761 0.97008 1.093331 -2.198006
762 1.8117 -0.297017 -3.059562
763 1.662079 -0.384885 -3.06126
764 0.132039 -0.298029 -3.096413
765 -0.32558 0.904854 -2.225958
766 1.422433 1.475119 -3.21596
767 1.811853 -0.355234 -3.057843
768 1.062009 -0.355074 -3.0748
769 0.952153 1.144791 -1.99765
770 1.037026 1.175863 -2.02472
771 1.243985 1.176403 -2.02392
772 1.063436 1.174539 -1.995703
773 0.818802 1.114757 -2.011807
774 1.059789 1.301832 -2.119162
775 0.927157 1.163225 -2.031538
776 0.918645 1.194478 -2.030225
777 1.452709 1.475121 -3.21563
778 1.148725 1.174209 -2.015574
779 1.063139 1.084727 -1.99522
780 1.452472 1.475095 -3.245524
781 1.063239 1.114736 -1.995415
782 1.090582 -0.298468 -3.074332
783 0.816692 -0.204507 -1.994816
784 1.871265 -0.297179 -3.058173
785 1.871575 -0.355046 -3.0565
786 1.422781 1.475102 -3.185579
787 0.042032 1.474501 -2.886347
788 1.123495 1.474855 -2.855573
789 1.482486 1.475111 -3.24523
790 -0.326937 0.874733 -2.166114
791 1.061452 1.331502 -2.111435
792 1.152272 1.474936 -2.856157
793 1.482149 1.475144 -3.216071
794 1.901134 -0.297068 -3.057835
795 0.964238 1.093182 -2.175089
796 1.03216 1.330462 -2.112601
797 0.902435 1.22981 -2.122725
798 1.122466 1.474899 -2.826132
799 -0.325583 0.874803 -2.225672
800 1.452234 1.475153 -3.186261
801 0.822662 0.034642 -1.995205
802 0.911138 1.324887 -2.12262
803 1.181463 1.331351 -2.10971
804 0.940347 1.324702 -2.122045
805 0.671888 1.17721 -2.037492
806 1.151875 1.3302 -2.110965
807 0.402028 1.177226 -2.043471
808 0.995927 1.093234 -2.202919
809 0.966909 1.325427 -2.121658
810 1.300891 1.331492 -2.107507
811 0.551979 1.177217 -2.040131
812 0.612043 1.177199 -2.038827
813 0.432054 1.177228 -2.042806
814 0.461947 1.17724 -2.042086
815 0.491878 1.177196 -2.041465
816 0.521957 1.177258 -2.040796
817 1.147984 1.205221 -2.015854
818 1.211786 1.332179 -2.107938
819 0.905187 1.230556 -2.121052
820 3.141624 0.412906 -1.795153
821 1.091437 1.332283 -2.109696
822 0.89782 1.116377 -2.111676
823 1.271632 1.33067 -2.108841
824 3.140958 0.395534 -1.795208
825 3.14048 0.184457 -1.794859
826 3.12604 0.413191 -1.78499
827 3.143347 0.169099 -1.79458
828 0.811126 0.214951 -2.004455
829 3.102181 0.412705 -1.76993
830 3.21596 0.155186 -1.642719
831 3.12602 0.394906 -1.785663
832 3.127507 0.168932 -1.784422
833 3.222225 0.158942 -1.610861
834 3.20691 0.157361 -1.628673
835 3.125607 0.184479 -1.785355
836 3.101736 0.394596 -1.770029
837 3.210814 0.154751 -1.62469
838 3.102148 0.184845 -1.77025
839 3.209796 0.170974 -1.62611
840 3.089237 0.184927 -1.758656
841 3.212124 0.412858 -1.447294
842 3.211994 0.184528 -1.446978
843 3.191973 0.184727 -1.45142
844 3.192643 0.16904 -1.452973
845 3.191887 0.412611 -1.451671
846 3.088998 0.394614 -1.758411
847 3.0893 0.412801 -1.758145
848 3.0786 0.394887 -1.743745
849 3.088999 0.214434 -1.758418
850 1.170315 1.222022 -1.991744
851 3.191727 0.394448 -1.451408
852 3.07851 0.214908 -1.743538
853 3.089003 0.364815 -1.758419
854 3.16255 0.184994 -1.457925
855 3.192331 0.214615 -1.451291
856 1.159768 1.222122 -1.9946
857 3.162907 0.412527 -1.458089
858 3.161957 0.394529 -1.457989
859 3.212093 0.395039 -1.446841
860 3.21132 0.169053 -1.448854
861 3.146412 0.397795 -1.461167
862 1.332952 1.332186 -2.106165
863 3.162599 0.215038 -1.457905
864 3.64227 0.894228 -0.454845
865 3.651147 0.815379 -0.396759
866 3.642387 0.874789 -0.455121
867 3.657132 0.83096 -0.387869
868 3.655937 0.754694 -0.33642
869 3.65716 0.812556 -0.390358
870 3.648394 -0.104611 -0.454519
871 3.657836 0.454893 -0.336605
872 3.658382 0.364884 -0.336199
873 3.657473 0.424464 -0.308233
874 3.658086 0.304525 -0.306302
875 3.65933 0.214794 -0.336267
876 3.659717 0.154908 -0.336413
877 3.660907 -0.040819 -0.388281
878 3.655744 0.784775 -0.336539
879 3.657076 0.811065 -0.378473
880 3.659037 0.154873 -0.306415
881 3.660098 0.094885 -0.336446
882 3.659606 0.06478 -0.306571
883 3.66029 0.06464 -0.336568
884 3.660662 0.004899 -0.336485
885 3.648197 -0.08505 -0.454712
886 3.656932 0.250347 -0.264956
887 3.656975 0.221554 -0.2631
888 3.657979 0.214721 -0.27657
889 3.658359 0.154672 -0.276328
890 3.658558 0.124667 -0.276612
891 3.662035 -0.025248 -0.389389
892 3.657125 0.241658 -0.22519
893 3.658926 0.064893 -0.276468
894 3.660474 0.034572 -0.336329
895 3.659146 0.244971 -0.336302
896 1.242679 1.331108 -2.108682
897 3.65787 0.124872 -0.246458
898 3.659113 0.034772 -0.276457
899 3.656931 0.462576 -0.324177
900 1.282215 1.221335 -1.998734
901 3.655927 0.214809 -0.186476
902 3.656119 0.184958 -0.186348
903 3.658847 0.184816 -0.306421
904 3.656889 0.15907 -0.235214
905 3.65806 0.094889 -0.246238
906 3.641227 0.894294 -0.426628
907 3.654884 0.274678 -0.156215
908 3.655058 0.244755 -0.15626
909 3.65543 0.184813 -0.156359
910 3.657499 0.094403 -0.21779
911 3.655741 0.24489 -0.18631
912 3.657085 0.151328 -0.197109
913 3.659785 0.034897 -0.306301
914 3.661514 -0.025208 -0.366529
915 3.657375 0.454351 -0.309101
916 3.656186 0.814828 -0.366202
917 3.653326 0.304949 -0.096353
918 3.654385 0.244569 -0.126337
919 3.65477 0.18484 -0.126353
920 3.641313 0.874777 -0.426381
921 3.657055 0.310754 -0.231045
922 3.653705 0.244897 -0.096153
923 3.69897 0.463432 -1.533065
924 3.658471 0.24465 -0.306185
925 3.655259 0.754662 -0.306495
926 3.652647 0.30469 -0.066346
927 3.65706 0.270341 -0.228049
928 3.656711 0.245877 -0.242211
929 3.657305 0.153653 -0.219123
930 3.658239 0.064782 -0.246229
931 3.431628 1.336521 0.113724
932 3.650431 0.334898 0.023622
933 3.651482 0.274764 -0.006443
934 3.431855 1.33598 0.143708
935 3.401821 1.336283 0.112968
936 3.655631 0.155003 -0.156203
937 3.6568 0.426438 -0.299491
938 3.650601 0.304789 0.023707
939 3.401707 1.335976 0.143593
940 3.656385 0.784918 -0.365893
941 3.655434 0.724798 -0.306282
942 3.402009 1.335963 0.233419
943 3.461893 1.335991 0.173639
944 3.652314 0.035008 0.023675
945 3.650952 0.03478 0.083799
946 3.649442 0.274667 0.083652
947 3.656739 0.456056 -0.301945
948 3.661346 0.004725 -0.366481
949 3.65182 0.005036 0.053527
950 3.650287 0.034701 0.113787
951 3.64846 0.214761 0.143848
952 3.652506 0.004827 0.023494
953 3.647373 -0.085151 -0.426424
954 3.371934 1.335953 0.233991
955 3.431735 1.335955 0.233954
956 3.401669 1.336453 0.263285
957 3.657801 0.24461 -0.276499
958 3.371639 1.33686 0.263737
959 3.648163 0.154856 0.173631
960 3.648575 0.304902 0.113457
961 3.341106 1.33635 0.143512
962 3.648277 0.244815 0.143373
963 3.371557 1.335936 0.203734
964 3.431727 1.33596 0.17371
965 3.645402 0.484675 0.203666
966 3.65008 0.064773 0.113682
967 3.648656 0.184694 0.143606
968 3.64748 0.154897 0.203567
969 3.460683 1.336134 0.232785
970 3.653528 0.274934 -0.096352
971 3.402035 1.335989 0.203803
972 3.646998 0.124754 0.23364
973 3.647399 0.274963 0.173711
974 3.645281 0.395025 0.233803
975 3.651638 0.034823 0.053709
976 3.65712 0.452759 -0.285645
977 3.6577 0.154685 -0.246602
978 3.656497 0.215412 -0.214956
979 3.371878 1.335972 0.143684
980 3.646521 0.304664 0.203682
981 3.646803 0.154763 0.233594
982 3.647585 0.245024 0.173559
983 3.401731 1.335992 0.173622
984 3.642938 0.334905 0.353832
985 3.647318 0.394735 0.143587
986 3.644723 0.484795 0.233688
987 3.650766 0.064656 0.083701
988 3.64797 0.184992 0.173774
989 3.658277 0.274526 -0.306197
990 3.341541 1.335917 0.203795
991 3.647219 0.304873 0.173673
992 3.640224 0.334584 0.473735
993 3.647897 0.304994 0.14353
994 3.649229 0.094749 0.143624
995 3.642689 0.484793 0.323761
996 3.657766 0.034773 -0.216481
997 3.642 0.484774 0.353616
998 3.649594 0.034865 0.143766
999 3.65691 0.039503 -0.20495
1000 3.644982 0.334832 0.263714
1001 3.371924 1.335951 0.173748
1002 3.641589 0.334748 0.413737
1003 3.657448 0.214143 -0.248251
1004 3.657178 0.212764 -0.223345
1005 3.658172 0.184725 -0.276635
1006 3.657232 0.18315 -0.22087
1007 3.628537 0.830388 0.799897
1008 3.633363 0.454667 0.743745
1009 3.646918 0.244818 0.203538
1010 3.612122 0.894191 0.86196
1011 3.633929 0.364806 0.743633
1012 3.656857 0.187086 -0.237666
1013 3.636008 0.034633 0.743782
1014 3.612115 0.874737 0.862031
1015 3.629636 0.81462 0.798986
1016 3.657637 0.274542 -0.276799
1017 3.341867 1.335924 0.173567
1018 3.633553 0.424872 0.743543
1019 3.630362 0.814968 0.773716
1020 3.632606 -0.040764 0.798537
1021 3.634043 0.454853 0.713671
1022 3.618448 -0.104662 0.862405
1023 3.634372 -0.025317 0.799957
1024 3.658955 0.275046 -0.336262
1025 3.656789 0.215804 -0.240709
1026 3.618191 -0.085273 0.862273
1027 3.612765 0.894201 0.833417
1028 3.612773 0.87473 0.833493
1029 3.619442 0.814911 0.81217
1030 3.63669 0.034978 0.713572
1031 3.657567 0.184377 -0.247339
1032 3.634233 0.424725 0.713479
1033 3.634271 0.004744 0.799958
1034 3.629815 0.784624 0.799165
1035 3.635691 -0.025307 0.773514
1036 3.636504 0.064786 0.713662
1037 3.630583 0.784694 0.773667
1038 3.096245 -0.327282 1.010391
1039 3.102596 -0.240844 1.10703
1040 3.635517 0.004696 0.773698
1041 3.629197 -0.318395 1.55515
1042 3.637409 0.24482 0.623577
1043 3.069592 -0.238624 1.101229
1044 3.46179 1.335949 0.203273
1045 3.630658 -0.29413 1.493661
1046 3.637577 0.214796 0.623513
1047 3.637207 0.274799 0.623655
1048 3.629984 -0.294514 1.524012
1049 3.06547 -0.245442 1.083288
1050 3.638089 0.244695 0.593551
1051 3.620516 -0.384252 1.943916
1052 2.69843 -0.252246 1.122428
1053 2.179465 -0.413806 2.874744
1054 2.176055 -0.383306 2.878073
1055 2.180843 -0.44395 2.871564
1056 0.851971 1.334624 2.634024
1057 0.882404 1.334715 2.513203
1058 0.822048 1.334614 2.573694
1059 0.9418 1.335307 2.603584
1060 0.882098 1.334645 2.633721
1061 0.791812 1.334959 2.5736
1062 0.851828 1.334659 2.513324
1063 0.911542 1.334758 2.633368
1064 0.791955 0.034681 2.838975
1065 0.822033 1.334618 2.543633
1066 0.653274 -0.649313 2.335271
1067 0.521501 -0.261488 2.84868
1068 0.701971 0.364707 2.834987
1069 0.652298 -0.645959 2.353606
1070 0.731962 0.274721 2.83621
1071 0.492106 -0.261117 2.848003
1072 0.582022 0.154788 2.833512
