0 0 0 -2.25 0 0 0 1
1 -0.0299704 0.00379531 -2.27834 0.00154711 0.00372349 0.00405512 0.999984
2 -0.0969149 -0.00353541 -2.25559 0.00429024 0.014014 0.00330202 0.999887
3 -0.0821141 0.0273759 -2.25833 0.0079161 0.0117646 0.00463718 0.999889
4 -0.0824688 0.0309025 -2.26811 0.00804802 0.0100971 0.004306 0.999907
5 -0.0591893 0.030642 -2.27104 0.0100091 0.00850109 0.00341748 0.999908
6 -0.0865332 0.0522644 -2.27814 0.012085 0.0113591 0.0034541 0.999856
7 -0.125337 0.0766185 -2.26143 0.0179847 0.0179866 0.0043552 0.999667
8 -0.11676 0.092524 -2.25678 0.0196359 0.0170915 0.00279162 0.999657
9 -0.0933391 0.120405 -2.25512 0.0239212 0.0139332 0.00395553 0.999609
10 -0.0324268 0.0213445 -2.2767 0.0040783 0.00176715 0.00309781 0.999985
11 -0.0979296 0.150589 -2.25202 0.0284439 0.0157546 0.00139145 0.99947
12 0.153686 -0.35419 -2.25057 -0.0658168 -0.0358784 0.00377078 0.997179
13 -0.0633913 0.0486016 -2.26725 0.00966603 0.00826848 0.00213108 0.999917
14 -0.073658 0.0295956 -2.25901 0.00791016 0.0102289 0.00241066 0.999913
15 0.0572828 -0.168439 -2.27507 -0.0322943 -0.0159593 0.00093052 0.999351
16 -0.0721672 0.0535653 -2.25772 0.00784044 0.0100829 0.00233571 0.999916
17 -0.0518241 0.0319783 -2.26664 0.00569519 0.00775223 2.60776e-05 0.999954
18 -0.0950372 0.103113 -2.25069 0.0202573 0.0170883 -0.0013649 0.999648
19 -0.114575 0.0488908 -2.25979 0.00780019 0.0185683 -9.63291e-05 0.999797
20 -0.0958682 0.0465019 -2.27273 0.00860252 0.0180907 -0.00276268 0.999796
21 -0.110573 0.0333802 -2.25951 0.00550469 0.0196137 -0.000981894 0.999792
22 -0.118889 0.0368557 -2.26751 0.00366106 0.0213221 -0.00212462 0.999764
23 -0.107755 -0.00883308 -2.25367 -0.00319284 0.0204 -0.000186533 0.999787
24 -0.105026 -0.0163439 -2.25715 -0.00323622 0.0213437 -0.00190715 0.999765
25 -0.111646 0.00189989 -2.26846 -0.00127312 0.0243738 -0.000694284 0.999702
26 -0.111199 0.0143575 -2.26477 -0.000445762 0.0253703 0.00100008 0.999678
27 -0.103206 -0.0360449 -2.27124 -0.00804495 0.0241583 0.00209856 0.999674
28 -0.121493 -0.0249881 -2.27219 -0.00676474 0.0275589 0.0034772 0.999591
29 -0.107859 -0.0275932 -2.25695 -0.00730855 0.0273387 0.000362847 0.999599
30 -0.129489 -0.0166109 -2.25657 -0.00582862 0.0321595 0.00177427 0.999464
31 -0.109353 -0.0091606 -2.27093 -0.00469758 0.029247 -0.000210254 0.999561
32 -0.11527 -0.0340838 -2.2627 -0.00730769 0.0319174 0.00201766 0.999462
33 -0.122994 -0.0426602 -2.2748 -0.0102323 0.0321459 0.00194541 0.999429
34 -0.204174 0.016022 -2.27353 7.13788e-05 0.0444112 0.00477507 0.999002
35 -0.15519 -0.0411257 -2.27675 -0.00909221 0.0373355 0.00474287 0.99925
36 -0.178387 -0.0253133 -2.26085 -0.00647723 0.0422909 0.00472565 0.999073
37 -0.0821473 -0.136367 -2.28337 -0.0289172 0.0259461 0.00439638 0.999235
38 -0.117334 -0.141982 -2.27513 -0.0298397 0.0327854 0.00418797 0.999008
39 0.0169767 -0.226214 -2.26789 -0.0520125 0.0100092 0.00572973 0.99858
40 -0.119904 -0.147534 -2.26887 -0.0332793 0.0356826 0.00355987 0.998803
41 -0.0918289 -0.145803 -2.28592 -0.038127 0.0294524 0.00178348 0.998837
42 -0.174753 -0.0580495 -2.26536 -0.0198744 0.0447571 -0.000225852 0.9988
43 -0.224962 -0.0502584 -2.26121 -0.0183817 0.0516843 -0.000144233 0.998494
44 -0.204622 -0.0817581 -2.26262 -0.0241077 0.0477121 0.000343146 0.99857
45 -0.222313 -0.0732256 -2.26957 -0.020174 0.0515958 0.000713781 0.998464
46 -0.106674 -0.202288 -2.28495 -0.0475905 0.0288276 0.000312602 0.998451
47 -0.273117 -0.0796969 -2.27219 -0.0205917 0.0583799 -0.000738747 0.998082
48 -0.23578 -0.103851 -2.26101 -0.0242024 0.0549769 -4.23823e-05 0.998194
49 -0.23398 -0.0728193 -2.26606 -0.021393 0.0507849 0.00012313 0.99848
50 -0.275312 -0.0732971 -2.24266 -0.0172721 0.06019 0.000181927 0.998037
51 -0.273741 -0.113965 -2.26498 -0.0229257 0.0584285 0.000674864 0.998028
52 -0.256959 -0.0826844 -2.26426 -0.0188661 0.0575948 -0.00229872 0.998159
53 -0.264805 -0.0723007 -2.28603 -0.0188645 0.0555429 -0.00260759 0.998275
54 -0.331518 -0.0330341 -2.25257 -0.0114088 0.0682105 -0.00402187 0.997598
55 -0.346547 -0.0376526 -2.25324 -0.0113121 0.0691047 -0.00111659 0.997545
56 -0.3669 -0.0656719 -2.22639 -0.0153432 0.0747656 -0.00237008 0.99708
57 -0.274591 -0.0606707 -2.25312 -0.0177686 0.059043 -0.00208873 0.998095
58 -0.224888 -0.104465 -2.27279 -0.0288605 0.0499154 -0.00279899 0.998332
59 -0.186 -0.137528 -2.28903 -0.0376971 0.0424454 0.0014202 0.998386
60 -0.297624 -0.11518 -2.24942 -0.0269243 0.0662414 0.00253259 0.997437
61 -0.393039 0.0292046 -2.25677 -0.00673529 0.0796764 0.000826061 0.996798
62 -0.417565 0.0186843 -2.22955 -0.0092098 0.0863792 0.0050247 0.996207
63 -0.467617 0.0153552 -2.21581 -0.00992111 0.097612 0.0103049 0.995122
64 -0.351462 0.0022551 -2.24618 -0.010095 0.0819116 0.00388221 0.996581
65 -0.40487 -0.0135506 -2.24821 -0.0167435 0.0896727 0.010331 0.995777
66 -0.435305 0.033337 -2.23643 -0.0089648 0.0972079 0.00987736 0.995175
67 -0.400257 0.0278641 -2.25754 -0.00853205 0.0925862 0.00485537 0.995656
68 -0.46572 -0.0631981 -2.20364 -0.0231693 0.107424 0.0133239 0.993854
69 -0.435039 -0.00895165 -2.24619 -0.0160117 0.100846 0.00895773 0.994733
70 -0.40433 -0.00672853 -2.26275 -0.0177992 0.0983309 0.000963585 0.994994
71 -0.448336 -0.0276539 -2.24886 -0.0197465 0.106371 0.00185048 0.994129
72 -0.468222 -0.00884241 -2.23593 -0.0169475 0.110578 -5.39628e-05 0.993723
73 -0.454415 -0.0494581 -2.25012 -0.0215327 0.109004 0.00149897 0.993807
74 -0.490117 -0.00715699 -2.2436 -0.0132877 0.115065 -0.000689519 0.993269
75 -0.462043 -0.078309 -2.2665 -0.0226177 0.113014 -0.00371112 0.993329
76 -0.44673 -0.105349 -2.25722 -0.0243109 0.113277 -0.000550201 0.993266
77 -0.475906 -0.0220105 -2.26813 -0.0106796 0.119566 -0.00439341 0.992759
78 -0.511261 -0.0585956 -2.24998 -0.0137566 0.126561 -0.00184493 0.991862
79 -0.497024 -0.0397178 -2.27465 -0.00852243 0.125942 -0.00295651 0.991997
80 -0.534783 -0.0367321 -2.25729 -0.00840985 0.13542 -0.000905639 0.990752
81 -0.524696 -0.0175441 -2.27858 -0.00632449 0.135782 0.000550585 0.990718
82 -0.513273 -0.0883616 -2.26899 -0.0166571 0.139063 0.0010809 0.990143
83 -0.593847 -0.077104 -2.22684 -0.0159419 0.154725 0.00221127 0.987827
84 -0.572178 -0.0746046 -2.23497 -0.0156157 0.155421 0.00382581 0.987717
85 -0.581376 -0.0118589 -2.26827 -0.00676655 0.158193 0.00417312 0.987376
86 -0.584849 -0.00923057 -2.26672 -0.0077747 0.160317 0.0057771 0.987018
87 -0.616799 -0.0476656 -2.25281 -0.0129789 0.167157 0.0096446 0.985798
88 -0.599573 -0.0477459 -2.25036 -0.0128894 0.166504 0.0121316 0.985882
89 -0.610004 -0.00466525 -2.26972 -0.00860029 0.169142 0.00997703 0.985504
90 -0.633812 0.00633783 -2.2683 -0.0079227 0.175316 0.0122503 0.984404
91 -0.659199 0.00465569 -2.25034 -0.00848953 0.178386 0.0132815 0.983834
92 -0.654098 -0.00286434 -2.27663 -0.00933868 0.180218 0.0143853 0.983477
93 -0.653169 -0.00163313 -2.25991 -0.00988846 0.181553 0.0159605 0.983202
94 -0.686748 -0.0286717 -2.23093 -0.0141164 0.188829 0.0169216 0.981763
95 -0.659585 0.0586255 -2.28142 -0.00217648 0.183734 0.0151324 0.982857
96 -0.713703 0.0177097 -2.2582 -0.00948358 0.19418 0.0151013 0.980804
97 -0.695811 -0.00538056 -2.22952 -0.014242 0.194352 0.0163727 0.980692
98 -0.76538 -0.0702952 -2.18883 -0.0225663 0.206542 0.019537 0.977982
99 -0.731371 -0.0325716 -2.23348 -0.017276 0.201493 0.0165884 0.979197
100 -0.706687 -0.0205362 -2.25633 -0.0159381 0.19773 0.0173341 0.979974
101 -0.768983 -0.0181558 -2.19796 -0.0170546 0.210026 0.0174821 0.977391
102 -0.778897 -0.00945182 -2.19354 -0.0155105 0.213375 0.0158416 0.976719
103 -0.765432 -0.0519243 -2.1981 -0.0230479 0.213417 0.0179994 0.976523
104 -0.775287 0.00602127 -2.22199 -0.0138198 0.215236 0.0184875 0.976289
105 -0.742954 0.0547603 -2.25068 -0.00742096 0.21066 0.016675 0.977389
106 -0.793948 0.00977948 -2.18411 -0.013952 0.222343 0.020366 0.974656
107 -0.786561 0.00238911 -2.2004 -0.0167533 0.222223 0.0190634 0.974665
108 -0.762378 -0.0134053 -2.19671 -0.0202953 0.221992 0.0196073 0.97464
109 -0.841955 -0.0087209 -2.15115 -0.0195742 0.237259 0.0232142 0.970972
110 -0.811595 -0.00589543 -2.16552 -0.020982 0.235111 0.0232851 0.971463
111 -0.801478 0.0333455 -2.15899 -0.0162497 0.237038 0.0225669 0.971102
112 -0.821106 -0.0334641 -2.15174 -0.026533 0.243828 0.0264339 0.969095
113 -0.854297 0.0144031 -2.132 -0.0210487 0.250723 0.0259976 0.967481
114 -0.862795 -0.000685813 -2.13966 -0.0241376 0.25275 0.0284529 0.966812
115 -0.808126 -0.0726373 -2.12808 -0.0328769 0.24911 0.0309309 0.967423
116 -0.865394 -0.0378303 -2.10377 -0.0267 0.259088 0.0323416 0.964943
117 -0.871843 0.00381337 -2.11225 -0.0215285 0.26269 0.0308324 0.964147
118 -0.829169 -0.0109113 -2.11154 -0.0245861 0.259852 0.028962 0.964901
119 -0.879528 -0.0240569 -2.08141 -0.0267192 0.27086 0.028528 0.961825
120 -0.857989 -0.0278736 -2.06763 -0.0288169 0.270034 0.027813 0.962017
121 -0.876165 -0.02961 -2.07281 -0.0275969 0.274661 0.029401 0.960695
122 -0.916413 -0.0277379 -2.03687 -0.0257196 0.283934 0.0296567 0.95804
123 -0.941741 -0.00822467 -1.99844 -0.0215647 0.290258 0.0313175 0.956193
124 -0.917953 -0.00755615 -2.01794 -0.0230138 0.290253 0.0290103 0.956233
125 -0.877166 -0.0288611 -2.04816 -0.0254545 0.286788 0.0292161 0.95721
126 -0.911551 -0.0184726 -2.02907 -0.023403 0.293856 0.0292856 0.955114
127 -0.943878 -0.0313352 -1.98975 -0.0246302 0.303586 0.0320142 0.951948
128 -0.916942 -0.0353389 -2.0077 -0.0248542 0.301135 0.0322212 0.952713
129 -0.830095 0.0805669 -2.09585 -0.0127648 0.289528 0.0260278 0.956731
130 -0.802595 0.00325335 -2.08139 -0.0235806 0.290341 0.0273966 0.95624
131 -0.954713 -0.100837 -1.91615 -0.0377537 0.323836 0.0351395 0.944706
132 -0.827484 -0.0672139 -2.00439 -0.0321016 0.306474 0.0341978 0.950723
133 -0.923692 -0.0538927 -1.93086 -0.0316122 0.327638 0.0344872 0.943644
134 -0.943866 -0.0982348 -1.91787 -0.0365479 0.335134 0.0399883 0.940612
135 -0.919565 -0.0151164 -1.92981 -0.0241657 0.333134 0.0354104 0.941904
136 -0.888449 -0.0172397 -1.95109 -0.0241184 0.332056 0.0382325 0.942176
137 -0.938836 -0.0499775 -1.93492 -0.0295792 0.343361 0.0413626 0.937826
138 -0.882872 -0.00190926 -1.98051 -0.0242906 0.337598 0.0399446 0.940129
139 -0.937101 0.00138349 -1.91986 -0.0253864 0.35099 0.0409294 0.93514
140 -0.910523 0.0167708 -1.94061 -0.0232396 0.351692 0.0424407 0.934865
141 -0.896346 0.0192888 -1.94678 -0.024332 0.353626 0.042372 0.93411
142 -0.949806 -0.0334812 -1.88895 -0.0305982 0.36686 0.0478114 0.928543
143 -0.963587 -0.0368232 -1.88701 -0.0301637 0.372166 0.0481664 0.926425
144 -0.935969 -0.0449778 -1.88194 -0.0308059 0.372045 0.0484722 0.926436
145 -0.985055 -0.0613762 -1.8398 -0.0327748 0.385225 0.0503836 0.920863
146 -0.959964 -0.0128752 -1.85416 -0.0270194 0.383492 0.0462044 0.921992
147 -0.981702 -0.0658821 -1.82423 -0.0347571 0.392206 0.0487668 0.917926
148 -0.998412 -0.0527764 -1.81841 -0.0334379 0.396981 0.0484488 0.915937
149 -1.00234 -0.0477205 -1.77869 -0.0326338 0.403391 0.0499698 0.913079
150 -1.00429 -0.0218599 -1.78753 -0.029523 0.405002 0.0487425 0.912538
151 -0.977162 -0.0342854 -1.82418 -0.0317635 0.403066 0.0486913 0.913323
152 -1.02619 -0.0276126 -1.74573 -0.0315025 0.41672 0.0500692 0.907108
153 -1.01185 -0.0172487 -1.74173 -0.0297054 0.418077 0.0511854 0.906482
154 -1.03179 -0.0574003 -1.73481 -0.0370559 0.424137 0.0536276 0.903249
155 -1.02835 -0.0318928 -1.69345 -0.0345025 0.430485 0.0557471 0.900214
156 -1.03697 -0.015545 -1.69628 -0.0309894 0.434001 0.0567239 0.898591
157 -1.02339 -0.012368 -1.70746 -0.0315201 0.436479 0.0590709 0.89722
158 -1.03401 -0.00582818 -1.66724 -0.0292487 0.443681 0.0594638 0.893731
159 -1.00119 -0.038789 -1.68632 -0.033238 0.443141 0.0610074 0.893756
160 -1.00189 -0.0171436 -1.71289 -0.0299492 0.445024 0.059303 0.893051
161 -1.02866 -0.0326731 -1.6354 -0.0322432 0.457932 0.0593704 0.886417
162 -1.02229 -0.0547393 -1.63256 -0.0353118 0.460962 0.0610174 0.884615
163 -1.02844 -0.00521897 -1.61358 -0.026697 0.466672 0.0581573 0.882112
164 -1.01075 -0.0378661 -1.61668 -0.0317662 0.467909 0.0576049 0.881325
165 -1.0178 -0.0314759 -1.62952 -0.0307018 0.469603 0.0560463 0.880562
166 -1.01713 -0.00356382 -1.60883 -0.0259244 0.473226 0.0524617 0.878996
167 -1.01599 -0.0164552 -1.58525 -0.0258908 0.476931 0.0528068 0.876971
168 -1.04102 -0.00018706 -1.54312 -0.0240088 0.484761 0.050203 0.872875
169 -1.02641 0.044498 -1.55455 -0.0186891 0.48481 0.0489546 0.873048
170 -1.02004 -0.028281 -1.544 -0.0305178 0.487485 0.0550207 0.870861
171 -1.03903 -0.0486975 -1.51936 -0.0314562 0.492512 0.0560475 0.867929
172 -1.02823 -0.0217509 -1.53045 -0.0274107 0.491073 0.0546237 0.868972
173 -1.01647 -0.0586997 -1.50757 -0.0321207 0.492616 0.0574157 0.867756
174 -1.03255 -0.0675998 -1.5019 -0.0324319 0.493667 0.0552654 0.867287
175 -1.02825 -0.0891878 -1.49669 -0.0362537 0.493304 0.054866 0.867368
176 -1.03271 -0.0957754 -1.50486 -0.0401455 0.493649 0.0560904 0.866921
177 -1.02128 -0.00182707 -1.48658 -0.0282485 0.494837 0.0516721 0.866988
178 -1.02574 -0.0276698 -1.45124 -0.032599 0.49931 0.0531315 0.864178
179 -1.01793 -0.0831131 -1.44009 -0.0402678 0.501459 0.0543901 0.862531
180 -1.01818 -0.0840365 -1.43765 -0.0408697 0.503491 0.0546329 0.861302
181 -1.01985 -0.036933 -1.42514 -0.0350435 0.505854 0.0521399 0.860328
182 -1.02186 -0.0428905 -1.39834 -0.0366131 0.510376 0.0530379 0.857533
183 -1.02979 0.00608103 -1.36343 -0.0277193 0.515558 0.0503803 0.854923
184 -1.00902 -0.0755982 -1.38314 -0.0416598 0.515291 0.0549273 0.854238
185 -1.00052 -0.0430662 -1.38907 -0.0390105 0.517598 0.0532765 0.853072
186 -1.01632 -0.0525355 -1.29964 -0.0412869 0.530535 0.0560729 0.844798
187 -0.999787 -0.0995225 -1.36541 -0.0448983 0.526892 0.0572712 0.846811
188 -0.981897 -0.116113 -1.35964 -0.0457025 0.529757 0.0577198 0.844948
189 -0.982801 -0.0775548 -1.37725 -0.0430539 0.531756 0.0560985 0.84394
190 -0.98269 -0.100758 -1.34455 -0.0434377 0.537989 0.0561998 0.839954
191 -0.992585 -0.0855938 -1.31299 -0.0391641 0.54484 0.0536034 0.835908
192 -1.00914 -0.0595657 -1.25711 -0.0327986 0.553578 0.053261 0.830445
193 -1.00554 -0.00342903 -1.28006 -0.0276068 0.554956 0.050882 0.829863
194 -1.01641 0.000795895 -1.31007 -0.0309668 0.555667 0.0505814 0.829287
195 -1.00051 -0.078481 -1.25423 -0.0399816 0.563668 0.0566681 0.823085
196 -0.999223 -0.078552 -1.27358 -0.0398077 0.565805 0.0585369 0.821495
197 -1.00254 -0.0617866 -1.24311 -0.0359908 0.571389 0.0579283 0.817841
198 -0.99801 -0.076057 -1.25649 -0.0368686 0.573275 0.0573804 0.816519
199 -1.0098 -0.0390149 -1.17285 -0.0310741 0.58479 0.057122 0.808574
200 -0.994829 -0.0746155 -1.1452 -0.0337049 0.590254 0.062565 0.804083
201 -1.04385 0.0055886 -1.15872 -0.0251324 0.592186 0.0570026 0.803389
202 -0.997378 -0.0692438 -1.14663 -0.0340806 0.595727 0.0611451 0.80013
203 -1.02142 -0.0986466 -1.14624 -0.0383616 0.596398 0.0637929 0.79923
204 -1.0096 -0.0388777 -1.15302 -0.0351638 0.598035 0.0585387 0.798555
205 -1.03681 0.094535 -1.1966 -0.0235618 0.595291 0.0489842 0.801669
206 -0.981674 -0.0383642 -1.05598 -0.0297419 0.609306 0.0618535 0.789959
207 -1.01978 0.0316416 -1.06131 -0.0261969 0.610182 0.0532661 0.790035
208 -0.983335 -0.0159727 -1.05937 -0.0275624 0.611714 0.0567553 0.788559
209 -0.975204 0.000411914 -1.08536 -0.027102 0.612 0.0521207 0.788673
210 -0.994245 0.0308262 -1.05077 -0.0228433 0.617278 0.0513346 0.784737
211 -0.981235 -0.0483255 -1.04497 -0.0310638 0.61951 0.054096 0.782506
212 -0.991603 0.0119758 -0.989636 -0.0226351 0.626267 0.0476715 0.77782
213 -0.969011 -0.031265 -1.01289 -0.0265142 0.624751 0.0475506 0.778924
214 -0.967843 -0.00755311 -1.04481 -0.0203302 0.622843 0.0471648 0.780659
215 -0.961162 0.0372155 -1.00286 -0.0143801 0.628342 0.041083 0.776719
216 -0.935601 -0.0577969 -0.983947 -0.0197635 0.630656 0.0470778 0.774381
217 -0.917548 -0.0485469 -0.992327 -0.0178448 0.631273 0.0440676 0.774102
218 -0.906757 -0.0725934 -0.949688 -0.0186087 0.637398 0.0439988 0.769052
219 -0.907523 -0.0598152 -0.956628 -0.0146409 0.638752 0.0420494 0.768123
220 -0.908551 -0.0169333 -0.926245 -0.0059982 0.642613 0.0394635 0.765151
221 -0.889818 -0.0114349 -0.926705 -0.00334283 0.645018 0.0362858 0.763298
222 -0.88494 -0.0709662 -0.926644 -0.00838457 0.646652 0.0394601 0.761717
223 -0.859285 -0.0514957 -0.908671 -0.00397075 0.651076 0.0348778 0.7582
224 -0.85483 -0.0295331 -0.827074 0.00257413 0.660012 0.035564 0.750408
225 -0.854413 0.0173699 -0.835676 0.010909 0.659462 0.0305997 0.751035
226 -0.835702 -0.0399321 -0.846479 0.00976961 0.659404 0.0329775 0.751002
227 -0.803017 -0.0643677 -0.816227 0.0132647 0.661836 0.0326432 0.74882
228 -0.802738 -0.0569707 -0.816578 0.0178574 0.661984 0.0299959 0.748705
229 -0.787014 -0.0273474 -0.743626 0.0244278 0.668997 0.0228206 0.742513
230 -0.794463 -0.0504034 -0.769359 0.0244732 0.666713 0.0209952 0.744617
231 -0.760435 -0.0361721 -0.746214 0.0296137 0.66889 0.0166102 0.742585
232 -0.776816 -0.0741179 -0.762153 0.0223528 0.668232 0.0148167 0.74347
233 -0.756376 -0.0641926 -0.731912 0.0293205 0.671936 0.0129296 0.739916
234 -0.724366 -0.0791601 -0.702898 0.03018 0.674944 0.0117578 0.737157
235 -0.719143 -0.0785591 -0.692646 0.0314382 0.6767 0.00842892 0.73554
236 -0.715995 -0.100263 -0.730975 0.0282555 0.672831 0.00761936 0.739217
237 -0.718113 -0.0699964 -0.69086 0.0350239 0.677066 0.00132188 0.735087
238 -0.712985 -0.0649911 -0.747043 0.0380547 0.671307 -0.00158976 0.7402
239 -0.692783 -0.076647 -0.71498 0.0372998 0.6754 -0.00470465 0.736493
240 -0.710361 -0.0513995 -0.718703 0.0435113 0.674979 -0.00816412 0.736508
241 -0.666973 -0.0757071 -0.646325 0.0497265 0.68593 -0.0110299 0.725883
242 -0.647902 -0.0299023 -0.600281 0.0630406 0.695032 -0.0207552 0.715909
243 -0.677722 -0.0980195 -0.676083 0.0458022 0.68421 -0.0134129 0.727721
244 -0.661504 -0.077802 -0.702009 0.0519544 0.685041 -0.0191212 0.726398
245 -0.625741 -0.109812 -0.627799 0.0568697 0.693843 -0.0152157 0.717716
246 -0.648373 -0.0898182 -0.677746 0.0556999 0.690081 -0.0165031 0.721397
247 -0.646248 -0.111719 -0.699991 0.0547448 0.69007 -0.0134465 0.721544
248 -0.63445 -0.0870683 -0.651584 0.0578512 0.697676 -0.0182222 0.713842
249 -0.628779 -0.116498 -0.661011 0.0572921 0.700517 -0.0152464 0.711169
250 -0.654601 -0.0909709 -0.695938 0.059927 0.700321 -0.0205413 0.711012
251 -0.605693 -0.109303 -0.636007 0.0614389 0.709449 -0.0166681 0.701875
252 -0.624756 -0.128598 -0.674644 0.0570661 0.707673 -0.0125682 0.70412
253 -0.614124 -0.0881249 -0.643423 0.0618465 0.711906 -0.0156444 0.699371
254 -0.594472 -0.12288 -0.631746 0.0606684 0.714337 -0.0115902 0.697071
255 -0.589802 -0.128634 -0.648554 0.0594652 0.714466 -0.0123494 0.697029
256 -0.544112 -0.155317 -0.5593 0.0633345 0.726848 -0.0117469 0.683771
257 -0.529326 -0.169911 -0.587068 0.0623843 0.725923 -0.0114253 0.684846
258 -0.53251 -0.150603 -0.590244 0.0634048 0.727736 -0.0150802 0.682754
259 -0.520488 -0.182223 -0.583258 0.0612847 0.731165 -0.0132979 0.679312
260 -0.508984 -0.159747 -0.550355 0.0645717 0.736435 -0.016971 0.673205
261 -0.50645 -0.162298 -0.548685 0.0635577 0.738027 -0.0178013 0.671535
262 -0.479609 -0.156926 -0.517363 0.063557 0.741899 -0.018179 0.667244
263 -0.483045 -0.148016 -0.541749 0.0624581 0.739912 -0.0192234 0.669522
264 -0.441734 -0.183612 -0.523023 0.0616475 0.74388 -0.0168619 0.66525
265 -0.457813 -0.202304 -0.544488 0.0570262 0.74145 -0.0160049 0.668389
266 -0.407656 -0.184201 -0.460397 0.0635011 0.750527 -0.0167576 0.657568
267 -0.412192 -0.199827 -0.490203 0.0578816 0.748472 -0.0173533 0.660407
268 -0.376004 -0.182342 -0.478786 0.0591029 0.751475 -0.0213123 0.656763
269 -0.397372 -0.15642 -0.510574 0.063115 0.747483 -0.0249342 0.660805
270 -0.378884 -0.185856 -0.477975 0.0609565 0.749651 -0.0228002 0.658625
271 -0.357582 -0.190193 -0.493981 0.0639725 0.750929 -0.0278198 0.656688
272 -0.300059 -0.200166 -0.411492 0.0665522 0.760043 -0.0277163 0.645861
273 -0.313413 -0.19988 -0.448351 0.0663653 0.756957 -0.0302143 0.649383
274 -0.283929 -0.215169 -0.424347 0.0652431 0.760339 -0.0285411 0.645611
275 -0.275594 -0.193843 -0.424542 0.0659157 0.761024 -0.0334934 0.644497
276 -0.248261 -0.198764 -0.411127 0.0652802 0.762363 -0.03489 0.642903
277 -0.249037 -0.209647 -0.442392 0.064855 0.760098 -0.036523 0.645531
278 -0.216743 -0.19621 -0.415543 0.0684091 0.762546 -0.0396474 0.642085
279 -0.244161 -0.185912 -0.437585 0.0677995 0.760106 -0.0433542 0.644797
280 -0.230245 -0.179728 -0.439229 0.0681503 0.760723 -0.0448335 0.643931
281 -0.220646 -0.160853 -0.409826 0.0715153 0.763513 -0.0475498 0.640057
282 -0.173473 -0.17305 -0.381946 0.0730413 0.767867 -0.045919 0.634773
283 -0.182482 -0.19679 -0.40868 0.0683344 0.765254 -0.0462559 0.638418
284 -0.144605 -0.190534 -0.398308 0.0710063 0.765988 -0.0482777 0.637095
285 -0.157691 -0.156934 -0.395245 0.0736385 0.764302 -0.0516198 0.638557
286 -0.144599 -0.19782 -0.391542 0.0671742 0.763927 -0.0471364 0.640063
287 -0.135833 -0.220727 -0.388744 0.0662212 0.763472 -0.0429908 0.640997
288 -0.151106 -0.175628 -0.390426 0.0682523 0.760948 -0.0478846 0.643434
289 -0.132047 -0.154075 -0.387618 0.0707282 0.759996 -0.0481656 0.64427
290 -0.124372 -0.174146 -0.373646 0.0676641 0.759763 -0.0466569 0.644985
291 -0.128061 -0.171135 -0.371966 0.0694766 0.758873 -0.0457042 0.645907
292 -0.110121 -0.144282 -0.333705 0.0789209 0.761311 -0.0452255 0.641975
293 -0.158894 -0.151883 -0.399992 0.0685982 0.753672 -0.0476027 0.651925
294 -0.117845 -0.142162 -0.346333 0.0725115 0.76029 -0.0462082 0.643868
295 -0.08883 -0.162957 -0.321593 0.0737113 0.76514 -0.043209 0.638169
296 -0.1261 -0.107912 -0.348239 0.0700684 0.760637 -0.0493941 0.643492
297 -0.18544 -0.0844796 -0.399704 0.0682562 0.75519 -0.0517924 0.649882
298 -0.12063 -0.151371 -0.340186 0.0650131 0.763033 -0.0432503 0.641625
299 -0.138222 -0.0971462 -0.347902 0.0681102 0.761892 -0.0487674 0.642264
300 -0.0644703 -0.212459 -0.282626 0.0590916 0.77118 -0.0357684 0.632858
301 -0.0745037 -0.181102 -0.285271 0.0599334 0.770461 -0.0381335 0.633517
302 -0.122029 -0.187036 -0.335681 0.0534711 0.764768 -0.0392621 0.640881
303 -0.0795435 -0.192337 -0.276536 0.055708 0.772308 -0.037919 0.631664
304 -0.109557 -0.181475 -0.292792 0.0566238 0.768646 -0.0372959 0.636071
305 -0.0708869 -0.164605 -0.256658 0.0626807 0.773027 -0.0367144 0.6302
306 -0.0417944 -0.199944 -0.227244 0.0611508 0.777822 -0.0322 0.624673
307 -0.0201445 -0.217332 -0.198009 0.0580018 0.780569 -0.0271671 0.62178
308 -0.0367516 -0.20977 -0.214436 0.053199 0.777851 -0.0255042 0.625674
309 -0.0371884 -0.223949 -0.199024 0.0549189 0.780659 -0.0214134 0.622172
310 -0.0461288 -0.227507 -0.195771 0.0516541 0.777785 -0.0172883 0.626166
311 -0.0645968 -0.17725 -0.178902 0.0573655 0.77778 -0.0232556 0.625481
312 -0.0392773 -0.19506 -0.159699 0.0600324 0.780084 -0.0183085 0.622519
313 -0.118307 -0.168533 -0.201791 0.0550935 0.770231 -0.0207719 0.635042
314 -0.152127 -0.153906 -0.201883 0.0563504 0.767359 -0.022819 0.638329
315 -0.202125 -0.116894 -0.225724 0.0562519 0.759736 -0.0262961 0.64726
316 -0.18092 -0.0747094 -0.159691 0.06815 0.763281 -0.0293792 0.64179
317 -0.266582 -0.0396741 -0.23444 0.0609576 0.750267 -0.0364347 0.65731
318 -0.165196 -0.124352 -0.147351 0.0596366 0.757695 -0.0249445 0.649399
319 -0.152874 -0.0945548 -0.122354 0.0631348 0.755931 -0.0287922 0.650964
320 -0.213242 -0.0686751 -0.124041 0.0632058 0.748332 -0.0321421 0.659523
321 -0.205208 -0.0672875 -0.133085 0.0632771 0.742091 -0.0331511 0.666481
322 -0.189764 -0.12064 -0.10347 0.0545114 0.739219 -0.0288402 0.670636
323 -0.273871 -0.0381082 -0.150547 0.0623245 0.72493 -0.0377668 0.684957
324 -0.248396 -0.0388364 -0.128863 0.0614707 0.720251 -0.0380668 0.689935
325 -0.298437 -0.0252252 -0.144551 0.060648 0.708767 -0.0400983 0.701686
326 -0.144165 -0.133262 -0.0616676 0.0562385 0.715079 -0.0282297 0.696205
327 -0.260753 -0.0273507 -0.0869125 0.0649506 0.699569 -0.039474 0.710512
328 -0.204829 -0.0601964 -0.0219358 0.0674019 0.700708 -0.0348389 0.709402
329 -0.30884 -0.0786136 -0.171239 0.0466961 0.676495 -0.0393454 0.733911
330 -0.249201 -0.163027 -0.202959 0.0369246 0.669058 -0.032158 0.741595
331 -0.165339 -0.212414 -0.11096 0.0372003 0.673741 -0.0240114 0.73764
332 -0.183948 -0.189694 -0.100007 0.0382704 0.667666 -0.0288442 0.742917
333 -0.160973 -0.186513 -0.0797109 0.0381983 0.662546 -0.0296143 0.74746
334 -0.135542 -0.184999 -0.0714883 0.0422997 0.655285 -0.0303914 0.753584
335 -0.123221 -0.156566 -0.0170376 0.0546721 0.652967 -0.03081 0.754782
336 -0.137775 -0.137721 -0.0905616 0.0501868 0.635118 -0.0396411 0.769763
337 -0.0764001 -0.173678 0.0220173 0.0590879 0.642362 -0.0331867 0.763399
338 -0.197772 -0.137121 -0.0714507 0.0468845 0.621424 -0.0431908 0.780877
339 -0.0974204 -0.215366 0.0518495 0.0549282 0.632124 -0.0284653 0.772394
340 -0.104515 -0.205247 0.0147959 0.0528952 0.619171 -0.0315499 0.782837
341 -0.132606 -0.230463 -0.00526576 0.0479465 0.609812 -0.0270214 0.790633
342 -0.0932186 -0.263899 0.0300117 0.0483066 0.606794 -0.0224355 0.793072
343 -0.1244 -0.318207 -0.0296287 0.0302544 0.592288 -0.0218922 0.804861
344 -0.10186 -0.331868 0.0969623 0.0231011 0.604633 -0.0160018 0.796008
345 -0.107672 -0.328066 -0.0565972 0.036382 0.571371 -0.0184103 0.819678
346 -0.0680083 -0.24026 -0.0825353 0.0628545 0.553754 -0.0242165 0.829951
347 -0.0178122 -0.27029 -0.153033 0.0645596 0.527733 -0.0204321 0.846707
348 -0.0763846 -0.414686 -0.00223895 0.0143511 0.55465 0.00141156 0.831959
349 -0.0268128 -0.417426 0.154982 0.0184155 0.579347 -0.00872825 0.814826
350 0.0501237 -0.479892 0.177003 -0.0113108 0.567162 0.00350519 0.823521
351 -0.0783634 -0.319087 0.00175228 0.0701985 0.548461 -0.0420121 0.832164
352 0.0753763 -0.424315 0.0705644 0.00738112 0.537801 -0.00143778 0.843039
353 0.0469749 -0.391567 0.117353 0.0158082 0.547162 -0.00149745 0.836876
354 0.0813865 -0.570793 0.154302 -0.0531954 0.545283 0.0110051 0.83649
355 -0.02759 -0.325781 0.0723639 0.036264 0.538602 -0.0160762 0.841626
356 -0.0326823 -0.210092 0.197372 0.0694516 0.56413 -0.0249541 0.822381
357 0.0504986 -0.466008 0.117217 -0.0104374 0.533807 0.00129877 0.845541
358 0.037241 -0.464649 0.14707 -0.00880247 0.539504 0.00189773 0.841935
359 -0.00716068 -0.318658 0.0945857 0.0315442 0.529986 -0.0099574 0.847361
360 -0.0408252 -0.24363 0.158314 0.049073 0.545192 -0.0324863 0.836243
361 -0.041771 -0.275297 0.0519226 0.0431535 0.522719 -0.0235937 0.851085
362 -0.0802424 -0.28773 0.0746485 0.0403254 0.529833 -0.0295953 0.846625
363 -0.0632942 -0.337472 0.153384 0.0126172 0.538518 -0.0404412 0.841548
364 -0.143765 -0.336282 0.0630994 0.0201239 0.532444 -0.0355203 0.84548
365 -0.0645984 -0.287248 0.0496777 0.0378938 0.517605 -0.015193 0.854645
366 0.0367627 -0.477827 0.223941 -0.0187313 0.541516 0.0134685 0.840374
367 -0.0388784 -0.273763 0.19304 0.0401272 0.543248 -0.0269866 0.838179
368 -0.0965736 -0.265722 0.081773 0.0420363 0.528744 -0.0237063 0.847408
369 -0.0617286 -0.281153 0.2466 0.0334933 0.560665 -0.0158014 0.827214
370 -0.0635865 -0.308765 0.155279 0.022492 0.549932 -0.0142626 0.834785
371 0.0479707 -0.292766 0.122124 0.0344999 0.521266 -0.00426531 0.852686
372 -0.0486113 -0.176927 0.114617 0.0708459 0.531472 -0.0181501 0.843913
373 -0.0578282 -0.209666 0.14881 0.0596573 0.548303 -0.0141494 0.834029
374 -0.0837048 -0.249361 0.135727 0.0257409 0.557327 -0.0230962 0.829573
375 -0.0996824 -0.130143 0.211675 0.144226 0.552197 -0.0276279 0.820679
376 -0.101106 -0.0658413 0.175172 0.179037 0.540421 -0.0335319 0.821442
377 -0.113286 -0.214355 0.179173 0.0283959 0.599805 -0.00352298 0.799634
378 -0.0626043 -0.210302 0.266508 0.0226756 0.615578 -0.00579473 0.787728
379 -0.06457 -0.244267 0.32803 0.0143981 0.629728 -0.00763402 0.776645
380 -0.0621574 -0.256581 0.339782 0.00804082 0.639352 -0.00325367 0.768865
381 -0.0757233 -0.244625 0.309776 0.0215711 0.636349 -0.0086305 0.771051
382 -0.111751 -0.259031 0.323316 0.0221907 0.644099 0.00232103 0.764617
383 -0.00783572 -0.232627 0.422131 0.0411683 0.659787 -0.00667331 0.750295
384 -0.0899105 -0.277677 0.330397 0.0301062 0.653897 -0.00649109 0.755956
385 -0.0838694 -0.27614 0.33253 0.0341478 0.660903 -0.00651599 0.749666
386 -0.0410829 -0.266632 0.367844 0.0368137 0.675229 -0.0110568 0.736606
387 -0.0203057 -0.252267 0.389394 0.0398173 0.68712 -0.0133287 0.72533
388 -0.0259233 -0.251475 0.390316 0.040041 0.695265 -0.0145423 0.71749
389 -0.0718772 -0.193356 0.407857 0.0408228 0.701733 -0.0275375 0.710736
390 -0.0362557 -0.186673 0.41592 0.0457627 0.711174 -0.0265768 0.701022
391 -0.0664982 -0.173679 0.393175 0.048959 0.715872 -0.0257127 0.696039
392 -0.141396 -0.160312 0.33857 0.039464 0.71716 -0.0295752 0.695161
393 -0.105784 -0.17293 0.346462 0.0409812 0.727732 -0.0265755 0.684121
394 -0.0642544 -0.190488 0.36959 0.0379884 0.739312 -0.0232713 0.671887
395 -0.120703 -0.17888 0.317492 0.0349897 0.740268 -0.0260204 0.670897
396 -0.0441834 -0.175933 0.392547 0.0453371 0.757499 -0.0207096 0.65093
397 -0.0513 -0.153156 0.372433 0.045029 0.762578 -0.0235984 0.644896
398 -0.0921566 -0.144176 0.370789 0.0423927 0.767979 -0.026763 0.63851
399 -0.0923776 -0.132748 0.387507 0.043042 0.776884 -0.0288648 0.627507
400 -0.00423377 -0.173137 0.378185 0.0438581 0.788236 -0.0231371 0.613373
401 -0.0329398 -0.185757 0.383852 0.0410415 0.794319 -0.0224743 0.605697
402 -0.0601397 -0.14927 0.380986 0.043608 0.799116 -0.0264741 0.599009
403 -0.0342417 -0.149115 0.408911 0.043775 0.808905 -0.0256465 0.585746
404 -0.0639293 -0.130839 0.414908 0.0412641 0.814819 -0.0283942 0.577548
405 -0.0403371 -0.194919 0.353361 0.029829 0.819631 -0.0226452 0.571666
406 0.00716625 -0.202657 0.395666 0.0307352 0.832308 -0.0195775 0.553115
407 -0.00078138 -0.189735 0.382202 0.0298639 0.837762 -0.0211763 0.544807
408 0.00463176 -0.201456 0.36591 0.0299917 0.844456 -0.0183288 0.53447
409 0.0305322 -0.232521 0.381899 0.0277424 0.854107 -0.0140936 0.519166
410 0.0214414 -0.223966 0.399235 0.0273456 0.862457 -0.0142122 0.505192
411 0.0452064 -0.221058 0.416125 0.0277385 0.87176 -0.0118271 0.489005
412 0.0754022 -0.239526 0.414103 0.0272378 0.879704 -0.00746909 0.474683
413 0.0567097 -0.21895 0.408681 0.0268035 0.884877 -0.00886607 0.464968
414 0.0787425 -0.2297 0.412528 0.0237237 0.891427 -0.00394712 0.452526
415 0.068228 -0.223078 0.429126 0.0199972 0.89732 -0.00314523 0.440916
416 0.0310319 -0.173368 0.422976 0.0216544 0.900273 -0.00597494 0.434745
417 0.063984 -0.207909 0.43021 0.0175258 0.906721 -0.000211042 0.421367
418 0.0695342 -0.208799 0.438559 0.0143074 0.911713 -0.00078118 0.410578
419 0.0915025 -0.237945 0.423328 0.00993117 0.915751 0.00133368 0.401622
420 0.110484 -0.222592 0.418814 0.00807518 0.923333 0.00143069 0.383914
421 0.0968874 -0.226021 0.412936 0.00643603 0.926155 0.00372927 0.37707
422 0.104515 -0.164869 0.441162 0.00875278 0.930704 -0.00254536 0.365661
423 0.117604 -0.197085 0.42737 0.00491771 0.933689 0.00268909 0.35804
424 0.156687 -0.189905 0.446059 0.00352252 0.938158 0.000467705 0.346189
425 0.146685 -0.200746 0.420111 0.000325053 0.939428 0.000737333 0.342746
426 0.106667 -0.192441 0.406656 -0.000320056 0.940734 0.000367035 0.339144
427 0.162491 -0.181901 0.408582 -0.000903605 0.944697 -0.0022574 0.327937
428 0.165589 -0.175676 0.403018 0.00284687 0.946865 -0.00145473 0.321614
429 0.191064 -0.206763 0.41171 0.0022653 0.950027 0.00265732 0.312149
430 0.187965 -0.179729 0.405546 0.0011307 0.951637 -5.19124e-05 0.307222
431 0.203793 -0.187072 0.394347 7.77597e-05 0.953351 0.000622512 0.301863
432 0.19928 -0.178181 0.367593 -0.00133353 0.954205 -0.00145329 0.299149
433 0.241306 -0.159854 0.392224 0.00133698 0.958079 -0.000550714 0.286502
434 0.238586 -0.186058 0.359628 3.60809e-05 0.95864 0.00229802 0.284613
435 0.21218 -0.212123 0.313464 0.000621139 0.958009 0.00438719 0.286705
436 0.276336 -0.223352 0.350569 0.00439707 0.96119 0.00168601 0.275847
437 0.300482 -0.199621 0.33331 0.00544984 0.962489 -0.00717045 0.27117
438 0.323497 -0.190056 0.353481 0.0137507 0.964448 -0.00777276 0.263802
439 0.334261 -0.211475 0.330549 0.00961512 0.965507 -0.00399747 0.260168
440 0.272955 -0.151912 0.293383 0.0103013 0.964599 -0.00754771 0.263411
441 0.325839 -0.161125 0.283043 0.0079637 0.968149 -0.0040412 0.250214
442 0.348238 -0.115106 0.277028 0.0116193 0.96963 -0.0100641 0.244094
443 0.357318 -0.170683 0.261681 0.00875207 0.971021 -0.00490371 0.238784
444 0.335535 -0.206006 0.249113 0.0064768 0.971524 -0.00141774 0.236847
445 0.311063 -0.12587 0.244407 0.0087707 0.971812 -0.0101759 0.235375
446 0.393256 -0.120495 0.254074 0.00883019 0.974782 -0.0102618 0.222749
447 0.396645 -0.202982 0.228041 0.00636617 0.976229 -0.00156211 0.216641
448 0.390438 -0.167497 0.217372 0.00945027 0.977258 -0.00546098 0.211773
449 0.406294 -0.227437 0.199134 0.00774444 0.978741 0.00236989 0.204942
450 0.408214 -0.126238 0.204106 0.00927617 0.979745 -0.00653449 0.199927
451 0.412454 -0.0825321 0.203111 0.00915204 0.98067 -0.0107341 0.19516
452 0.37135 -0.170598 0.204258 0.00534631 0.980908 -0.00100114 0.194395
453 0.375739 -0.154501 0.193415 0.00257789 0.981855 -0.000937577 0.189614
454 0.435375 -0.14623 0.189108 0.00654553 0.983348 -0.00200682 0.181604
455 0.376557 -0.14453 0.199433 0.00461408 0.982925 -0.000266793 0.183948
456 0.413094 -0.0853736 0.219566 0.00598368 0.984095 -0.00404226 0.177496
457 0.477631 -0.160449 0.196884 0.00448412 0.985926 0.00434979 0.167067
458 0.45253 -0.120663 0.173405 0.00868231 0.986007 -0.0012553 0.166475
459 0.456952 -0.152382 0.197983 0.00957707 0.98681 0.00350548 0.161559
460 0.432209 -0.0935043 0.225515 0.0120378 0.986901 -0.00173507 0.160868
461 0.430984 -0.108324 0.194659 0.0150468 0.987492 -0.00182015 0.156938
462 0.429188 -0.102176 0.222034 0.0147903 0.988199 -0.00200629 0.152448
463 0.519867 -0.126451 0.202712 0.0141748 0.990367 0.00145516 0.137736
464 0.477214 -0.134651 0.212362 0.0129852 0.990702 0.00490482 0.135341
465 0.524484 -0.0920658 0.205887 0.0147034 0.992088 0.000653777 0.124682
466 0.425046 -0.182531 0.225061 0.0103117 0.991804 0.0129411 0.126689
467 0.497056 -0.173826 0.184606 0.00951262 0.993518 0.0144436 0.112352
468 0.470133 -0.132573 0.216698 0.00809098 0.994095 0.0132176 0.107404
469 0.570102 -0.219743 0.171531 0.00666628 0.995723 0.0261408 0.0883582
470 0.541685 -0.291984 0.212456 0.00919192 0.995737 0.0360075 0.0844151
471 0.525328 -0.285249 0.200764 0.00515121 0.996123 0.0385089 0.0789271
472 0.705776 -0.321418 0.142458 0.00591609 0.997535 0.0430474 0.0550963
473 0.719197 -0.0790611 0.158891 0.00547437 0.998608 0.0209868 0.0480746
474 0.751035 -0.1313 0.164743 0.0103687 0.998859 0.0260686 0.0386356
475 0.686059 -0.0772646 0.122809 0.00686241 0.999 0.0221866 0.0381939
476 0.706111 -0.0497679 0.17728 0.00589484 0.999319 0.0205499 0.0300596
477 0.766288 -0.0987365 0.13093 0.00644565 0.999487 0.0259112 0.0176741
478 0.745029 -0.0992137 0.15057 0.00351674 0.999507 0.0284093 0.01289
479 0.721984 -0.0761181 0.131089 0.00276626 0.999563 0.0279042 0.00939639
480 0.762169 -0.134598 0.130302 0.00286323 0.999409 0.0342612 -0.000282626
481 0.77331 -0.0927676 0.148788 0.00132573 0.999497 0.0309642 -0.00677342
482 0.777978 -0.0919224 0.153596 0.00177251 0.999437 0.0316999 -0.010805
483 0.721167 -0.108604 0.152946 0.00212829 0.999379 0.0338026 -0.00974091
484 0.745835 -0.0978354 0.155608 0.00125969 0.999376 0.0316542 -0.0156158
485 0.764982 -0.0920705 0.170328 0.00325278 0.999387 0.0278479 -0.0209702
486 0.750016 -0.122704 0.156179 0.0049892 0.999296 0.0299539 -0.0220305
487 0.789325 -0.120091 0.142604 0.00493475 0.99904 0.0294532 -0.0320638
488 0.812425 -0.102727 0.124637 0.00289944 0.99875 0.0280723 -0.041253
489 0.809264 -0.0937604 0.103289 0.00467136 0.998488 0.0261263 -0.0481482
490 0.804927 -0.162033 0.121598 0.00114692 0.998119 0.0339567 -0.0510236
491 0.801124 -0.117563 0.0887927 0.00153757 0.998052 0.0278464 -0.0558152
492 0.779086 -0.13134 0.125489 -0.00023721 0.997907 0.0283576 -0.0581225
493 0.818462 -0.149946 0.0658904 -0.00341942 0.997167 0.0310656 -0.0684246
494 0.780456 -0.133902 0.103892 -0.00349717 0.997346 0.0300808 -0.066217
495 0.804646 -0.0827168 0.0751961 -0.00720778 0.996946 0.025309 -0.0735209
496 0.796022 -0.118354 0.0800722 -0.0095866 0.996654 0.0300893 -0.0753942
497 0.815171 -0.100723 0.0862538 -0.00800799 0.996241 0.0282567 -0.0814897
498 0.821473 -0.109724 0.0404866 -0.00525634 0.995664 0.0283387 -0.0884421
499 0.774991 -0.129179 0.0789931 -0.010104 0.995555 0.03147 -0.0881927
500 0.803081 -0.161537 0.0299277 -0.00737241 0.994732 0.034115 -0.0963835
501 0.773656 -0.170426 0.0354086 -0.00817723 0.994627 0.0353524 -0.0969591
502 0.803975 -0.142853 0.0348992 -0.00645549 0.994113 0.0327604 -0.103072
503 0.816021 -0.13759 -0.0125584 -0.00711287 0.993514 0.0329929 -0.108585
504 0.838514 -0.103656 -0.00742902 -0.00690768 0.992846 0.0308307 -0.115143
505 0.827298 -0.13852 -0.0279354 -0.00554113 0.992434 0.0323372 -0.118318
506 0.780228 -0.130679 -0.0301107 -0.00528952 0.99265 0.0305303 -0.116984
507 0.85382 -0.140765 -0.0336277 -0.00247001 0.991431 0.0310921 -0.12685
508 0.83968 -0.0677569 -0.0605211 -0.00332079 0.991202 0.0235954 -0.130198
509 0.914507 -0.0930419 -0.0735802 0.00190346 0.989692 0.0249906 -0.141005
510 0.815114 -0.143116 -0.105296 -0.000218746 0.990218 0.0275184 -0.136785
511 0.849585 -0.140917 -0.0985349 0.00159049 0.989076 0.0256932 -0.14514
512 0.801889 -0.132026 -0.127665 -0.000215635 0.988962 0.0239644 -0.146219
513 0.813193 -0.132452 -0.122516 -0.00256063 0.98803 0.0225996 -0.152577
514 0.888512 -0.147128 -0.147487 0.00403554 0.986206 0.0209669 -0.164137
515 0.804884 -0.145867 -0.134682 0.00205193 0.986919 0.0195634 -0.160011
516 0.819679 -0.134722 -0.17274 -0.000789693 0.985562 0.0181116 -0.168344
517 0.843861 -0.130038 -0.139592 -0.000649414 0.98468 0.0173174 -0.173506
518 0.833516 -0.108856 -0.152632 -1.44994e-05 0.984205 0.0121974 -0.176614
519 0.802185 -0.146443 -0.179712 -0.000553228 0.983911 0.0137508 -0.178131
520 0.825668 -0.110478 -0.181563 -0.00594886 0.982758 0.00954291 -0.184557
521 0.847558 -0.128965 -0.170426 -0.00489911 0.981822 0.0119039 -0.189366
522 0.863716 -0.117582 -0.18568 -0.00942589 0.980281 0.0119722 -0.197021
523 0.843414 -0.123937 -0.210768 -0.00841129 0.979738 0.0122381 -0.19973
524 0.808822 -0.126729 -0.194394 -0.0150843 0.97941 0.0142323 -0.200814
525 0.818567 -0.13246 -0.236852 -0.0140599 0.977989 0.0155081 -0.207605
526 0.861225 -0.124252 -0.250388 -0.0101572 0.976296 0.0147602 -0.215699
527 0.884262 -0.110258 -0.261561 -0.0104547 0.974517 0.0147381 -0.223587
528 0.810136 -0.142555 -0.275256 -0.0127864 0.97488 0.0184755 -0.221597
529 0.895563 -0.0792622 -0.297697 -0.0121535 0.971742 0.0123706 -0.23541
530 0.859046 -0.118371 -0.286297 -0.0115899 0.971573 0.017343 -0.235819
531 0.870937 -0.0922566 -0.290099 -0.0137989 0.970531 0.0153725 -0.240091
532 0.874505 -0.102106 -0.319331 -0.013781 0.968858 0.0175496 -0.246611
533 0.904835 -0.158813 -0.337994 -0.0102935 0.967142 0.0241014 -0.252884
534 0.875458 -0.121851 -0.337319 -0.0138946 0.966666 0.0195553 -0.254916
535 0.845777 -0.111667 -0.348863 -0.013415 0.966272 0.0192553 -0.256454
536 0.896664 -0.120407 -0.376445 -0.0127231 0.963552 0.020071 -0.266463
537 0.850696 -0.118791 -0.34934 -0.0129679 0.96408 0.0205999 -0.264494
538 0.863429 -0.109711 -0.37323 -0.014107 0.962328 0.0200725 -0.270782
539 0.833278 -0.101117 -0.374505 -0.0152041 0.962108 0.0182375 -0.271632
540 0.934685 -0.126843 -0.415784 -0.0160144 0.95789 0.0203048 -0.285967
541 0.860508 -0.0703308 -0.406801 -0.0208991 0.959069 0.0146081 -0.282022
542 0.887727 -0.119964 -0.419475 -0.0186264 0.957402 0.0215817 -0.287347
543 0.871186 -0.0845904 -0.44815 -0.0237055 0.956585 0.0186465 -0.28989
544 0.823925 -0.0994898 -0.440426 -0.0258067 0.957207 0.0222182 -0.287394
545 0.868738 -0.0708109 -0.46436 -0.0257692 0.955027 0.020244 -0.294704
546 0.870648 -0.0939313 -0.454191 -0.0268012 0.954372 0.0234931 -0.296487
547 0.946056 -0.0986543 -0.475716 -0.0236001 0.95094 0.0241766 -0.307525
548 0.870996 -0.136174 -0.478916 -0.0231739 0.952352 0.0279626 -0.302831
549 0.883034 -0.0874084 -0.496453 -0.0270298 0.950768 0.0225587 -0.307897
550 0.818462 -0.0985226 -0.50746 -0.028352 0.95129 0.0225398 -0.306163
551 0.879916 -0.12404 -0.499561 -0.0245287 0.948497 0.0249856 -0.314847
552 0.84887 -0.131703 -0.511719 -0.0246472 0.947979 0.0254213 -0.316359
553 0.843552 -0.0966848 -0.497185 -0.0248846 0.947163 0.0215717 -0.319058
554 0.903604 -0.142577 -0.529192 -0.0213979 0.943746 0.0252539 -0.329012
555 0.849644 -0.126186 -0.537511 -0.0224188 0.944432 0.0211048 -0.327261
556 0.886517 -0.119302 -0.550858 -0.0212518 0.94198 0.0198972 -0.334403
557 0.839345 -0.11455 -0.559039 -0.0219683 0.942191 0.0205716 -0.333723
558 0.874191 -0.138331 -0.548177 -0.0196493 0.939763 0.0221955 -0.340539
559 0.876053 -0.142169 -0.536327 -0.0163141 0.938436 0.0224273 -0.344338
560 0.907154 -0.124257 -0.551127 -0.0171394 0.935509 0.0201749 -0.35231
561 0.856054 -0.142426 -0.553773 -0.0165634 0.935733 0.0209994 -0.351694
562 0.868134 -0.1242 -0.589978 -0.0164198 0.933023 0.0178385 -0.359
563 0.877425 -0.112146 -0.577568 -0.0213903 0.930734 0.0171399 -0.364668
564 0.86821 -0.147424 -0.591933 -0.0160123 0.928876 0.0213345 -0.369428
565 0.867222 -0.130764 -0.5865 -0.0172483 0.927106 0.0203744 -0.373848
566 0.842541 -0.144676 -0.599225 -0.0155467 0.925872 0.0221373 -0.376867
567 0.890764 -0.169568 -0.620282 -0.0125555 0.921943 0.0258965 -0.386255
568 0.83677 -0.142097 -0.620679 -0.0175812 0.921875 0.0237582 -0.386357
569 0.809348 -0.166845 -0.627608 -0.01569 0.921592 0.0254668 -0.387005
570 0.86793 -0.135948 -0.634945 -0.0154369 0.917734 0.0210278 -0.396339
571 0.849537 -0.183579 -0.65371 -0.0137186 0.916456 0.0274355 -0.398958
572 0.835507 -0.15696 -0.640818 -0.0200684 0.915621 0.0244478 -0.400795
573 0.858611 -0.128472 -0.666011 -0.0205142 0.9132 0.0212696 -0.406439
574 0.877312 -0.143063 -0.66175 -0.0203842 0.911121 0.0241812 -0.410924
575 0.844696 -0.133276 -0.670048 -0.0238333 0.910785 0.0245961 -0.411459
576 0.871449 -0.142044 -0.68914 -0.0221037 0.908113 0.0251516 -0.417384
577 0.982393 -0.200856 -0.718857 -0.0139211 0.902007 0.0326766 -0.430257
578 0.88155 -0.145312 -0.708264 -0.0208484 0.905057 0.0272759 -0.423902
579 0.947355 -0.178065 -0.730934 -0.0183073 0.900859 0.0312573 -0.432597
580 0.884834 -0.122444 -0.731427 -0.0227756 0.902455 0.0249745 -0.429456
581 0.947307 -0.124289 -0.761074 -0.0226996 0.897879 0.0263695 -0.438865
582 0.976452 -0.148663 -0.786714 -0.0198587 0.894526 0.0307934 -0.445512
583 0.979897 -0.182959 -0.792007 -0.0150644 0.893192 0.0352555 -0.448039
584 1.00541 -0.175246 -0.815758 -0.0150161 0.889847 0.0360698 -0.454584
585 0.921958 -0.129845 -0.79809 -0.0180359 0.891748 0.032908 -0.450973
586 1.05863 -0.22576 -0.87049 -0.000771435 0.880273 0.0445969 -0.472367
587 0.841169 -0.128678 -0.817965 -0.012436 0.889047 0.033473 -0.456422
588 0.819737 -0.128913 -0.823557 -0.00857373 0.888984 0.0313235 -0.456785
589 0.845025 -0.110151 -0.852187 -0.0124751 0.885346 0.028245 -0.463907
590 0.974359 -0.252597 -0.887494 0.0125639 0.877978 0.0431286 -0.476589
591 0.917592 -0.244546 -0.87501 0.0116317 0.879028 0.0436623 -0.474625
592 0.892251 -0.189071 -0.899823 0.000336268 0.876792 0.0390893 -0.479277
593 0.981515 -0.210245 -0.926188 0.00370763 0.870313 0.0429684 -0.490608
594 0.944917 -0.191425 -0.950257 0.00359639 0.869273 0.0420405 -0.492528
595 0.900154 -0.13683 -0.95872 -0.00666157 0.868514 0.0363883 -0.494282
596 0.935855 -0.223081 -0.962664 0.0068949 0.865121 0.0453434 -0.499463
597 0.881581 -0.208598 -0.948975 0.00559754 0.867188 0.0427472 -0.496112
598 0.947404 -0.271387 -1.00078 -0.0144129 -0.861108 -0.048265 0.505921
599 0.8704 -0.186468 -0.975097 0.000951778 -0.863579 -0.0382798 0.502757
600 0.847782 -0.099333 -1.01564 0.012448 -0.860657 -0.027334 0.508298
601 0.914538 -0.165453 -1.044 0.00389552 -0.855422 -0.0343928 0.516775
602 0.857646 -0.170827 -1.02563 0.00398321 -0.857896 -0.0355171 0.512579
603 0.804903 -0.18385 -1.00186 0.00468086 -0.859957 -0.037194 0.508988
604 0.829813 -0.228731 -1.02116 -0.000746501 -0.856697 -0.0439723 0.513942
605 0.928143 -0.316166 -1.06877 -0.0132634 -0.849831 -0.0554413 0.523963
606 0.930682 -0.0885281 -1.15467 0.0150151 -0.841639 -0.0290314 0.539051
607 0.965739 0.28566 -1.30284 0.050811 -0.82453 0.0190957 0.563208
608 0.135076 -1.50806 -0.745349 0.114315 0.874952 0.229102 -0.410977
609 0.954096 -0.319893 -1.24701 -0.00681181 -0.82728 -0.0641587 0.558072
610 0.961317 -0.12321 -1.28423 0.00788935 -0.823633 -0.0341922 0.566036
611 0.883753 -0.227256 -1.13004 0.00339939 -0.838341 -0.0502442 0.542816
612 0.942321 -0.233745 -1.22729 -0.00337959 -0.82807 -0.0532232 0.558082
613 0.928371 -0.25273 -1.21898 -0.00681452 -0.828417 -0.0556545 0.557299
614 0.993281 -0.348737 -1.3361 -0.021991 -0.814619 -0.0704815 0.575278
615 0.876079 -0.343472 -1.16851 -0.0147724 -0.832209 -0.0753536 0.549119
616 0.964987 -0.304507 -1.28266 -0.0188568 -0.818146 -0.0677818 0.570691
617 0.990617 -0.447149 -1.40662 -0.0387661 -0.801242 -0.0895921 0.590324
618 0.944544 0.00165161 -1.42253 0.00842323 -0.799919 -0.0276355 0.599413
619 0.919855 0.00270775 -1.35972 0.015338 -0.804369 -0.0262263 0.593353
620 0.938702 -0.0805346 -1.3823 0.00429338 -0.800546 -0.0420874 0.597776
621 0.890967 -0.156054 -1.21492 0.00496521 -0.816757 -0.0598502 0.573847
622 0.828351 -0.118001 -1.11846 0.00537048 -0.827684 -0.0514141 0.558809
623 0.8619 0.0413945 -1.38238 0.0235348 -0.79478 -0.0252144 0.605917
624 0.820728 0.515513 -1.62763 0.0916201 -0.756202 0.0369668 0.646837
625 0.849369 -0.558972 -1.47368 -0.0554853 -0.775997 -0.118114 0.617089
626 0.771266 0.658829 -1.84462 0.115067 -0.717608 0.0511826 0.684966
627 0.85983 -0.245433 -1.27014 -0.0130133 -0.796475 -0.0708794 0.600362
628 0.7701 0.60354 -1.74266 0.101536 -0.726518 0.0504701 0.677728
629 0.865729 -0.0319842 -1.83029 0.0119801 -0.718477 -0.0451237 0.693982
630 0.851708 0.119245 -1.88399 0.039024 -0.706029 -0.0300778 0.706467
631 0.852367 0.377626 -1.81068 0.069449 -0.711616 0.0139316 0.698989
632 0.830183 -0.0169546 -1.94387 0.0118763 -0.692275 -0.0403011 0.72041
633 0.779287 -0.35304 -2.05156 -0.0379986 -0.671822 -0.0853446 0.734798
634 0.786978 -0.323944 -1.99039 -0.0369891 -0.678538 -0.0769783 0.729583
635 0.777107 0.480966 -1.92506 0.0906955 -0.679752 0.0300142 0.727194
636 0.803245 0.169697 -1.79628 0.0417229 -0.699233 -0.00675627 0.713643
637 0.826557 -0.0704236 -1.90938 0.00591209 -0.681684 -0.0418639 0.730424
638 0.67246 0.477667 -2.12756 0.088347 -0.637076 0.0365156 0.76485
639 0.743496 -0.124964 -1.97314 -0.00236297 -0.66316 -0.0527822 0.746611
640 0.762578 -0.452574 -1.8776 -0.0486156 -0.676067 -0.0995455 0.728465
641 0.743519 -0.301143 -1.91999 -0.0315176 -0.668319 -0.0747417 0.739439
642 0.744405 0.405301 -1.88052 0.0644074 -0.670448 0.0369658 0.73823
643 0.739726 -0.127952 -2.03194 -0.00121441 -0.646985 -0.0552174 0.7605
644 0.730665 -0.0802908 -1.87293 0.00810249 -0.668245 -0.0500187 0.742213
645 0.775626 -0.00845858 -1.90558 0.00721973 -0.662634 -0.0297865 0.748316
646 0.675746 0.491582 -2.00218 0.0816158 -0.641082 0.0457642 0.761747
647 0.788967 -0.281752 -1.84052 -0.0297092 -0.671116 -0.0684323 0.737589
648 0.709178 0.0159207 -2.02599 0.0123632 -0.635954 -0.0315076 0.770985
649 0.69125 0.11503 -1.89841 0.0223915 -0.651775 -0.0169296 0.757893
650 0.701685 0.131847 -1.73189 0.023698 -0.674867 -0.011556 0.737468
651 0.678072 0.161196 -1.6878 0.0267778 -0.67918 -0.00617223 0.733457
652 0.582804 0.482371 -1.88841 0.0774507 -0.642005 0.0497534 0.761154
653 0.659585 -0.314122 -1.971 -0.0389018 -0.630248 -0.082378 0.771031
654 0.622828 -0.153672 -1.36211 -0.0140591 -0.723951 -0.0534972 0.68763
655 0.648835 -0.0400014 -1.58731 0.00953123 -0.685097 -0.0431547 0.72711
656 0.645172 -0.163608 -1.82008 -0.0164806 -0.645753 -0.0582394 0.761144
657 0.581188 -0.175379 -1.99519 -0.0174654 -0.613951 -0.0618851 0.78672
658 0.556415 0.179265 -2.10997 0.0370258 -0.587234 -0.00268426 0.808566
659 0.628736 -0.230061 -1.72589 -0.0201885 -0.653305 -0.0682157 0.753745
660 0.382421 -0.252157 -2.27176 -0.0275305 -0.546573 -0.0768512 0.833423
661 0.535152 0.021987 -1.28979 0.0267238 -0.718875 -0.020712 0.694316
662 0.576522 0.0586885 -1.99647 0.0259757 -0.598421 -0.0146872 0.800626
663 0.521471 0.024395 -1.35991 0.023317 -0.702668 -0.0169875 0.710933
664 0.427133 -0.0637438 -2.2225 0.00950769 -0.545443 -0.0397676 0.83715
665 0.539551 -0.033126 -1.5218 0.0198879 -0.673798 -0.0278046 0.738124
666 0.416405 -0.0220652 -2.04492 0.0138999 -0.576242 -0.0203489 0.816908
667 0.47221 0.441312 -1.88239 0.093387 -0.600204 0.0636875 0.791819
668 0.479178 -0.134794 -1.93099 -0.000530558 -0.596148 -0.0301822 0.802307
669 0.412447 -0.0761665 -1.39279 0.00863585 -0.689692 -0.0155919 0.723883
670 0.401829 0.0280751 -2.11617 0.0313893 -0.553428 -0.00310738 0.8323
671 0.503099 0.194904 -1.98248 0.052679 -0.578129 0.0340381 0.813531
672 0.349689 0.271543 -2.19544 0.065853 -0.527516 0.0494677 0.845543
673 0.46194 0.255493 -1.84964 0.0611375 -0.596066 0.0508096 0.798991
674 0.459669 0.324787 -1.71652 0.0765727 -0.616704 0.060856 0.781095
675 0.433998 -0.0100941 -1.8632 0.0282198 -0.590178 0.000321388 0.806779
676 0.386647 0.274937 -1.82284 0.0699822 -0.591836 0.05925 0.800826
677 0.282333 0.348045 -2.15431 0.0933111 -0.514311 0.0718 0.849484
678 0.240902 0.645284 -1.84045 0.136562 -0.570998 0.140904 0.797156
679 0.344254 0.234332 -2.04536 0.0830548 -0.53688 0.0478676 0.838195
680 0.326247 -0.238741 -1.1633 -0.0109862 -0.708709 -0.0224024 0.70506
681 0.350371 0.028839 -2.06487 0.0444356 -0.531379 0.0200018 0.845731
682 0.332591 0.340931 -1.95795 0.103375 -0.544844 0.075868 0.828675
683 0.320928 -0.13058 -1.41796 0.0247847 -0.654607 -0.00201272 0.755561
684 0.287763 0.037187 -1.05937 0.048681 -0.71899 0.0342723 0.692466
685 0.304665 -0.184055 -1.29429 0.000997011 -0.674651 0.00340168 0.738129
686 0.21965 0.371262 -2.19417 0.114554 -0.477208 0.091352 0.86649
687 0.12079 0.358849 -2.21195 0.11545 -0.46567 0.0955991 0.872172
688 0.166769 -0.161992 -0.867479 0.0372454 -0.750441 0.000464513 0.659887
689 -0.153576 0.944081 -1.98153 0.20236 -0.477311 0.268022 0.812027
690 0.0741648 0.79763 -1.94762 0.178228 -0.499047 0.21264 0.820957
691 0.330061 -0.0975225 -1.89834 0.0365713 -0.535389 0.0325189 0.843187
692 -0.474848 -0.861723 -0.273614 0.133282 0.846729 0.135577 -0.496896
693 0.235255 0.228449 -2.01442 0.0954684 -0.494069 0.0930803 0.859138
694 0.243206 0.4634 -1.81593 0.130703 -0.5301 0.142008 0.825678
695 0.0667482 0.437818 -2.28331 0.130742 -0.40658 0.140003 0.893308
696 0.22458 0.579292 -1.82739 0.131431 -0.512378 0.179583 0.829424
697 -0.153451 -0.635828 -0.569863 -0.0909433 -0.780312 -0.0691433 0.614867
698 -0.141094 0.769053 -1.66213 0.178096 -0.530238 0.258873 0.787473
699 0.162402 0.536057 -1.56286 0.125698 -0.561363 0.192581 0.794974
700 0.273276 -0.48288 -0.645472 -0.0466652 -0.725335 -0.000103798 0.686813
701 0.234866 -0.483921 -0.697048 -0.0583455 -0.71677 0.000749921 0.694864
702 0.287689 0.32483 -1.09956 0.0927907 -0.647258 0.150907 0.7414
703 -0.266433 -0.828207 -0.373884 -0.143768 -0.78742 -0.0844036 0.593445
704 -0.696295 -1.08738 -0.378658 -0.285954 -0.757178 -0.166771 0.563115
705 0.119637 0.415302 -1.50759 0.132341 -0.557727 0.173079 0.800918
706 0.309744 -0.150345 -1.27629 0.0248373 -0.60658 0.0673347 0.791777
707 -0.178323 -0.642246 -0.380342 -0.070985 -0.787649 -0.044833 0.610377
708 0.141483 0.424846 -1.33898 0.123383 -0.58245 0.178394 0.783393
709 0.311446 -0.034501 -1.33677 0.0410383 -0.587446 0.0932816 0.802821
710 0.0658156 0.344625 -1.4578 0.116424 -0.551392 0.168088 0.808801
711 0.0593552 0.131351 -1.60586 0.0730197 -0.521271 0.121227 0.841575
712 0.373339 -0.115135 -0.778242 0.046582 -0.68359 0.0709515 0.724914
713 0.0525647 -0.518706 -1.60807 -0.0371983 -0.516074 -0.0173887 0.855559
714 0.10025 -0.947835 -1.36396 -0.128865 -0.553915 -0.0777213 0.81886
715 0.240263 -0.128437 -1.48706 0.0436987 -0.54833 0.0682035 0.83233
716 0.113692 0.281546 -1.41233 0.107218 -0.55351 0.169493 0.808334
717 0.0951723 -0.344207 -1.58712 0.0138494 -0.515877 0.028163 0.856087
718 0.104871 -0.214005 -1.57466 0.035851 -0.51839 0.0551041 0.852614
719 0.0816693 -0.0287479 -1.48662 0.0629069 -0.531328 0.0937071 0.839614
720 0.151528 -0.13464 -1.50695 0.0471382 -0.528451 0.0813673 0.84374
721 0.055367 -0.261537 -1.6307 0.0380077 -0.494948 0.0433522 0.867008
722 0.107609 -0.311101 -1.5247 0.024717 -0.520818 0.0370277 0.852506
723 -0.0854225 -0.343666 -1.7133 0.0280358 -0.462149 0.0198043 0.886138
724 -0.17587 -0.224524 -1.6981 0.0642068 -0.454404 0.0523785 0.886933
725 0.102177 -0.283564 -1.49322 0.0447886 -0.515354 0.0439607 0.854677
726 0.15586 -0.345915 -1.46718 0.0392284 -0.521343 0.0380679 0.851595
727 -0.0685338 -0.213754 -1.58714 0.0653666 -0.477608 0.0645133 0.87376
728 0.0364706 -0.298292 -1.53633 0.0488622 -0.493914 0.0490734 0.866749
729 -0.00793759 -0.190157 -1.51515 0.0654129 -0.491923 0.0796462 0.864517
730 0.132279 -0.179195 -1.36897 0.0670549 -0.523432 0.0889251 0.844757
731 0.107659 -0.247119 -1.43011 0.0557322 -0.507068 0.0725766 0.857035
732 -0.0676248 -0.248337 -1.54146 0.0630375 -0.469153 0.0681326 0.878225
733 -0.0204598 -0.22865 -1.49624 0.0696163 -0.475863 0.0722508 0.873778
734 -0.0366425 -0.252599 -1.48206 0.0701628 -0.469818 0.0700359 0.877179
735 -0.0835207 -0.275206 -1.5343 0.0702148 -0.450925 0.0595807 0.887799
736 -0.0940665 -0.239835 -1.53882 0.0836782 -0.446069 0.0569354 0.889257
737 -0.172006 -0.19942 -1.54314 0.0973692 -0.431533 0.0671854 0.894307
738 -0.1557 -0.240398 -1.52918 0.0956438 -0.43254 0.0621631 0.89437
739 -0.197677 -0.228498 -1.52456 0.104246 -0.424919 0.0697846 0.896497
740 -0.149202 -0.226721 -1.5071 0.112039 -0.43266 0.0710223 0.891745
741 -0.152938 -0.215768 -1.51428 0.117433 -0.428298 0.0795118 0.892439
742 -0.142771 -0.226994 -1.53051 0.119999 -0.425354 0.0709788 0.894224
743 -0.229156 -0.223373 -1.51332 0.126187 -0.412769 0.0712096 0.899237
744 -0.185267 -0.239595 -1.48835 0.130631 -0.419436 0.0613493 0.896239
745 -0.177817 -0.227973 -1.49037 0.135278 -0.418711 0.069055 0.895328
746 -0.224851 -0.256944 -1.49676 0.133065 -0.413337 0.0733354 0.897813
747 -0.197702 -0.23828 -1.48687 0.140211 -0.418694 0.072728 0.894286
748 -0.217086 -0.231253 -1.49525 0.146422 -0.412773 0.0762371 0.895749
749 -0.228615 -0.229061 -1.49323 0.153259 -0.409888 0.0767532 0.895886
750 -0.23048 -0.249421 -1.48337 0.157303 -0.408736 0.0707295 0.896208
751 -0.216691 -0.257877 -1.50706 0.157076 -0.407873 0.0714758 0.896581
752 -0.230173 -0.25804 -1.4794 0.16326 -0.406834 0.0761721 0.895561
753 -0.253005 -0.251255 -1.46739 0.169786 -0.405058 0.0804415 0.894779
754 -0.244239 -0.268906 -1.48373 0.170521 -0.403885 0.0799267 0.895216
755 -0.268106 -0.259295 -1.46857 0.177469 -0.40226 0.0767233 0.894877
756 -0.239884 -0.26519 -1.48676 0.178834 -0.403379 0.0839889 0.893448
757 -0.234459 -0.27057 -1.45333 0.184483 -0.40888 0.0809372 0.890074
758 -0.230268 -0.267477 -1.45933 0.190951 -0.410101 0.0837828 0.887883
759 -0.226122 -0.253792 -1.4583 0.201708 -0.41072 0.0977297 0.883783
760 -0.186726 -0.296763 -1.48037 0.180942 -0.418592 0.0613934 0.887846
761 -0.248403 -0.288355 -1.44388 0.20115 -0.413674 0.0882666 0.883528
762 -0.270234 -0.252354 -1.46091 0.21426 -0.407765 0.0876549 0.883254
763 -0.254542 -0.26842 -1.45519 0.211992 -0.413097 0.0911039 0.880971
764 -0.27107 -0.29175 -1.45884 0.214039 -0.410463 0.085155 0.882302
765 -0.290257 -0.27402 -1.46508 0.217473 -0.406759 0.0965928 0.881999
766 -0.322789 -0.283849 -1.43279 0.223053 -0.40568 0.102964 0.880381
767 -0.313444 -0.292143 -1.43247 0.227668 -0.406438 0.0935928 0.879895
768 -0.347346 -0.282372 -1.432 0.234482 -0.399822 0.101124 0.880304
769 -0.363941 -0.30819 -1.4395 0.233566 -0.395435 0.105861 0.88197
770 -0.343521 -0.305819 -1.42296 0.238998 -0.399591 0.086069 0.880795
771 -0.375891 -0.307712 -1.42301 0.239193 -0.393129 0.101021 0.882061
772 -0.376348 -0.301954 -1.41594 0.244921 -0.39249 0.0966289 0.881265
773 -0.351578 -0.319497 -1.41271 0.239139 -0.397734 0.0822094 0.881965
774 -0.391617 -0.307167 -1.42057 0.248747 -0.391551 0.10165 0.880046
775 -0.425963 -0.307366 -1.4126 0.252145 -0.386031 0.109851 0.880531
776 -0.399336 -0.320533 -1.42322 0.253839 -0.389293 0.101586 0.8796
777 -0.401651 -0.313273 -1.44218 0.254712 -0.387739 0.10036 0.880175
778 -0.331386 -0.389815 -1.41718 0.221409 -0.415005 0.0469535 0.881217
779 -0.400152 -0.325876 -1.43885 0.256559 -0.387868 0.100472 0.879569
780 -0.419806 -0.316345 -1.41381 0.264421 -0.383255 0.0947741 0.879895
781 -0.464504 -0.369466 -1.40727 0.256736 -0.374303 0.106156 0.884711
782 -0.457364 -0.329338 -1.41553 0.26534 -0.374164 0.108618 0.881929
783 -0.488311 -0.366292 -1.41592 0.261888 -0.365523 0.114727 0.885802
784 -0.466024 -0.304904 -1.42716 0.275213 -0.367276 0.091188 0.883771
785 -0.456016 -0.297508 -1.41983 0.276292 -0.366128 0.0910592 0.883924
786 -0.436414 -0.343374 -1.42229 0.264193 -0.369877 0.0857313 0.886591
787 -0.488558 -0.309416 -1.41103 0.279227 -0.354764 0.0971709 0.886979
788 -0.465447 -0.324803 -1.43793 0.266293 -0.358224 0.0961741 0.889671
789 -0.492717 -0.362924 -1.40394 0.270812 -0.347396 0.0960727 0.892607
790 -0.500642 -0.338572 -1.40852 0.274488 -0.344051 0.0996419 0.892388
791 -0.529765 -0.31642 -1.39521 0.283541 -0.333909 0.101848 0.893161
792 -0.528773 -0.311954 -1.39816 0.28204 -0.333109 0.106628 0.893377
793 -0.524082 -0.306632 -1.38874 0.282398 -0.332444 0.101362 0.894124
794 -0.546398 -0.324164 -1.37883 0.279994 -0.325786 0.103465 0.897085
795 -0.480539 -0.286567 -1.43978 0.259769 -0.354395 0.0597261 0.896302
796 -0.481348 -0.326987 -1.41289 0.257248 -0.341938 0.0641379 0.901547
797 -0.561327 -0.31759 -1.39329 0.27163 -0.314629 0.100361 0.903965
798 -0.54318 -0.35192 -1.38317 0.256517 -0.319699 0.0906091 0.907624
799 -0.485816 -0.348472 -1.38762 0.246927 -0.329859 0.0794388 0.907695
800 -0.503097 -0.324487 -1.40386 0.244009 -0.326405 0.0643528 0.910921
801 -0.515617 -0.319986 -1.39217 0.253719 -0.321371 0.0706314 0.909593
802 -0.5522 -0.39131 -1.33373 0.254083 -0.306562 0.0827231 0.913575
803 -0.530165 -0.330146 -1.38131 0.254358 -0.310712 0.0772122 0.912578
804 -0.496038 -0.335688 -1.38286 0.241672 -0.316232 0.0642333 0.915131
805 -0.586001 -0.402359 -1.29701 0.259716 -0.28174 0.104688 0.91772
806 -0.552956 -0.330918 -1.36405 0.248995 -0.296452 0.0764593 0.918842
807 -0.557992 -0.321965 -1.35483 0.247395 -0.294285 0.0795603 0.919708
808 -0.520212 -0.345674 -1.37723 0.239095 -0.296439 0.0705619 0.921943
809 -0.542041 -0.326067 -1.35524 0.242795 -0.294975 0.0728073 0.921271
810 -0.523895 -0.335141 -1.35513 0.236517 -0.294741 0.0644206 0.9236
811 -0.547935 -0.310533 -1.33427 0.242499 -0.293053 0.0692838 0.922233
812 -0.507986 -0.324847 -1.3353 0.235535 -0.298394 0.0599494 0.922979
813 -0.516079 -0.297684 -1.35114 0.235239 -0.294766 0.0631588 0.924006
814 -0.525988 -0.299497 -1.33863 0.233169 -0.292197 0.0659773 0.925149
815 -0.543446 -0.280924 -1.3375 0.232795 -0.287265 0.0617239 0.927079
816 -0.561021 -0.322779 -1.32657 0.222842 -0.285075 0.0528896 0.93074
817 -0.48952 -0.297838 -1.32454 0.222117 -0.300437 0.0583668 0.92574
818 -0.502923 -0.320534 -1.33614 0.212824 -0.295602 0.0551266 0.92967
819 -0.492859 -0.316416 -1.32422 0.21192 -0.297855 0.0509057 0.929398
820 -0.536888 -0.293254 -1.30637 0.217867 -0.289504 0.0500481 0.930707
821 -0.54023 -0.301077 -1.31408 0.209786 -0.28703 0.0543153 0.933088
822 -0.49354 -0.300394 -1.3126 0.206078 -0.293568 0.045971 0.932328
823 -0.541423 -0.285589 -1.31926 0.205926 -0.281274 0.0498881 0.935944
824 -0.445535 -0.308841 -1.32106 0.197817 -0.295173 0.0357006 0.934059
825 -0.515968 -0.28212 -1.28302 0.207187 -0.282846 0.032632 0.935952
826 -0.526964 -0.294945 -1.28577 0.197722 -0.282614 0.0444091 0.937584
827 -0.496617 -0.280768 -1.30246 0.19238 -0.278124 0.0327291 0.940514
828 -0.534467 -0.274194 -1.27598 0.191271 -0.274859 0.0399357 0.941421
829 -0.564281 -0.266689 -1.26192 0.190479 -0.269179 0.0410146 0.943174
830 -0.585691 -0.270277 -1.2688 0.181267 -0.260399 0.0386022 0.947547
831 -0.576236 -0.262164 -1.24167 0.181079 -0.262979 0.0404692 0.946792
832 -0.553856 -0.279281 -1.24493 0.171131 -0.26668 0.0331458 0.947891
833 -0.55881 -0.25673 -1.25374 0.173182 -0.263486 0.0316128 0.948464
834 -0.561778 -0.244118 -1.23531 0.169906 -0.263005 0.0283358 0.949293
835 -0.56157 -0.286872 -1.22428 0.155247 -0.263732 0.0251854 0.951688
836 -0.535344 -0.269204 -1.22767 0.154624 -0.268875 0.0290051 0.95024
837 -0.555203 -0.250747 -1.21618 0.152768 -0.259839 0.0226 0.953224
838 -0.531024 -0.233097 -1.20389 0.152293 -0.258528 0.0118378 0.95385
839 -0.557754 -0.241117 -1.21261 0.145915 -0.252014 0.0178957 0.956492
840 -0.554714 -0.244381 -1.19547 0.144372 -0.250992 0.0170435 0.957011
841 -0.556672 -0.236404 -1.20866 0.140977 -0.250656 0.0207109 0.957532
842 -0.578961 -0.225873 -1.17626 0.143653 -0.243527 0.00668314 0.959174
843 -0.589719 -0.200175 -1.1868 0.142362 -0.239212 0.0125273 0.960392
844 -0.557766 -0.198301 -1.18791 0.136655 -0.242534 0.0136601 0.960373
845 -0.566186 -0.206552 -1.1625 0.133039 -0.23933 0.00708843 0.961754
846 -0.581746 -0.215499 -1.17624 0.126618 -0.233521 0.00940345 0.964026
847 -0.569135 -0.191524 -1.18309 0.126339 -0.233328 0.00816983 0.964121
848 -0.54583 -0.176383 -1.15571 0.126775 -0.240242 0.0130788 0.96231
849 -0.579783 -0.182251 -1.17481 0.123036 -0.225768 0.00443417 0.96637
850 -0.565589 -0.175856 -1.15209 0.123849 -0.228795 0.000591139 0.965564
851 -0.556754 -0.166015 -1.1125 0.125501 -0.232761 0.00329991 0.964397
852 -0.522342 -0.183105 -1.10538 0.115592 -0.236932 -0.00506204 0.964612
853 -0.556357 -0.183658 -1.13241 0.112496 -0.224768 -0.00497609 0.967884
854 -0.561755 -0.16745 -1.12851 0.112027 -0.223472 0.000814138 0.968251
855 -0.551625 -0.172424 -1.16858 0.108392 -0.218213 -0.00357923 0.969856
856 -0.557565 -0.154341 -1.11683 0.115449 -0.221115 0.000947923 0.96839
857 -0.571987 -0.160364 -1.11272 0.113322 -0.218645 0.00176504 0.9692
858 -0.554065 -0.157019 -1.11605 0.108149 -0.221263 0.00280564 0.969195
859 -0.570476 -0.139112 -1.10377 0.110631 -0.219794 0.00142318 0.969252
860 -0.545794 -0.154441 -1.09969 0.105059 -0.221712 -0.00170608 0.969435
861 -0.49413 -0.11464 -1.07455 0.110883 -0.23346 0.00227214 0.966021
862 -0.544539 -0.128811 -1.05193 0.106705 -0.226456 0.000982593 0.968158
863 -0.565387 -0.136586 -1.08111 0.101888 -0.215269 6.39104e-05 0.971225
864 -0.529076 -0.107724 -1.09779 0.100062 -0.220945 0.00747743 0.970111
865 -0.556158 -0.11181 -1.0737 0.100961 -0.219505 0.0113847 0.970306
866 -0.576236 -0.141072 -1.07836 0.0960363 -0.211549 0.00547245 0.972622
867 -0.567359 -0.14102 -1.07613 0.0904967 -0.213574 0.00673183 0.972703
868 -0.55451 -0.12678 -1.07772 0.092868 -0.215217 0.00346862 0.972134
869 -0.52734 -0.116192 -1.07256 0.0909346 -0.218724 0.00441005 0.97153
870 -0.538249 -0.09667 -1.08219 0.090616 -0.215133 0.00593261 0.972353
871 -0.566847 -0.0981196 -1.06869 0.0899876 -0.210066 0.00667245 0.973514
872 -0.52687 -0.117255 -1.11369 0.0819821 -0.213985 0.00232383 0.973388
873 -0.554571 -0.0965067 -1.06792 0.0872521 -0.215341 0.00693634 0.972609
874 -0.535813 -0.108243 -1.09895 0.0795195 -0.21559 0.00535905 0.973226
875 -0.51921 -0.132715 -1.09685 0.0765212 -0.218866 -0.00111113 0.972749
876 -0.541213 -0.109655 -1.06427 0.0811915 -0.218452 0.003593 0.972458
877 -0.53625 -0.124282 -1.0882 0.0775056 -0.214938 0.00061524 0.973547
878 -0.510172 -0.113065 -1.09643 0.0788158 -0.218726 -0.000360343 0.972598
879 -0.560714 -0.13535 -1.08241 0.078773 -0.209956 -0.00419134 0.974523
