0 0 0 -2.25 0 0 0 1
1 -0.00474 -0.001079 -2.25009 0.000448 -4.2e-05 0.000114 1
2 -0.002923 -0.000299 -2.25128 0.001084 -0.001396 -5.4e-05 0.999998
3 -0.005984 -0.001109 -2.24973 0.001005 -0.001096 -0.000226 0.999999
4 -0.005093 -0.000549 -2.25064 0.001332 -0.001454 -0.000306 0.999998
5 -0.005216 -0.000399 -2.25032 0.001118 -0.001554 -0.000204 0.999998
6 -0.006656 -0.000558 -2.25049 0.001128 -0.001479 -0.000137 0.999998
7 -0.008642 5.2e-05 -2.25044 0.001055 -0.001327 -0.000416 0.999998
8 -0.008738 -0.001098 -2.24988 0.000766 -0.001468 -0.000727 0.999998
9 -0.009743 -0.000218 -2.24918 0.000945 -0.001534 -0.001222 0.999998
10 -0.009758 1.2e-05 -2.25 0.000593 -0.001503 -0.001894 0.999997
11 -0.012216 0.000193 -2.24941 0.000258 -0.000632 -0.002474 0.999997
12 -0.012163 -0.000887 -2.25004 -0.000358 -0.000688 -0.002719 0.999996
13 -0.015257 -0.002007 -2.24926 -0.000188 1.5e-05 -0.002838 0.999996
14 -0.014427 -0.000196 -2.25035 0.000437 -0.000145 -0.003067 0.999995
15 -0.016513 0.001135 -2.25179 -0.000113 0.000779 -0.003337 0.999994
16 -0.018051 0.000995 -2.25079 -0.001158 0.001252 -0.003383 0.999993
17 -0.019543 0.000726 -2.25122 -0.001738 0.001751 -0.003738 0.99999
18 -0.022599 0.001976 -2.25157 -0.0021 0.002797 -0.004291 0.999985
19 -0.025554 0.001067 -2.25123 -0.00299 0.003913 -0.004476 0.999978
20 -0.031242 0.001889 -2.25169 -0.003069 0.005468 -0.004318 0.999971
21 -0.030644 0.002779 -2.25337 -0.00371 0.005996 -0.004318 0.999966
22 -0.039025 0.001301 -2.25398 -0.004766 0.008365 -0.004289 0.999944
23 -0.040166 7.2e-05 -2.25477 -0.004663 0.009342 -0.004596 0.999935
24 -0.046439 0.001613 -2.25389 -0.003786 0.011738 -0.004513 0.999914
25 -0.05209 0.002325 -2.25608 -0.004299 0.014024 -0.003962 0.999885
26 -0.056905 0.000546 -2.25637 -0.005012 0.01573 -0.003282 0.999858
27 -0.062969 0.000338 -2.25913 -0.004595 0.017887 -0.002555 0.999826
28 -0.07257 0.00113 -2.25714 -0.004353 0.020613 -0.00211 0.999776
29 -0.079016 0.000392 -2.25897 -0.004935 0.022452 -0.001778 0.999734
30 -0.085811 3.4e-05 -2.26125 -0.004815 0.024732 -0.001335 0.999682
31 -0.091345 0.000416 -2.26152 -0.004543 0.02636 -0.000698 0.999642
32 -0.119627 0.001073 -2.26185 -0.004517 0.030848 -0.000936 0.999513
33 -0.12306 0.000324 -2.26452 -0.004916 0.031721 0.000294 0.999485
34 -0.128764 -0.000534 -2.2663 -0.004549 0.0326 0.002094 0.999456
35 -0.139614 0.001518 -2.26504 -0.003844 0.034439 0.002866 0.999395
36 -0.151448 0.002061 -2.26431 -0.004527 0.037109 0.003074 0.999296
37 -0.154633 0.002713 -2.26768 -0.005096 0.038383 0.002882 0.999246
38 -0.164587 0.004365 -2.26697 -0.005785 0.041203 0.002423 0.999131
39 -0.174984 0.005486 -2.26525 -0.007193 0.044148 0.00175 0.998998
40 -0.18833 0.004019 -2.26303 -0.009001 0.047044 0.001564 0.998851
41 -0.195125 0.003559 -2.25968 -0.009539 0.047814 0.001171 0.99881
42 -0.201401 0.004272 -2.26178 -0.009861 0.049029 0.000447 0.998749
43 -0.209839 0.002222 -2.25808 -0.010574 0.050017 -0.00023 0.998692
44 -0.215813 0.001693 -2.25798 -0.009978 0.050623 -0.00081 0.998668
45 -0.218796 0.003554 -2.2583 -0.00908 0.050821 -0.00187 0.998665
46 -0.22331 0.003815 -2.2572 -0.009427 0.051471 -0.002689 0.998626
47 -0.230597 0.002726 -2.2564 -0.009576 0.052829 -0.002697 0.998554
48 -0.244921 0.003028 -2.25148 -0.008736 0.055283 -0.002236 0.99843
49 -0.243239 0.003189 -2.25449 -0.008254 0.054638 -0.001919 0.99847
50 -0.247216 0.00281 -2.2552 -0.007347 0.055303 -0.001948 0.998441
51 -0.24917 0.005181 -2.25842 -0.005907 0.055647 -0.002746 0.998429
52 -0.26226 0.006752 -2.25265 -0.005885 0.057367 -0.003743 0.998329
53 -0.264524 0.006003 -2.25295 -0.006589 0.057228 -0.004848 0.998328
54 -0.284506 0.005575 -2.24379 -0.006277 0.061082 -0.005486 0.998098
55 -0.289388 0.008266 -2.2432 -0.005491 0.061667 -0.005837 0.998065
56 -0.298727 0.008917 -2.24042 -0.006509 0.063248 -0.005199 0.997963
57 -0.312896 0.006588 -2.23472 -0.007271 0.066122 -0.003884 0.997777
58 -0.316017 0.0083 -2.23666 -0.006432 0.066546 -0.002611 0.997759
59 -0.322794 0.009781 -2.23688 -0.006981 0.068055 -0.001317 0.997656
60 -0.346589 0.009183 -2.22656 -0.007984 0.073998 0.000185 0.997226
61 -0.355235 0.010325 -2.2254 -0.008748 0.077283 0.001659 0.996969
62 -0.367811 0.009127 -2.22084 -0.010124 0.081177 0.003906 0.996641
63 -0.38162 0.009289 -2.2171 -0.010912 0.085123 0.006101 0.996292
64 -0.392313 0.00799 -2.21515 -0.0123 0.088619 0.007441 0.995962
65 -0.402592 0.005502 -2.21287 -0.013154 0.092167 0.008598 0.99562
66 -0.41374 0.005715 -2.21357 -0.012985 0.095358 0.009153 0.995316
67 -0.423303 0.005446 -2.20908 -0.013712 0.098058 0.008967 0.995046
68 -0.432248 0.003658 -2.20944 -0.014976 0.100659 0.008546 0.994772
69 -0.439427 0.003071 -2.21252 -0.015673 0.102077 0.007363 0.994626
70 -0.455541 -0.002087 -2.20959 -0.017134 0.107014 0.003803 0.994103
71 -0.465528 -0.003465 -2.20792 -0.016748 0.10994 0.002358 0.993794
72 -0.467665 -0.005133 -2.21107 -0.016556 0.111099 0.000771 0.993671
73 -0.469059 -0.008802 -2.21386 -0.016543 0.111811 -0.000615 0.993592
74 -0.467104 -0.01194 -2.22197 -0.015073 0.112808 -0.001814 0.993501
75 -0.467565 -0.012247 -2.22877 -0.012732 0.114534 -0.002867 0.993334
76 -0.465848 -0.013516 -2.23596 -0.011479 0.116147 -0.003215 0.99316
77 -0.472746 -0.016583 -2.23811 -0.010687 0.11961 -0.003003 0.992759
78 -0.476202 -0.019431 -2.24182 -0.009013 0.122384 -0.002657 0.992438
79 -0.488145 -0.018469 -2.23882 -0.006836 0.126821 -0.002164 0.9919
80 -0.496597 -0.018547 -2.23929 -0.006826 0.131189 -0.001193 0.991333
81 -0.504365 -0.020614 -2.24241 -0.007242 0.135284 0.000109 0.99078
82 -0.516893 -0.019482 -2.24216 -0.007 0.14014 0.000935 0.990107
83 -0.530484 -0.020448 -2.24177 -0.008076 0.14593 0.001651 0.989261
84 -0.54528 -0.021166 -2.23772 -0.008346 0.152424 0.002979 0.988275
85 -0.555016 -0.020044 -2.23803 -0.008611 0.156081 0.004951 0.987694
86 -0.568035 -0.020391 -2.2377 -0.009429 0.159846 0.007097 0.987071
87 -0.57736 -0.020599 -2.23755 -0.009732 0.163058 0.009179 0.986526
88 -0.584866 -0.018796 -2.23879 -0.009595 0.165614 0.011026 0.986082
89 -0.599371 -0.017544 -2.23576 -0.010614 0.16965 0.012446 0.985369
90 -0.61456 -0.019672 -2.23057 -0.012146 0.174217 0.013526 0.984539
91 -0.619332 -0.01874 -2.23397 -0.011884 0.175919 0.014186 0.984231
92 -0.626564 -0.016368 -2.2344 -0.012059 0.178374 0.014623 0.98378
93 -0.639611 -0.017697 -2.22785 -0.013195 0.181816 0.01532 0.983125
94 -0.649774 -0.017145 -2.22828 -0.013045 0.184908 0.01574 0.982543
95 -0.655324 -0.014414 -2.22637 -0.013016 0.186701 0.015834 0.982203
96 -0.66989 -0.013792 -2.2223 -0.014389 0.19069 0.016271 0.98141
97 -0.675425 -0.015202 -2.21918 -0.015606 0.192497 0.016644 0.981032
98 -0.683689 -0.014731 -2.21513 -0.015468 0.194998 0.016672 0.98054
99 -0.692303 -0.013031 -2.20911 -0.015295 0.197886 0.016425 0.979968
100 -0.695897 -0.011571 -2.20748 -0.015751 0.199078 0.015864 0.979729
101 -0.706595 -0.011131 -2.20085 -0.016256 0.202551 0.015701 0.979011
102 -0.719288 -0.009372 -2.18804 -0.016255 0.206935 0.016024 0.978088
103 -0.722085 -0.009132 -2.18626 -0.01714 0.209017 0.016892 0.977616
104 -0.72847 -0.009772 -2.18121 -0.01708 0.211844 0.017875 0.976991
105 -0.728804 -0.006481 -2.18488 -0.01623 0.212688 0.018471 0.976811
106 -0.738458 -0.005492 -2.17644 -0.017146 0.215952 0.018349 0.976081
107 -0.740251 -0.005532 -2.17536 -0.018275 0.218104 0.018845 0.975572
108 -0.748114 -0.004973 -2.16697 -0.0189 0.222335 0.019781 0.974586
109 -0.754461 -0.003654 -2.16028 -0.01978 0.225974 0.020644 0.973714
110 -0.762334 -0.004215 -2.15242 -0.021361 0.230318 0.0215 0.972643
111 -0.766561 -0.004075 -2.1482 -0.022368 0.233789 0.022435 0.971771
112 -0.777294 -0.003907 -2.13591 -0.023335 0.239105 0.02382 0.970421
113 -0.778082 -0.003897 -2.13406 -0.024862 0.241582 0.024984 0.96974
114 -0.78841 -0.006469 -2.12202 -0.026464 0.246652 0.02632 0.968385
115 -0.796106 -0.009431 -2.11157 -0.026478 0.250284 0.027265 0.967426
116 -0.801673 -0.007821 -2.10738 -0.025291 0.253781 0.027293 0.966546
117 -0.807998 -0.007391 -2.10034 -0.025737 0.257596 0.026886 0.965536
118 -0.814778 -0.008653 -2.09208 -0.026468 0.26154 0.026629 0.964462
119 -0.824143 -0.008266 -2.07431 -0.026791 0.265957 0.026053 0.96326
120 -0.825709 -0.009686 -2.07353 -0.028338 0.268077 0.025684 0.962638
121 -0.831352 -0.013827 -2.06715 -0.028717 0.27112 0.025974 0.961766
122 -0.84061 -0.01461 -2.05121 -0.026987 0.275798 0.026285 0.960477
123 -0.844993 -0.014421 -2.04619 -0.025947 0.279326 0.026894 0.959469
124 -0.849804 -0.015613 -2.03885 -0.025574 0.282689 0.027272 0.958483
125 -0.859293 -0.016556 -2.0219 -0.02519 0.287862 0.027116 0.956956
126 -0.864763 -0.016377 -2.01608 -0.025355 0.291625 0.026838 0.95582
127 -0.86874 -0.016748 -2.00938 -0.025792 0.295034 0.026964 0.954758
128 -0.877442 -0.016662 -1.99128 -0.025974 0.300056 0.02765 0.953167
129 -0.881076 -0.017233 -1.98719 -0.026503 0.303592 0.028875 0.951996
130 -0.88146 -0.016912 -1.98947 -0.02659 0.306657 0.029899 0.950979
131 -0.891712 -0.017136 -1.97037 -0.026991 0.312954 0.030636 0.94889
132 -0.9005 -0.019589 -1.95394 -0.027529 0.319986 0.031776 0.946489
133 -0.903741 -0.01997 -1.94999 -0.026865 0.324802 0.032856 0.944829
134 -0.91069 -0.020032 -1.93787 -0.02606 0.330076 0.034129 0.942977
135 -0.91594 -0.020394 -1.92865 -0.025598 0.333857 0.035646 0.941602
136 -0.921568 -0.019564 -1.92391 -0.024859 0.338302 0.03703 0.93998
137 -0.927596 -0.017524 -1.91864 -0.024882 0.343414 0.038416 0.938068
138 -0.93689 -0.018267 -1.90434 -0.02648 0.349894 0.040077 0.935557
139 -0.942325 -0.019508 -1.89881 -0.027938 0.35497 0.041368 0.933544
140 -0.951517 -0.019551 -1.8841 -0.028662 0.361234 0.042629 0.931059
141 -0.956793 -0.021813 -1.87409 -0.029784 0.365935 0.044402 0.929103
142 -0.963086 -0.023524 -1.86618 -0.029358 0.370487 0.045829 0.927242
143 -0.968635 -0.022625 -1.85944 -0.028174 0.374534 0.046611 0.925612
144 -0.974449 -0.022727 -1.84999 -0.027569 0.379089 0.047175 0.923746
145 -0.984638 -0.021962 -1.82906 -0.0272 0.38633 0.047299 0.920745
146 -0.986027 -0.021812 -1.82569 -0.027872 0.390097 0.04739 0.919131
147 -0.990384 -0.022575 -1.81464 -0.028413 0.394972 0.047643 0.917017
148 -0.994004 -0.022327 -1.80588 -0.028722 0.398886 0.047857 0.9153
149 -0.997294 -0.022769 -1.79612 -0.029581 0.402564 0.048054 0.913651
150 -1.0004 -0.024122 -1.78533 -0.030142 0.40669 0.048461 0.911782
151 -1.00403 -0.023074 -1.77679 -0.030023 0.410695 0.048957 0.909962
152 -1.00851 -0.022458 -1.76446 -0.030569 0.414741 0.050072 0.908046
153 -1.01017 -0.02158 -1.75686 -0.031297 0.418141 0.051796 0.906364
154 -1.01483 -0.022734 -1.74198 -0.032202 0.422762 0.053951 0.90406
155 -1.01706 -0.023387 -1.73116 -0.032435 0.427321 0.055923 0.901786
156 -1.02002 -0.023752 -1.71477 -0.032218 0.432238 0.057745 0.899332
157 -1.02055 -0.023124 -1.70711 -0.031956 0.436289 0.059061 0.897297
158 -1.0217 -0.024579 -1.69168 -0.032127 0.441356 0.060437 0.894718
159 -1.02154 -0.025073 -1.68104 -0.031525 0.446101 0.060716 0.892364
160 -1.02165 -0.023297 -1.6699 -0.030938 0.45119 0.06053 0.889835
161 -1.0226 -0.024611 -1.65683 -0.031461 0.456498 0.060591 0.887101
162 -1.02272 -0.025955 -1.64495 -0.031419 0.461109 0.060069 0.88475
163 -1.02373 -0.02718 -1.62699 -0.031089 0.46609 0.059218 0.882206
164 -1.02293 -0.027864 -1.61569 -0.030778 0.469943 0.057786 0.880265
165 -1.02187 -0.029798 -1.60531 -0.03061 0.472973 0.05655 0.878727
166 -1.02132 -0.029972 -1.59289 -0.029306 0.475978 0.055394 0.877222
167 -1.02128 -0.027787 -1.57845 -0.028931 0.479096 0.054721 0.875577
168 -1.02326 -0.029863 -1.56122 -0.030367 0.483242 0.055303 0.873211
169 -1.0222 -0.032676 -1.55204 -0.03096 0.486164 0.055984 0.871523
170 -1.02167 -0.03397 -1.53912 -0.030387 0.488978 0.056143 0.869957
171 -1.02204 -0.035545 -1.52511 -0.029906 0.491697 0.056194 0.868436
172 -1.02311 -0.037319 -1.5125 -0.029242 0.493853 0.056229 0.867233
173 -1.02261 -0.038213 -1.5006 -0.028347 0.495258 0.056195 0.866463
174 -1.024 -0.038598 -1.48592 -0.027801 0.496063 0.055714 0.866051
175 -1.02292 -0.03621 -1.47893 -0.027986 0.495993 0.054524 0.866161
176 -1.02165 -0.035713 -1.47166 -0.030371 0.496715 0.054074 0.865695
177 -1.02144 -0.038318 -1.45808 -0.032807 0.498765 0.054494 0.8644
178 -1.02062 -0.040742 -1.44506 -0.033827 0.500932 0.054534 0.863104
179 -1.01848 -0.041446 -1.43428 -0.03405 0.503153 0.054038 0.861834
180 -1.01878 -0.041711 -1.42035 -0.034229 0.506331 0.053702 0.859985
181 -1.02051 -0.042267 -1.40405 -0.034823 0.509262 0.053256 0.858256
182 -1.01832 -0.041891 -1.3935 -0.035526 0.511324 0.053126 0.857008
183 -1.01679 -0.042256 -1.37814 -0.036546 0.514665 0.053306 0.854952
184 -1.01695 -0.041982 -1.35995 -0.037369 0.518839 0.053636 0.852369
185 -1.01382 -0.042056 -1.35157 -0.038846 0.522742 0.054229 0.849877
186 -1.01147 -0.045661 -1.33615 -0.040046 0.52749 0.05518 0.846821
187 -1.00932 -0.048398 -1.31848 -0.039351 0.532579 0.05511 0.843667
188 -1.00704 -0.047314 -1.30376 -0.038053 0.536938 0.054368 0.841008
189 -1.00574 -0.049599 -1.28743 -0.03839 0.541697 0.054674 0.837915
190 -1.0021 -0.055725 -1.27244 -0.037804 0.546219 0.055192 0.834967
191 -1.00207 -0.056151 -1.25416 -0.03441 0.551346 0.054005 0.831815
192 -1.00236 -0.052097 -1.23795 -0.03267 0.55627 0.052983 0.828667
193 -1.00116 -0.051842 -1.22501 -0.034409 0.560916 0.053818 0.825405
194 -0.999289 -0.055478 -1.20815 -0.036845 0.565563 0.055338 0.822021
195 -0.997484 -0.058992 -1.19622 -0.037837 0.570008 0.056665 0.818809
196 -0.996347 -0.062708 -1.17943 -0.037331 0.575242 0.057808 0.815084
197 -0.994288 -0.063724 -1.16371 -0.035307 0.579784 0.058327 0.811912
198 -0.994172 -0.062209 -1.1498 -0.03366 0.584148 0.058744 0.808818
199 -0.993504 -0.062706 -1.13108 -0.033647 0.589113 0.059843 0.805129
200 -0.990686 -0.06356 -1.12069 -0.033802 0.592892 0.061046 0.802253
201 -0.988429 -0.065396 -1.1034 -0.033678 0.597292 0.062043 0.798911
202 -0.986524 -0.064871 -1.0909 -0.032708 0.600895 0.062566 0.796204
203 -0.983631 -0.063855 -1.07921 -0.032435 0.603564 0.063131 0.794149
204 -0.980287 -0.064011 -1.0657 -0.033497 0.606144 0.063643 0.792097
205 -0.975794 -0.066976 -1.05211 -0.034824 0.608575 0.064244 0.790124
206 -0.971573 -0.069111 -1.03941 -0.034857 0.610559 0.063736 0.788632
207 -0.967027 -0.070977 -1.02649 -0.034426 0.613232 0.062776 0.786651
208 -0.961382 -0.071722 -1.01539 -0.033337 0.616151 0.061155 0.784542
209 -0.956371 -0.069888 -1.00164 -0.032287 0.619899 0.059587 0.781749
210 -0.949117 -0.072843 -0.990037 -0.032823 0.62272 0.059209 0.779511
211 -0.942653 -0.07665 -0.975539 -0.031796 0.626257 0.058083 0.7768
212 -0.935603 -0.076746 -0.963221 -0.029249 0.628872 0.055802 0.774952
213 -0.927743 -0.076191 -0.952869 -0.027112 0.631127 0.054464 0.77329
214 -0.91849 -0.080587 -0.941189 -0.025882 0.633135 0.054118 0.771713
215 -0.909551 -0.083595 -0.924463 -0.022891 0.635742 0.05243 0.769779
216 -0.901028 -0.08333 -0.915195 -0.02007 0.637479 0.050314 0.768561
217 -0.890927 -0.086036 -0.904897 -0.018522 0.639815 0.049228 0.766727
218 -0.880376 -0.090862 -0.893152 -0.016736 0.642755 0.04803 0.764382
219 -0.870659 -0.091978 -0.881176 -0.013794 0.646146 0.046051 0.761698
220 -0.861382 -0.093626 -0.866719 -0.011887 0.649293 0.044701 0.759131
221 -0.850716 -0.096671 -0.857188 -0.010359 0.651747 0.043581 0.757112
222 -0.839925 -0.099618 -0.846354 -0.008679 0.654865 0.042292 0.754512
223 -0.829447 -0.102263 -0.838338 -0.006598 0.657624 0.041273 0.752186
224 -0.81912 -0.106219 -0.826895 -0.004176 0.660531 0.040842 0.749675
225 -0.807042 -0.112105 -0.818391 -0.001231 0.662164 0.040449 0.748265
226 -0.79553 -0.117912 -0.804742 0.002497 0.663726 0.039008 0.746954
227 -0.784893 -0.121957 -0.79721 0.006527 0.664469 0.036634 0.746389
228 -0.774051 -0.126072 -0.790387 0.010154 0.665164 0.033638 0.74587
229 -0.76478 -0.127117 -0.782991 0.013099 0.666125 0.029392 0.745146
230 -0.755309 -0.130082 -0.774663 0.014423 0.667231 0.025557 0.744273
231 -0.745706 -0.132946 -0.767403 0.01563 0.668177 0.021893 0.743516
232 -0.735775 -0.136681 -0.760537 0.016697 0.669513 0.01867 0.742378
233 -0.72571 -0.140046 -0.753346 0.018158 0.670898 0.01579 0.741159
234 -0.716272 -0.142771 -0.74487 0.019566 0.672118 0.013156 0.740069
235 -0.70633 -0.146985 -0.738544 0.020499 0.673005 0.01112 0.73927
236 -0.695499 -0.15298 -0.730753 0.021839 0.67398 0.009238 0.738369
237 -0.684779 -0.158245 -0.723322 0.023944 0.674927 0.006859 0.737464
238 -0.674625 -0.163041 -0.71467 0.026348 0.675986 0.004259 0.736431
239 -0.66534 -0.163916 -0.706043 0.02968 0.677213 0.001642 0.735187
240 -0.655571 -0.166541 -0.69758 0.03163 0.678522 -0.000277 0.733898
241 -0.644619 -0.172556 -0.689801 0.032455 0.680202 -0.002039 0.732303
242 -0.633314 -0.179002 -0.681703 0.034065 0.682878 -0.00456 0.729724
243 -0.623035 -0.181517 -0.673717 0.037185 0.685986 -0.007398 0.726626
244 -0.612697 -0.184402 -0.664742 0.040219 0.689108 -0.00931599 0.723481
245 -0.603219 -0.184678 -0.654769 0.043314 0.692078 -0.010777 0.720441
246 -0.593892 -0.186453 -0.646234 0.0453709 0.695227 -0.011176 0.717269
247 -0.583866 -0.188788 -0.638592 0.047714 0.698709 -0.010753 0.713732
248 -0.574189 -0.190963 -0.629574 0.04956 0.702707 -0.010496 0.709674
249 -0.564117 -0.194049 -0.62077 0.051175 0.706814 -0.010268 0.705471
250 -0.55558 -0.193164 -0.610237 0.052951 0.71077 -0.01081 0.701345
251 -0.54799 -0.19006 -0.600352 0.05351 0.71408 -0.010445 0.697938
252 -0.53825 -0.193885 -0.591456 0.052671 0.717277 -0.008385 0.694744
253 -0.527382 -0.200781 -0.582531 0.052499 0.720052 -0.006452 0.691901
254 -0.516195 -0.205666 -0.574009 0.054035 0.72223 -0.005765 0.689515
255 -0.506813 -0.205401 -0.565175 0.055843 0.724368 -0.006189 0.68712
256 -0.496493 -0.210517 -0.556333 0.0558719 0.727116 -0.00624699 0.684208
257 -0.486023 -0.214391 -0.549882 0.056745 0.730109 -0.007324 0.680931
258 -0.476051 -0.215997 -0.541605 0.0576961 0.733625 -0.00892101 0.677043
259 -0.466469 -0.215541 -0.534717 0.058366 0.73637 -0.010281 0.67398
260 -0.456956 -0.215816 -0.527448 0.058114 0.739083 -0.010902 0.671015
261 -0.446171 -0.21728 -0.521729 0.057579 0.741356 -0.011414 0.66854
262 -0.43585 -0.216944 -0.515749 0.057269 0.743375 -0.012207 0.666307
263 -0.424616 -0.218799 -0.509499 0.05686 0.744909 -0.012381 0.664624
264 -0.412613 -0.221163 -0.505126 0.056553 0.745792 -0.013144 0.663644
265 -0.401364 -0.220247 -0.501048 0.056851 0.74663 -0.014366 0.66265
266 -0.390048 -0.219692 -0.494865 0.056386 0.748081 -0.015425 0.661028
267 -0.378143 -0.219575 -0.492522 0.055725 0.749334 -0.016163 0.659645
268 -0.352765 -0.224355 -0.481967 0.0552019 0.752073 -0.017039 0.656542
269 -0.338431 -0.22811 -0.47861 0.05678 0.752492 -0.019096 0.655871
270 -0.326492 -0.226244 -0.474986 0.0592779 0.75299 -0.022332 0.654975
271 -0.313883 -0.226978 -0.470447 0.06038 0.75416 -0.024124 0.653464
272 -0.300615 -0.228193 -0.466773 0.061138 0.755311 -0.025934 0.651993
273 -0.287729 -0.228187 -0.463987 0.061373 0.756213 -0.027638 0.650854
274 -0.274265 -0.230061 -0.460178 0.060532 0.757237 -0.028977 0.649683
275 -0.260702 -0.231545 -0.45675 0.060124 0.75822 -0.030704 0.648494
276 -0.24713 -0.2333 -0.453319 0.060356 0.759027 -0.032453 0.647441
277 -0.233175 -0.235095 -0.449335 0.061097 0.759684 -0.034339 0.646505
278 -0.219172 -0.237609 -0.446086 0.061704 0.760227 -0.036201 0.645707
279 -0.20603 -0.238453 -0.443435 0.06243 0.760843 -0.037986 0.644808
280 -0.194172 -0.237497 -0.438773 0.062889 0.761926 -0.039205 0.64341
281 -0.181876 -0.238831 -0.436286 0.062531 0.762981 -0.039371 0.642184
282 -0.169312 -0.240966 -0.430819 0.0627749 0.764179 -0.04011 0.640687
283 -0.157735 -0.24205 -0.426647 0.064144 0.764577 -0.041458 0.639991
284 -0.1472 -0.242064 -0.42264 0.065222 0.764284 -0.042428 0.640169
285 -0.137693 -0.241677 -0.418534 0.065039 0.763653 -0.042571 0.64093
286 -0.128816 -0.241601 -0.414535 0.0639451 0.762816 -0.0422261 0.64206
287 -0.120294 -0.241475 -0.408061 0.062819 0.762158 -0.041791 0.642979
288 -0.111982 -0.241919 -0.40219 0.061507 0.76138 -0.040856 0.644087
289 -0.104436 -0.241003 -0.395139 0.0607049 0.760896 -0.040123 0.64478
290 -0.096403 -0.242027 -0.389377 0.0606531 0.760049 -0.039586 0.645818
291 -0.089422 -0.242301 -0.382507 0.061114 0.759494 -0.039466 0.646434
292 -0.083308 -0.241565 -0.375245 0.06119 0.759519 -0.038973 0.646427
293 -0.077627 -0.241569 -0.368256 0.0607769 0.760105 -0.0379949 0.645834
294 -0.071765 -0.241772 -0.361739 0.059857 0.761195 -0.037132 0.644688
295 -0.066879 -0.241316 -0.354181 0.058882 0.762506 -0.036224 0.643277
296 -0.061983 -0.24068 -0.346195 0.0578539 0.764159 -0.035019 0.641472
297 -0.056928 -0.240734 -0.338006 0.057334 0.765862 -0.034157 0.639533
298 -0.051921 -0.241588 -0.329696 0.0569661 0.7672 -0.0337751 0.637981
299 -0.047283 -0.241892 -0.320505 0.0565929 0.768466 -0.033557 0.636498
300 -0.043316 -0.241726 -0.310593 0.0559531 0.769649 -0.032904 0.63516
301 -0.039112 -0.24207 -0.30065 0.055224 0.770893 -0.031803 0.633769
302 -0.035215 -0.242315 -0.290407 0.054748 0.772081 -0.030408 0.632431
303 -0.031545 -0.24226 -0.279023 0.054877 0.773144 -0.029104 0.631183
304 -0.027938 -0.242244 -0.2675 0.0554839 0.773901 -0.028066 0.630246
305 -0.024673 -0.242969 -0.255977 0.0549939 0.77466 -0.026514 0.629423
306 -0.022044 -0.243114 -0.24428 0.054262 0.775711 -0.024872 0.628259
307 -0.020122 -0.242768 -0.233373 0.05332 0.777055 -0.02288 0.626753
308 -0.018462 -0.242252 -0.221442 0.052625 0.778691 -0.020617 0.624857
309 -0.016251 -0.243086 -0.210669 0.0521941 0.77987 -0.018538 0.623487
310 -0.013905 -0.242865 -0.186723 0.0535111 0.781347 -0.015686 0.621602
311 -0.013313 -0.242678 -0.175999 0.054006 0.781167 -0.014634 0.621808
312 -0.013268 -0.241563 -0.163405 0.054004 0.780868 -0.013736 0.622205
313 -0.012828 -0.241817 -0.152053 0.05345 0.779949 -0.012323 0.623435
314 -0.012643 -0.242121 -0.139816 0.053258 0.778603 -0.011712 0.625143
315 -0.012943 -0.241495 -0.128277 0.0533899 0.776626 -0.011563 0.627588
316 -0.013586 -0.241048 -0.116776 0.0534631 0.774277 -0.011587 0.630479
317 -0.014311 -0.241251 -0.106712 0.053332 0.771437 -0.011601 0.633961
318 -0.015494 -0.241475 -0.096405 0.052669 0.768471 -0.011633 0.637608
319 -0.017624 -0.240408 -0.085815 0.0524381 0.764827 -0.012252 0.641982
320 -0.01924 -0.240811 -0.076496 0.0522519 0.760454 -0.012835 0.647158
321 -0.021186 -0.239763 -0.067904 0.052264 0.755521 -0.013577 0.652895
322 -0.023155 -0.239206 -0.058799 0.051809 0.750121 -0.013976 0.65912
323 -0.024513 -0.240148 -0.049826 0.051115 0.744276 -0.014135 0.665763
324 -0.026466 -0.23989 -0.042676 0.051153 0.737863 -0.014455 0.672854
325 -0.028436 -0.240383 -0.033082 0.050775 0.730956 -0.014927 0.680369
326 -0.028965 -0.243185 -0.026812 0.0503051 0.723818 -0.01454 0.688002
327 -0.030558 -0.244098 -0.017861 0.049915 0.717038 -0.014854 0.695086
328 -0.032433 -0.24447 -0.010005 0.049891 0.710415 -0.015258 0.701846
329 -0.034147 -0.245183 -0.000306 0.0496251 0.704034 -0.015429 0.708263
330 -0.035977 -0.245755 0.008051 0.048764 0.697779 -0.014905 0.714496
331 -0.038056 -0.246078 0.017434 0.048215 0.691515 -0.014577 0.720604
332 -0.040286 -0.24603 0.025386 0.048693 0.684957 -0.014858 0.726803
333 -0.042334 -0.247052 0.034104 0.049219 0.678835 -0.01475 0.732491
334 -0.043791 -0.248995 0.041949 0.04986 0.672093 -0.014735 0.738639
335 -0.045466 -0.251427 0.049432 0.050635 0.664614 -0.015929 0.745299
336 -0.047256 -0.253069 0.055673 0.052357 0.657288 -0.017488 0.751615
337 -0.049665 -0.25307 0.061188 0.053905 0.650109 -0.019436 0.757677
338 -0.052036 -0.253461 0.066202 0.054698 0.643414 -0.020468 0.763287
339 -0.054193 -0.253912 0.070944 0.055099 0.636339 -0.021263 0.769145
340 -0.0563 -0.254274 0.076599 0.055625 0.629606 -0.021931 0.77461
341 -0.058247 -0.254545 0.081378 0.055981 0.62324 -0.021757 0.779721
342 -0.059309 -0.256207 0.086854 0.056213 0.616418 -0.02171 0.78511
343 -0.0612 -0.256078 0.092317 0.058639 0.609257 -0.022355 0.790486
344 -0.062832 -0.25597 0.09734 0.06026 0.602077 -0.023218 0.795822
345 -0.065145 -0.254611 0.101854 0.060856 0.596067 -0.023426 0.800282
346 -0.065671 -0.256852 0.107612 0.061154 0.590777 -0.023708 0.804165
347 -0.067304 -0.256544 0.113378 0.062849 0.585814 -0.024757 0.807626
348 -0.069281 -0.255126 0.122166 0.063294 0.577883 -0.024124 0.813304
349 -0.069312 -0.255818 0.126384 0.063401 0.574388 -0.024405 0.815759
350 -0.069861 -0.255429 0.13104 0.063729 0.572219 -0.024996 0.817239
351 -0.070194 -0.25448 0.135326 0.063631 0.570614 -0.024947 0.818369
352 -0.069864 -0.255012 0.140105 0.062912 0.568485 -0.024874 0.819907
353 -0.070382 -0.253593 0.144852 0.062785 0.56613 -0.024661 0.821551
354 -0.070064 -0.253485 0.149504 0.061874 0.563613 -0.024135 0.823365
355 -0.069693 -0.253987 0.155099 0.061031 0.561298 -0.024355 0.825001
356 -0.069994 -0.252619 0.160515 0.061136 0.559558 -0.024694 0.826164
357 -0.070614 -0.25084 0.165995 0.060791 0.55842 -0.024246 0.826973
358 -0.070745 -0.249582 0.17213 0.059877 0.557485 -0.023705 0.827686
359 -0.070841 -0.249454 0.17858 0.058967 0.556793 -0.022766 0.828243
360 -0.070845 -0.249677 0.185129 0.058475 0.555915 -0.022003 0.828888
361 -0.070691 -0.250579 0.192308 0.058431 0.555234 -0.022229 0.829341
362 -0.071038 -0.249911 0.199533 0.05911 0.555063 -0.022564 0.829399
363 -0.07162 -0.249033 0.206595 0.059012 0.554639 -0.022384 0.829694
364 -0.07171 -0.249906 0.214447 0.058226 0.55445 -0.022324 0.829877
365 -0.0717 -0.250839 0.221738 0.058453 0.554914 -0.022191 0.829555
366 -0.071889 -0.251341 0.229396 0.058902 0.556225 -0.02162 0.82866
367 -0.072658 -0.251073 0.236822 0.05902 0.557859 -0.020484 0.827581
368 -0.072852 -0.251466 0.244719 0.058741 0.559718 -0.019461 0.826369
369 -0.07291 -0.251189 0.25197 0.058201 0.561906 -0.018746 0.824938
370 -0.073117 -0.250691 0.259007 0.056836 0.564947 -0.017859 0.822974
371 -0.073242 -0.250493 0.266336 0.055242 0.56894 -0.016729 0.820351
372 -0.073418 -0.249796 0.273674 0.053528 0.573581 -0.015855 0.817244
373 -0.073164 -0.249368 0.280651 0.05131 0.579009 -0.014585 0.813574
374 -0.072159 -0.250671 0.288053 0.048484 0.58485 -0.013509 0.809578
375 -0.069851 -0.251736 0.301203 0.044039 0.596994 -0.013001 0.800931
376 -0.067937 -0.252888 0.307723 0.041739 0.603648 -0.013123 0.796049
377 -0.066068 -0.253331 0.313412 0.040166 0.609683 -0.013078 0.791519
378 -0.063311 -0.254403 0.318779 0.038986 0.615735 -0.012735 0.786885
379 -0.060946 -0.255386 0.323858 0.03814 0.621818 -0.012609 0.782131
380 -0.058721 -0.255788 0.328655 0.03758 0.628172 -0.012213 0.77707
381 -0.05606 -0.25676 0.33319 0.037132 0.634702 -0.011954 0.771772
382 -0.053248 -0.257402 0.337018 0.0374 0.641379 -0.012043 0.766217
383 -0.050756 -0.256953 0.339599 0.038327 0.648132 -0.012384 0.760462
384 -0.047721 -0.257575 0.341762 0.039285 0.655104 -0.013323 0.754399
385 -0.044033 -0.259667 0.343927 0.040453 0.663338 -0.01449 0.747085
386 -0.041006 -0.260908 0.344878 0.041117 0.672344 -0.014744 0.738949
387 -0.038391 -0.261019 0.345892 0.040267 0.681228 -0.015042 0.730808
388 -0.034509 -0.26409 0.34713 0.039088 0.689698 -0.015098 0.722884
389 -0.03133 -0.264421 0.348495 0.039204 0.697441 -0.016533 0.715378
390 -0.028507 -0.264192 0.348973 0.038512 0.705228 -0.016866 0.707732
391 -0.026387 -0.262663 0.349677 0.037864 0.713895 -0.016713 0.699029
392 -0.024365 -0.260794 0.350659 0.037341 0.723073 -0.016316 0.689569
393 -0.021057 -0.261194 0.351217 0.036801 0.73154 -0.015095 0.680637
394 -0.017292 -0.261415 0.351394 0.036886 0.739545 -0.014371 0.671942
395 -0.014412 -0.260576 0.351493 0.037493 0.747751 -0.013135 0.66279
396 -0.011484 -0.258677 0.350963 0.037235 0.755623 -0.01241 0.65383
397 -0.00693 -0.260297 0.349515 0.03612 0.763181 -0.011974 0.645063
398 -0.002602 -0.261268 0.350024 0.035199 0.770912 -0.012519 0.635844
399 0.001766 -0.261629 0.350673 0.035061 0.778892 -0.013217 0.626038
400 0.007309 -0.262151 0.350956 0.035169 0.786903 -0.013533 0.615925
401 0.011933 -0.261622 0.352591 0.034792 0.793933 -0.014226 0.606844
402 0.016875 -0.262043 0.351722 0.033456 0.800359 -0.014512 0.598411
403 0.022279 -0.262505 0.353272 0.031076 0.8074 -0.014752 0.589001
404 0.028154 -0.264177 0.355902 0.028738 0.815118 -0.014588 0.578398
405 0.033329 -0.265049 0.357908 0.026682 0.822988 -0.014199 0.567253
406 0.03863 -0.265622 0.360776 0.025181 0.831097 -0.012968 0.555407
407 0.045281 -0.269144 0.363392 0.023876 0.838847 -0.011684 0.543716
408 0.051451 -0.272227 0.367788 0.023314 0.846519 -0.011523 0.531725
409 0.054936 -0.270948 0.36946 0.02321 0.854491 -0.010861 0.518834
410 0.060129 -0.270792 0.375707 0.022308 0.862865 -0.00900698 0.50486
411 0.066366 -0.272166 0.382486 0.02149 0.870736 -0.007201 0.491229
412 0.07118 -0.270058 0.386035 0.021223 0.878012 -0.006337 0.478126
413 0.074329 -0.264231 0.391613 0.020961 0.884912 -0.004529 0.465265
414 0.080623 -0.264204 0.397292 0.018596 0.890957 -0.00102 0.453706
415 0.086919 -0.265756 0.398891 0.015738 0.896212 0.00137 0.443345
416 0.089137 -0.262456 0.398307 0.013616 0.901147 0.002735 0.43329
417 0.096878 -0.26545 0.403955 0.010203 0.906626 0.005098 0.42178
418 0.104282 -0.268042 0.403926 0.007506 0.911399 0.005323 0.411421
419 0.108177 -0.263493 0.404887 0.006255 0.915636 0.003664 0.401943
420 0.117011 -0.256756 0.40689 0.002877 0.92316 0.004615 0.384378
421 0.124112 -0.255638 0.406846 0.001227 0.926735 0.005474 0.375673
422 0.129796 -0.252459 0.405162 -0.000235 0.929814 0.005714 0.367984
423 0.137672 -0.25306 0.402692 -0.002324 0.932975 0.006785 0.35987
424 0.14656 -0.253032 0.401924 -0.003838 0.936044 0.006396 0.351804
425 0.152406 -0.249301 0.397413 -0.00446 0.938768 0.005418 0.344478
426 0.162156 -0.247493 0.394102 -0.00587 0.941592 0.005129 0.336666
427 0.172725 -0.246325 0.392538 -0.006611 0.944196 0.004612 0.329286
428 0.18093 -0.242484 0.385856 -0.00656 0.946391 0.003661 0.322937
429 0.190358 -0.238115 0.382459 -0.006657 0.948756 0.003549 0.31592
430 0.202365 -0.236676 0.377753 -0.006869 0.951003 0.004609 0.30907
431 0.213773 -0.235257 0.372106 -0.006806 0.952882 0.005087 0.303222
432 0.223665 -0.230547 0.363648 -0.005505 0.954796 0.005225 0.297166
433 0.236759 -0.229568 0.358394 -0.004104 0.95684 0.006986 0.290503
434 0.252589 -0.233459 0.351295 -0.002749 0.958594 0.008462 0.284638
435 0.269851 -0.239011 0.342633 -0.000968 0.960042 0.007512 0.279753
436 0.283326 -0.240181 0.334696 0.001481 0.96107 0.003295 0.276283
437 0.290907 -0.234729 0.323801 0.004807 0.961948 -0.001626 0.273184
438 0.296968 -0.226098 0.315415 0.007645 0.963048 -0.004125 0.269191
439 0.3048 -0.219177 0.307836 0.008459 0.964299 -0.003159 0.264662
440 0.318402 -0.220087 0.298812 0.007086 0.965784 0.000253 0.259251
441 0.344066 -0.224198 0.281431 0.006371 0.968559 0.002608 0.24869
442 0.354264 -0.223407 0.270648 0.006887 0.969897 0.001723 0.243411
443 0.364193 -0.220756 0.262389 0.007351 0.971277 0.000788 0.237837
444 0.374359 -0.220865 0.253405 0.006797 0.972486 0.000731 0.232862
445 0.382311 -0.217865 0.245687 0.006462 0.973657 -0.000166 0.227927
446 0.389979 -0.215934 0.238332 0.006081 0.974886 -6.1e-05 0.22262
447 0.397924 -0.214023 0.230184 0.00581 0.976337 0.000165 0.216177
448 0.40485 -0.209683 0.224565 0.006313 0.977787 0.000659 0.209505
449 0.414556 -0.209313 0.218845 0.005526 0.97912 0.002165 0.203199
450 0.424422 -0.209434 0.212299 0.004374 0.980336 0.002863 0.197267
451 0.432398 -0.205973 0.205969 0.003765 0.981418 0.002834 0.191826
452 0.442211 -0.205374 0.200259 0.003043 0.982418 0.004077 0.186627
453 0.452688 -0.204314 0.195069 0.002559 0.983276 0.004573 0.182048
454 0.461225 -0.201164 0.188514 0.002471 0.983949 0.005143 0.17836
455 0.47059 -0.198364 0.183677 0.00222 0.984662 0.006526 0.174334
456 0.482498 -0.199646 0.180829 0.001989 0.985476 0.00868 0.169582
457 0.495301 -0.202097 0.174432 0.002366 0.986297 0.009326 0.164699
458 0.503772 -0.198098 0.170628 0.005022 0.986998 0.008053 0.160453
459 0.514978 -0.19624 0.167627 0.007638 0.987826 0.008545 0.15514
460 0.526273 -0.19717 0.161971 0.009562 0.988553 0.009032 0.150301
461 0.535419 -0.195151 0.155713 0.011119 0.989264 0.008301 0.145481
462 0.543323 -0.191592 0.152798 0.011417 0.990058 0.007635 0.139985
463 0.551125 -0.187682 0.149725 0.01076 0.990967 0.008573 0.133396
464 0.563835 -0.188614 0.14697 0.009182 0.992034 0.010848 0.125167
465 0.574994 -0.187006 0.144229 0.008345 0.992955 0.011724 0.117613
466 0.585289 -0.183508 0.143632 0.008344 0.993854 0.013172 0.109592
467 0.59469 -0.18197 0.14231 0.008145 0.994644 0.015738 0.101831
468 0.604288 -0.178582 0.142181 0.007693 0.995511 0.01814 0.092576
469 0.615002 -0.177004 0.140011 0.006515 0.996255 0.02174 0.083426
470 0.625505 -0.177285 0.136905 0.005245 0.996839 0.025122 0.075183
471 0.635489 -0.177206 0.13292 0.004625 0.99734 0.02707 0.067518
472 0.641088 -0.175815 0.125394 0.004646 0.997708 0.028227 0.061318
473 0.649672 -0.173836 0.12321 0.004793 0.998136 0.029476 0.053223
474 0.659578 -0.173587 0.120561 0.004844 0.998489 0.031263 0.044932
475 0.667724 -0.173597 0.112537 0.004284 0.998718 0.032468 0.038609
476 0.680429 -0.172931 0.115673 0.003813 0.999002 0.033122 0.029739
477 0.687686 -0.170232 0.114472 0.002881 0.999156 0.033592 0.023482
478 0.697951 -0.168195 0.116364 0.001413 0.999256 0.035311 0.015448
479 0.705618 -0.169935 0.110544 4.5e-05 0.999247 0.037628 0.009493
480 0.715426 -0.169618 0.111737 -0.000574 0.999278 0.037914 0.00257
481 0.724144 -0.167419 0.110474 -0.000552 0.999267 0.038046 -0.004181
482 0.729217 -0.166939 0.105936 -0.00041 0.999199 0.039106 -0.008488
483 0.73847 -0.16999 0.101581 -0.000231 0.9991 0.040187 -0.013598
484 0.747538 -0.173031 0.099063 0.000537 0.99909 0.03861 -0.018106
485 0.75349 -0.169731 0.096204 0.001764 0.999126 0.035166 -0.022524
486 0.753131 -0.167168 0.088586 0.002848 0.999107 0.03385 -0.025135
487 0.758137 -0.166618 0.08428 0.003231 0.998923 0.033786 -0.031641
488 0.7624 -0.165787 0.075946 0.003275 0.99869 0.033583 -0.038463
489 0.768056 -0.164866 0.071441 0.00303 0.998386 0.033516 -0.045756
490 0.768615 -0.165343 0.060001 0.002251 0.998198 0.033412 -0.049784
491 0.770694 -0.164459 0.048892 0.000594 0.997975 0.032281 -0.054813
492 0.772099 -0.159667 0.04167 -0.001773 0.997702 0.030735 -0.060354
493 0.772134 -0.156654 0.031096 -0.004214 0.997355 0.031284 -0.065471
494 0.771087 -0.156811 0.023934 -0.006491 0.997116 0.032267 -0.068386
495 0.774266 -0.15372 0.017569 -0.007846 0.996799 0.031979 -0.072851
496 0.772695 -0.152506 0.006592 -0.008377 0.996545 0.032539 -0.075957
497 0.773947 -0.151324 0.000169 -0.00826 0.996156 0.032458 -0.080939
498 0.773896 -0.14987 -0.010175 -0.007752 0.995738 0.032246 -0.086059
499 0.774923 -0.148127 -0.020762 -0.007309 0.995339 0.031825 -0.090744
500 0.778366 -0.145806 -0.026804 -0.007191 0.994848 0.03174 -0.096009
501 0.780298 -0.145852 -0.039719 -0.007255 0.994385 0.032288 -0.100518
502 0.779262 -0.142618 -0.050196 -0.007234 0.994068 0.031782 -0.103761
503 0.775496 -0.140872 -0.063089 -0.007103 0.993714 0.032736 -0.106818
504 0.775453 -0.14358 -0.071955 -0.006706 0.993186 0.033805 -0.111328
505 0.775527 -0.144446 -0.08334 -0.006059 0.992748 0.032517 -0.11557
506 0.768215 -0.142031 -0.092904 -0.005002 0.992501 0.030634 -0.118228
507 0.771752 -0.140718 -0.102552 -0.003945 0.99209 0.029991 -0.121826
508 0.776288 -0.141855 -0.117409 -0.002525 0.991504 0.030272 -0.126479
509 0.779042 -0.145641 -0.129791 -0.000795 0.990968 0.029747 -0.130752
510 0.77581 -0.146236 -0.142705 0.000305 0.990525 0.027415 -0.134567
511 0.780884 -0.144743 -0.153885 0.0008 0.989708 0.025363 -0.140834
512 0.782254 -0.146109 -0.165529 0.00086 0.988987 0.024673 -0.145932
513 0.787573 -0.148226 -0.177933 0.000897 0.988165 0.023196 -0.151626
514 0.790653 -0.147453 -0.191471 0.000355 0.987358 0.020887 -0.157121
515 0.78639 -0.145022 -0.190337 -0.00015 0.986803 0.019073 -0.160801
516 0.800688 -0.145338 -0.211198 -0.000652 0.98564 0.018814 -0.167805
517 0.791691 -0.147988 -0.207074 -0.0011 0.985091 0.018199 -0.171065
518 0.784569 -0.149666 -0.206909 -0.002341 0.98458 0.016278 -0.174159
519 0.782116 -0.147523 -0.214534 -0.003787 0.983912 0.01369 -0.178089
520 0.784119 -0.143941 -0.221076 -0.005494 0.98315 0.012471 -0.182289
521 0.77369 -0.142751 -0.215346 -0.007081 0.982764 0.012902 -0.184275
522 0.790519 -0.143017 -0.236923 -0.008565 0.981365 0.013921 -0.191456
523 0.790152 -0.142296 -0.241951 -0.009708 0.980511 0.01393 -0.19573
524 0.797955 -0.138763 -0.254983 -0.010599 0.979386 0.01429 -0.201215
525 0.799077 -0.13928 -0.264081 -0.010914 0.978343 0.015873 -0.20609
526 0.801825 -0.138659 -0.268895 -0.011247 0.977313 0.01612 -0.210885
527 0.814956 -0.136675 -0.289484 -0.012024 0.97564 0.016652 -0.218413
528 0.811538 -0.136954 -0.29122 -0.012696 0.974744 0.017579 -0.222269
529 0.819664 -0.135701 -0.306428 -0.013409 0.973271 0.018045 -0.228558
530 0.820109 -0.134348 -0.314497 -0.013891 0.972144 0.018685 -0.233223
531 0.81859 -0.133266 -0.319636 -0.014178 0.971398 0.019342 -0.236243
532 0.826052 -0.131703 -0.334907 -0.014084 0.969936 0.020232 -0.24211
533 0.831449 -0.133759 -0.349821 -0.013871 0.96865 0.021271 -0.247128
534 0.828956 -0.132867 -0.353743 -0.013902 0.967711 0.020734 -0.250823
535 0.836882 -0.131353 -0.370759 -0.013946 0.966137 0.020833 -0.25681
536 0.836924 -0.13116 -0.379084 -0.013765 0.965034 0.021115 -0.260909
537 0.835061 -0.130707 -0.38691 -0.013827 0.963994 0.021278 -0.264712
538 0.83797 -0.131843 -0.40132 -0.014332 0.962693 0.021832 -0.269331
539 0.83885 -0.13373 -0.410722 -0.01469 0.961577 0.021469 -0.273299
540 0.84126 -0.131606 -0.423827 -0.015278 0.960522 0.02021 -0.277048
541 0.842254 -0.128994 -0.429134 -0.016058 0.959402 0.020387 -0.280845
542 0.842793 -0.129811 -0.439238 -0.017564 0.958461 0.021908 -0.283839
543 0.845405 -0.128418 -0.451087 -0.019298 0.957491 0.022985 -0.286897
544 0.846718 -0.129166 -0.457593 -0.020717 0.956647 0.024977 -0.289435
545 0.848788 -0.130743 -0.469484 -0.021815 0.955732 0.026327 -0.292247
546 0.84566 -0.130861 -0.473 -0.022737 0.955028 0.026576 -0.294446
547 0.84675 -0.130209 -0.479534 -0.023333 0.954002 0.027018 -0.297667
548 0.84621 -0.132536 -0.486197 -0.023214 0.953046 0.027469 -0.300682
549 0.846598 -0.132524 -0.494112 -0.0231 0.952 0.026773 -0.30405
550 0.84967 -0.133882 -0.502181 -0.023149 0.950662 0.026519 -0.308224
551 0.848281 -0.133681 -0.504714 -0.022927 0.94954 0.025415 -0.311772
552 0.848883 -0.132038 -0.511777 -0.022624 0.948134 0.024848 -0.316089
553 0.849317 -0.134846 -0.519645 -0.021553 0.946799 0.025282 -0.320107
554 0.849196 -0.137323 -0.528254 -0.020693 0.945658 0.024152 -0.323605
555 0.848473 -0.134611 -0.532304 -0.02038 0.944724 0.021805 -0.326504
556 0.84658 -0.131999 -0.538336 -0.01966 0.943637 0.021574 -0.329693
557 0.845935 -0.134537 -0.543574 -0.018648 0.942242 0.022504 -0.333655
558 0.84466 -0.134535 -0.546801 -0.017679 0.940879 0.02181 -0.337579
559 0.847756 -0.133643 -0.554963 -0.016823 0.939054 0.021214 -0.342703
560 0.846307 -0.134852 -0.558039 -0.016378 0.937615 0.020927 -0.346658
561 0.848148 -0.134879 -0.567242 -0.016453 0.935819 0.019977 -0.35153
562 0.848492 -0.132817 -0.57306 -0.016569 0.934136 0.018841 -0.356034
563 0.851778 -0.130274 -0.584517 -0.016503 0.931812 0.018726 -0.362083
564 0.852486 -0.129412 -0.591151 -0.01632 0.929575 0.019466 -0.367757
565 0.853869 -0.12893 -0.597516 -0.016378 0.927387 0.020018 -0.373208
566 0.856158 -0.126768 -0.606329 -0.016606 0.925179 0.020292 -0.378624
567 0.858139 -0.125125 -0.616779 -0.016321 0.923073 0.021198 -0.383692
568 0.856973 -0.127641 -0.626588 -0.015822 0.921207 0.02226 -0.388114
569 0.855701 -0.128898 -0.635074 -0.016629 0.919538 0.021507 -0.392061
570 0.855648 -0.124685 -0.643662 -0.018342 0.917728 0.020131 -0.396274
571 0.855054 -0.123992 -0.653057 -0.019572 0.915849 0.021154 -0.400487
572 0.852346 -0.125329 -0.659956 -0.020688 0.914466 0.021412 -0.403565
573 0.851101 -0.122205 -0.66957 -0.021864 0.913146 0.02065 -0.406522
574 0.850276 -0.118713 -0.676818 -0.022755 0.911799 0.021473 -0.409443
575 0.848754 -0.120339 -0.686288 -0.022961 0.910246 0.023212 -0.412778
576 0.847854 -0.119656 -0.695817 -0.023449 0.90867 0.023221 -0.416208
577 0.847292 -0.116893 -0.704976 -0.024036 0.907064 0.023401 -0.419654
578 0.84673 -0.115809 -0.715287 -0.023938 0.905733 0.02418 -0.422481
579 0.845208 -0.115996 -0.724656 -0.023585 0.90477 0.024556 -0.424537
580 0.843823 -0.113822 -0.735742 -0.023186 0.903789 0.024144 -0.426668
581 0.843602 -0.110559 -0.745092 -0.022628 0.902527 0.024539 -0.429337
582 0.841621 -0.110924 -0.756422 -0.021725 0.900935 0.026165 -0.432619
583 0.840288 -0.11016 -0.76777 -0.021115 0.899249 0.026893 -0.436099
584 0.839876 -0.106897 -0.778833 -0.020345 0.897426 0.027815 -0.439817
585 0.838495 -0.106233 -0.788488 -0.018702 0.895385 0.029876 -0.443897
586 0.835754 -0.108383 -0.815868 -0.014366 0.890819 0.032219 -0.452987
587 0.833847 -0.109809 -0.825732 -0.012135 0.888963 0.031766 -0.456716
588 0.831501 -0.111465 -0.837264 -0.010178 0.887572 0.030532 -0.459544
589 0.830292 -0.109071 -0.848604 -0.009162 0.886039 0.028518 -0.462643
590 0.829113 -0.106656 -0.862466 -0.008457 0.884124 0.028211 -0.466324
591 0.827278 -0.106601 -0.874933 -0.007911 0.881867 0.029088 -0.470533
592 0.825758 -0.106436 -0.886819 -0.007823 0.879619 0.029978 -0.474668
593 0.82315 -0.105433 -0.895954 -0.008216 0.877765 0.031127 -0.478009
594 0.821331 -0.106798 -0.908895 -0.008179 0.875581 0.032607 -0.481901
595 0.818547 -0.108524 -0.919391 -0.008112 0.87363 0.03289 -0.48541
596 0.816836 -0.108369 -0.933021 -0.007896 0.871439 0.032309 -0.489376
597 0.813755 -0.110445 -0.943186 -0.007462 0.869663 0.031942 -0.492556
598 0.811666 -0.11051 -0.954481 -0.008054 0.86795 0.030767 -0.495633
599 0.808644 -0.110636 -0.964802 -0.009318 0.866422 0.030251 -0.498308
600 0.806618 -0.110611 -0.97739 0.01089 -0.864739 -0.030056 0.501203
601 0.803174 -0.110937 -0.986351 0.012255 -0.863231 -0.0301689 0.503753
602 0.799847 -0.111564 -0.994576 0.013509 -0.861836 -0.030179 0.506106
603 0.796969 -0.11062 -1.00328 0.014527 -0.860206 -0.02983 0.508866
604 0.794506 -0.108107 -1.01095 0.015084 -0.85874 -0.029561 0.511336
605 0.792312 -0.107492 -1.02371 0.014624 -0.85707 -0.02998 0.514117
606 0.78921 -0.109008 -1.03241 0.014359 -0.855788 -0.030349 0.516236
607 0.787555 -0.106205 -1.04149 0.015099 -0.854335 -0.029498 0.518665
608 0.785511 -0.102262 -1.04971 0.015463 -0.852464 -0.0297499 0.521706
609 0.784104 -0.101447 -1.06332 0.01456 -0.850221 -0.0310889 0.525302
610 0.781165 -0.101903 -1.07247 0.013191 -0.848337 -0.031768 0.52834
611 0.779005 -0.09985 -1.07992 0.011906 -0.846869 -0.031268 0.530746
612 0.777122 -0.097545 -1.09294 0.01003 -0.845256 -0.0311229 0.533357
613 0.775738 -0.096152 -1.10134 0.008304 -0.843705 -0.031517 0.535817
614 0.774232 -0.093348 -1.11236 0.00723098 -0.841867 -0.0320789 0.538679
615 0.772287 -0.091794 -1.1232 0.00612599 -0.839612 -0.03345 0.54212
616 0.771141 -0.089919 -1.13606 0.005018 -0.836985 -0.034955 0.546085
617 0.769946 -0.089114 -1.15133 0.003789 -0.833931 -0.036652 0.550636
618 0.767032 -0.08995 -1.16027 0.002343 -0.83084 -0.037717 0.555227
619 0.765324 -0.089376 -1.17061 0.001132 -0.828049 -0.037826 0.559379
620 0.763366 -0.087422 -1.18139 6.1e-05 -0.825447 -0.038074 0.563194
621 0.761028 -0.087977 -1.19209 -0.000950999 -0.822437 -0.039074 0.56751
622 0.758035 -0.088793 -1.20322 -0.001192 -0.819548 -0.039459 0.571649
623 0.755226 -0.087129 -1.21314 -0.000793 -0.816667 -0.039487 0.575756
624 0.753265 -0.084995 -1.22255 -0.000613999 -0.813582 -0.0399719 0.580073
625 0.750428 -0.084801 -1.23266 -0.001544 -0.809739 -0.040916 0.585359
626 0.74661 -0.086587 -1.24231 -0.00312101 -0.805853 -0.0411531 0.590677
627 0.743991 -0.085824 -1.24862 -0.003962 -0.802279 -0.040239 0.595578
628 0.740078 -0.08566 -1.25813 -0.00507599 -0.798193 -0.0398149 0.601062
629 0.736068 -0.086656 -1.26664 -0.006405 -0.79399 -0.039009 0.606644
630 0.732294 -0.085503 -1.27243 -0.007368 -0.790329 -0.03772 0.611476
631 0.728242 -0.086458 -1.28294 -0.00865601 -0.786081 -0.037087 0.61695
632 0.723025 -0.087995 -1.29078 -0.00939101 -0.782467 -0.036024 0.621579
633 0.718967 -0.087892 -1.29629 -0.009326 -0.77932 -0.034319 0.625616
634 0.715505 -0.086268 -1.30542 -0.008935 -0.775453 -0.032901 0.630484
635 0.711003 -0.086605 -1.31247 -0.00876099 -0.771747 -0.03245 0.63504
636 0.707651 -0.084951 -1.32039 -0.007502 -0.767985 -0.031745 0.639637
637 0.702501 -0.082878 -1.3261 -0.00660401 -0.764357 -0.031853 0.643973
638 0.698357 -0.081635 -1.33197 -0.006025 -0.761118 -0.032317 0.64778
639 0.693285 -0.080512 -1.33846 -0.005667 -0.758147 -0.032798 0.651233
640 0.687886 -0.079289 -1.34335 -0.00554101 -0.755676 -0.033316 0.654075
641 0.683199 -0.077596 -1.34994 -0.005803 -0.752933 -0.03363 0.657212
642 0.677498 -0.076592 -1.35484 -0.006157 -0.750621 -0.033724 0.659843
643 0.672506 -0.074559 -1.36107 -0.006435 -0.7481 -0.03347 0.66271
644 0.666083 -0.073016 -1.36487 -0.006947 -0.746113 -0.033472 0.664941
645 0.658732 -0.073393 -1.37055 -0.00788701 -0.743943 -0.033405 0.667362
646 0.651997 -0.07268 -1.37489 -0.008401 -0.741897 -0.0323 0.669683
647 0.644827 -0.069967 -1.37962 -0.00858499 -0.739945 -0.031139 0.671891
648 0.630786 -0.06294 -1.3884 -0.01072 -0.735337 -0.0318 0.67687
649 0.61332 -0.062963 -1.39847 -0.014894 -0.730382 -0.033267 0.682066
650 0.603922 -0.063729 -1.40411 -0.016716 -0.727531 -0.033241 0.685066
651 0.593633 -0.066825 -1.40842 -0.018032 -0.725026 -0.032356 0.687725
652 0.583319 -0.066541 -1.41189 -0.017615 -0.722645 -0.030273 0.690331
653 0.573826 -0.064287 -1.4176 -0.016395 -0.719663 -0.029638 0.693497
654 0.563019 -0.064773 -1.42173 -0.015552 -0.716541 -0.030831 0.69669
655 0.552423 -0.065049 -1.42532 -0.014333 -0.713455 -0.032111 0.699818
656 0.541173 -0.066375 -1.42989 -0.013499 -0.71037 -0.033607 0.702896
657 0.529387 -0.069081 -1.43306 -0.012546 -0.707432 -0.034483 0.705828
658 0.518554 -0.070198 -1.43664 -0.011027 -0.704285 -0.034123 0.709011
659 0.506475 -0.072634 -1.44056 -0.009816 -0.701489 -0.033748 0.711813
660 0.494616 -0.07593 -1.44208 -0.008234 -0.699152 -0.032515 0.714186
661 0.483915 -0.075446 -1.44553 -0.005912 -0.696673 -0.0298 0.716745
662 0.47372 -0.072482 -1.45115 -0.004178 -0.693432 -0.02779 0.719974
663 0.463143 -0.073008 -1.45405 -0.004085 -0.690445 -0.027379 0.722855
664 0.452021 -0.075155 -1.45761 -0.004267 -0.687806 -0.026632 0.725393
665 0.441361 -0.078032 -1.45909 -0.004435 -0.685973 -0.024925 0.727186
666 0.430298 -0.082128 -1.46227 -0.004364 -0.684058 -0.022045 0.729081
667 0.419321 -0.083475 -1.46514 -0.003114 -0.682148 -0.018112 0.730983
668 0.409676 -0.083101 -1.4681 -0.001922 -0.68004 -0.014621 0.733027
669 0.400131 -0.083358 -1.47188 -0.001224 -0.67802 -0.012594 0.734935
670 0.39052 -0.085954 -1.47595 -0.000352 -0.675726 -0.011891 0.737057
671 0.381567 -0.086451 -1.47961 0.001361 -0.673068 -0.011331 0.739493
672 0.372751 -0.087507 -1.48338 0.002349 -0.66987 -0.011179 0.742391
673 0.364056 -0.089424 -1.48614 0.00286 -0.666461 -0.011126 0.745452
674 0.354915 -0.093681 -1.48963 0.003082 -0.662985 -0.010514 0.748553
675 0.346191 -0.096768 -1.49141 0.004166 -0.660276 -0.008428 0.750964
676 0.337977 -0.098676 -1.49464 0.005535 -0.657621 -0.00611 0.753304
677 0.329086 -0.100692 -1.49849 0.00702 -0.654975 -0.003921 0.755608
678 0.321265 -0.100549 -1.50332 0.008948 -0.652094 -0.002487 0.758081
679 0.313223 -0.101825 -1.50678 0.00992601 -0.648919 -0.002222 0.76079
680 0.305 -0.105392 -1.51088 0.010526 -0.645508 -0.001955 0.763678
681 0.297052 -0.108139 -1.51524 0.011742 -0.642374 -0.000719 0.766301
682 0.28874 -0.109246 -1.51948 0.013157 -0.63945 0.001056 0.76872
683 0.281013 -0.110012 -1.52494 0.014435 -0.636475 0.002296 0.771159
684 0.27246 -0.113548 -1.53036 0.014819 -0.633268 0.003058 0.773785
685 0.264306 -0.117024 -1.53597 0.016006 -0.629823 0.00494 0.776558
686 0.255974 -0.118701 -1.54138 0.018157 -0.626132 0.007485 0.77947
687 0.247641 -0.120357 -1.54698 0.020256 -0.621825 0.009567 0.782836
688 0.239785 -0.121773 -1.55369 0.02247 -0.617236 0.010866 0.786382
689 0.230936 -0.126078 -1.55986 0.024154 -0.612606 0.012137 0.789926
690 0.222253 -0.129734 -1.56625 0.026184 -0.607875 0.014484 0.793469
691 0.214421 -0.1302 -1.57347 0.028067 -0.603242 0.017687 0.796868
692 0.206984 -0.129465 -1.5816 0.028999 -0.598407 0.020061 0.800416
693 0.199959 -0.128661 -1.58891 0.028884 -0.593384 0.021244 0.80412
694 0.192268 -0.130977 -1.59634 0.027312 -0.587726 0.021804 0.808305
695 0.184245 -0.134263 -1.60338 0.025648 -0.581653 0.02263 0.812718
696 0.175335 -0.138659 -1.60987 0.02422 -0.575874 0.024038 0.816826
697 0.167044 -0.142645 -1.61601 0.023867 -0.570824 0.026159 0.820308
698 0.158409 -0.14574 -1.62279 0.024421 -0.566003 0.028601 0.823545
699 0.150267 -0.148026 -1.62893 0.025196 -0.560973 0.031195 0.826862
700 0.142313 -0.149222 -1.63516 0.026031 -0.555635 0.033516 0.830343
701 0.135176 -0.150269 -1.63993 0.025981 -0.550439 0.035349 0.833722
702 0.12637 -0.156456 -1.64433 0.025535 -0.545688 0.037051 0.836779
703 0.117989 -0.160672 -1.64866 0.027175 -0.541578 0.039843 0.839266
704 0.110761 -0.160619 -1.65275 0.029228 -0.537531 0.04247 0.841666
705 0.102988 -0.164116 -1.6567 0.030106 -0.533029 0.04385 0.844423
706 0.094751 -0.168443 -1.65974 0.031695 -0.528335 0.04457 0.847273
707 0.088498 -0.16576 -1.66288 0.033967 -0.523302 0.044863 0.850287
708 0.081715 -0.166928 -1.66636 0.032591 -0.518174 0.044126 0.853514
709 0.073203 -0.174825 -1.66826 0.031482 -0.514776 0.043853 0.855623
710 0.065317 -0.177272 -1.67073 0.033624 -0.511929 0.044638 0.857208
711 0.060343 -0.173881 -1.67158 0.034735 -0.509346 0.043786 0.858745
712 0.052016 -0.181329 -1.6722 0.033061 -0.506255 0.041133 0.860768
713 0.043253 -0.188156 -1.67262 0.034596 -0.503525 0.040704 0.862328
714 0.036523 -0.189926 -1.67055 0.037767 -0.5018 0.041998 0.863138
715 0.030089 -0.191535 -1.66782 0.039801 -0.50044 0.042856 0.863793
716 0.022733 -0.196214 -1.66498 0.041414 -0.498517 0.043253 0.864809
717 0.015003 -0.199433 -1.66297 0.044246 -0.496029 0.044315 0.866045
718 0.007558 -0.201793 -1.65924 0.047214 -0.493894 0.045254 0.867059
719 0.000685 -0.202672 -1.6546 0.049436 -0.491697 0.045611 0.868165
720 -0.007133 -0.205092 -1.65031 0.051198 -0.489353 0.045527 0.86939
721 -0.014771 -0.206352 -1.64487 0.052638 -0.487231 0.045611 0.870491
722 -0.023018 -0.208722 -1.63962 0.053223 -0.484943 0.045522 0.871737
723 -0.031614 -0.211392 -1.63392 0.054319 -0.482752 0.046348 0.872841
724 -0.039698 -0.212752 -1.62791 0.057195 -0.481269 0.048071 0.873383
725 -0.04886 -0.214872 -1.62198 0.060159 -0.479931 0.049701 0.873829
726 -0.057632 -0.217262 -1.61538 0.062696 -0.478592 0.051314 0.874292
727 -0.066371 -0.219903 -1.60835 0.064194 -0.476851 0.05246 0.875066
728 -0.075013 -0.221113 -1.60157 0.064636 -0.474101 0.053129 0.876486
729 -0.084285 -0.223723 -1.5952 0.064587 -0.47061 0.053507 0.878346
730 -0.09432 -0.227962 -1.58864 0.065321 -0.466342 0.054012 0.880535
731 -0.103935 -0.231243 -1.58056 0.06746 -0.462043 0.054321 0.882618
732 -0.113074 -0.234914 -1.57153 0.069435 -0.458111 0.053806 0.884544
733 -0.121942 -0.238415 -1.56301 0.071989 -0.454131 0.052975 0.88644
734 -0.130558 -0.242726 -1.5541 0.074438 -0.449838 0.052178 0.888472
735 -0.138833 -0.246027 -1.54558 0.07705 -0.445209 0.05177 0.890602
736 -0.147318 -0.249608 -1.53697 0.08107 -0.440875 0.052781 0.89234
737 -0.155097 -0.252599 -1.52819 0.0858571 -0.437266 0.05518 0.893522
738 -0.162148 -0.25526 -1.51965 0.090077 -0.434474 0.057862 0.894299
739 -0.169306 -0.259612 -1.51108 0.095517 -0.432516 0.060788 0.894489
740 -0.1755 -0.263253 -1.50208 0.101651 -0.430796 0.063427 0.89446
741 -0.180336 -0.264325 -1.49386 0.106305 -0.429011 0.06459 0.894694
742 -0.185283 -0.266306 -1.48685 0.109372 -0.427238 0.064178 0.895202
743 -0.190464 -0.269007 -1.48041 0.112503 -0.425703 0.063234 0.895612
744 -0.195255 -0.270878 -1.4741 0.11597 -0.424316 0.062656 0.895869
745 -0.20049 -0.273979 -1.46834 0.120546 -0.42303 0.062826 0.895861
746 -0.205503 -0.27752 -1.46242 0.12627 -0.421752 0.063625 0.895619
747 -0.209752 -0.280431 -1.45672 0.131688 -0.420303 0.064297 0.895472
748 -0.213825 -0.283231 -1.45148 0.137173 -0.418753 0.065046 0.89532
749 -0.217605 -0.285382 -1.44679 0.142539 -0.417376 0.065802 0.89507
750 -0.221163 -0.288063 -1.44245 0.147127 -0.41611 0.066589 0.894859
751 -0.224876 -0.290003 -1.43876 0.151866 -0.414964 0.067712 0.894515
752 -0.228469 -0.292094 -1.43519 0.156257 -0.413928 0.069517 0.8941
753 -0.232517 -0.293524 -1.43188 0.160671 -0.413194 0.071758 0.89348
754 -0.236773 -0.296274 -1.42826 0.164728 -0.41293 0.073977 0.892682
755 -0.241597 -0.299354 -1.42524 0.168467 -0.412609 0.075392 0.892014
756 -0.24647 -0.301109 -1.4217 0.172399 -0.412352 0.076961 0.891247
757 -0.251984 -0.30413 -1.41816 0.177225 -0.412138 0.0795641 0.89017
758 -0.258349 -0.308969 -1.41511 0.183026 -0.412089 0.081888 0.888807
759 -0.264708 -0.312431 -1.41235 0.188568 -0.412062 0.083955 0.887468
760 -0.271486 -0.31607 -1.4101 0.193391 -0.412152 0.0853019 0.886259
761 -0.278784 -0.32007 -1.40788 0.19774 -0.412167 0.086396 0.885185
762 -0.286521 -0.32389 -1.4057 0.201766 -0.411922 0.087578 0.884274
763 -0.294238 -0.327897 -1.40349 0.205598 -0.411563 0.088457 0.883471
764 -0.301998 -0.331438 -1.40118 0.209094 -0.410902 0.089566 0.882846
765 -0.310469 -0.335461 -1.39931 0.212484 -0.409892 0.090602 0.8824
766 -0.318774 -0.339088 -1.39725 0.215677 -0.408634 0.091968 0.882068
767 -0.32713 -0.343333 -1.39511 0.218932 -0.407358 0.093249 0.881722
768 -0.335536 -0.347613 -1.39297 0.22246 -0.405984 0.094039 0.881388
769 -0.343994 -0.3514 -1.39127 0.225589 -0.404293 0.094617 0.881308
770 -0.352311 -0.353929 -1.38954 0.228165 -0.402453 0.095489 0.881393
771 -0.36079 -0.356999 -1.38774 0.230768 -0.400572 0.0964899 0.881463
772 -0.368835 -0.359414 -1.38568 0.23311 -0.39879 0.09806 0.881482
773 -0.377198 -0.360935 -1.38419 0.235009 -0.397316 0.099819 0.881446
774 -0.385771 -0.362875 -1.38268 0.237593 -0.396301 0.101749 0.880989
775 -0.39422 -0.366077 -1.38136 0.240921 -0.395315 0.103875 0.88028
776 -0.402516 -0.36941 -1.38021 0.244272 -0.394176 0.10517 0.879713
777 -0.41041 -0.37164 -1.37866 0.247021 -0.392797 0.106158 0.879444
778 -0.418072 -0.374243 -1.37721 0.249469 -0.390995 0.107194 0.87943
779 -0.425833 -0.376628 -1.3763 0.251592 -0.388767 0.108084 0.879704
780 -0.433049 -0.377958 -1.37511 0.253049 -0.386405 0.108532 0.880272
781 -0.440239 -0.379637 -1.37374 0.254345 -0.383821 0.108818 0.880993
782 -0.446898 -0.380872 -1.37242 0.256535 -0.380997 0.109021 0.881559
783 -0.453262 -0.381485 -1.37127 0.258318 -0.377894 0.108746 0.882407
784 -0.45961 -0.3824 -1.37002 0.259901 -0.374558 0.108001 0.883455
785 -0.465404 -0.384352 -1.36889 0.261457 -0.371094 0.107293 0.884544
786 -0.470549 -0.385247 -1.36725 0.262984 -0.367371 0.106308 0.885763
787 -0.475852 -0.385292 -1.36616 0.263588 -0.363193 0.105288 0.887427
788 -0.480943 -0.385475 -1.36472 0.264279 -0.35891 0.104696 0.889033
789 -0.485738 -0.385731 -1.36354 0.265233 -0.354673 0.104781 0.890438
790 -0.489928 -0.385364 -1.36214 0.266502 -0.350775 0.104771 0.891603
791 -0.493753 -0.384582 -1.36092 0.267295 -0.346951 0.104036 0.892947
792 -0.497051 -0.383479 -1.35957 0.267286 -0.34336 0.102556 0.894508
793 -0.500268 -0.382463 -1.35829 0.266668 -0.340026 0.100527 0.896195
794 -0.503361 -0.381376 -1.35665 0.266102 -0.337065 0.097966 0.897764
795 -0.505715 -0.380259 -1.35505 0.264259 -0.334219 0.095307 0.899656
796 -0.50854 -0.378767 -1.35384 0.261794 -0.331038 0.092726 0.90182
797 -0.511137 -0.376969 -1.3525 0.258966 -0.327951 0.090646 0.903973
798 -0.513437 -0.374994 -1.35102 0.25615 -0.325347 0.088738 0.905904
799 -0.515398 -0.373302 -1.34904 0.253625 -0.323379 0.086469 0.907537
800 -0.517435 -0.371228 -1.34723 0.252168 -0.321498 0.084709 0.908776
801 -0.518257 -0.370908 -1.34467 0.251728 -0.319907 0.082544 0.909659
802 -0.519318 -0.370148 -1.34264 0.251516 -0.317715 0.080049 0.910708
803 -0.520303 -0.368462 -1.34046 0.250889 -0.315095 0.077578 0.912004
804 -0.521528 -0.366899 -1.33875 0.249435 -0.31218 0.075073 0.913614
805 -0.522098 -0.363833 -1.33677 0.24771 -0.309457 0.07252 0.915214
806 -0.523213 -0.36143 -1.33451 0.245857 -0.306757 0.070483 0.916781
807 -0.523431 -0.357736 -1.33211 0.243863 -0.304587 0.068708 0.91817
808 -0.524154 -0.355379 -1.32999 0.241259 -0.302513 0.066857 0.919679
809 -0.525186 -0.35158 -1.32794 0.238804 -0.300825 0.065858 0.920945
810 -0.52591 -0.348068 -1.32572 0.236708 -0.299945 0.064801 0.921848
811 -0.526081 -0.345532 -1.3227 0.234765 -0.299509 0.063596 0.92257
812 -0.526639 -0.342696 -1.31987 0.232732 -0.298792 0.062363 0.923401
813 -0.527394 -0.339719 -1.31714 0.230106 -0.297729 0.061516 0.924459
814 -0.52758 -0.335448 -1.31382 0.227014 -0.296866 0.060609 0.92556
815 -0.528308 -0.332047 -1.31095 0.223463 -0.29598 0.060076 0.926742
816 -0.528872 -0.328431 -1.30728 0.220462 -0.295633 0.059842 0.927586
817 -0.529039 -0.326502 -1.30302 0.217884 -0.295676 0.059219 0.928222
818 -0.529606 -0.324102 -1.29875 0.215594 -0.295488 0.058475 0.928863
819 -0.529018 -0.32214 -1.2932 0.213652 -0.295558 0.056878 0.929389
820 -0.529238 -0.319573 -1.28829 0.212013 -0.294775 0.054027 0.930182
821 -0.52978 -0.317581 -1.28328 0.208978 -0.292966 0.051959 0.931558
822 -0.530129 -0.316704 -1.27745 0.206102 -0.291145 0.050341 0.932857
823 -0.53045 -0.314335 -1.27149 0.204657 -0.28935 0.048081 0.933852
824 -0.530924 -0.313062 -1.2654 0.203349 -0.287425 0.046139 0.93483
825 -0.531502 -0.30991 -1.25957 0.202243 -0.285689 0.043622 0.935723
826 -0.531765 -0.306154 -1.254 0.199273 -0.283744 0.040548 0.937089
827 -0.53247 -0.30298 -1.24785 0.195052 -0.281301 0.037766 0.938828
828 -0.533048 -0.299608 -1.24201 0.190232 -0.278781 0.035281 0.940664
829 -0.532885 -0.294679 -1.23527 0.185333 -0.276613 0.032673 0.942374
830 -0.533545 -0.290642 -1.22888 0.180301 -0.274618 0.030553 0.944004
831 -0.534472 -0.287313 -1.22211 0.17631 -0.273258 0.02901 0.9452
832 -0.535224 -0.282245 -1.21562 0.173272 -0.272505 0.027388 0.946027
833 -0.536539 -0.279627 -1.20949 0.169209 -0.271581 0.025513 0.94708
834 -0.537303 -0.276079 -1.20288 0.165026 -0.270302 0.023456 0.948237
835 -0.538452 -0.273541 -1.19655 0.16109 -0.268819 0.020994 0.949392
836 -0.538813 -0.268733 -1.19057 0.156942 -0.266867 0.017816 0.950702
837 -0.539283 -0.266305 -1.18418 0.152259 -0.263862 0.014537 0.952356
838 -0.541495 -0.263846 -1.17964 0.14844 -0.260179 0.011736 0.95401
839 -0.542914 -0.261847 -1.1743 0.145268 -0.257139 0.010228 0.955339
840 -0.544346 -0.259729 -1.16928 0.142859 -0.254852 0.009217 0.956325
841 -0.545372 -0.25637 -1.16408 0.140005 -0.253227 0.008 0.957189
842 -0.546119 -0.251492 -1.15927 0.136853 -0.251517 0.006242 0.958108
843 -0.546233 -0.248343 -1.15414 0.132977 -0.249341 0.004051 0.959234
844 -0.547434 -0.246114 -1.14967 0.129144 -0.246505 0.002121 0.960496
845 -0.548346 -0.241395 -1.14614 0.126262 -0.24381 0.001041 0.961568
846 -0.549237 -0.238007 -1.14213 0.123093 -0.241401 0.000694 0.962587
847 -0.550077 -0.232648 -1.13864 0.120574 -0.239206 0.000537 0.963453
848 -0.550909 -0.229009 -1.13506 0.117808 -0.237421 0.000817 0.964236
849 -0.551908 -0.22616 -1.1312 0.11558 -0.236221 0.000887999 0.964801
850 -0.551625 -0.221001 -1.12735 0.113412 -0.235301 0.000795 0.965283
851 -0.552574 -0.217212 -1.12443 0.110275 -0.23353 -5e-05 0.966076
852 -0.552953 -0.214693 -1.12099 0.107274 -0.231515 -0.001059 0.966898
853 -0.552723 -0.211434 -1.11756 0.105364 -0.22907 -0.002366 0.967688
854 -0.553239 -0.208645 -1.11478 0.103651 -0.226103 -0.003557 0.968567
855 -0.554336 -0.207666 -1.11198 0.10283 -0.223968 -0.004009 0.969148
856 -0.555494 -0.205486 -1.10964 0.102879 -0.222898 -0.004236 0.969389
857 -0.555202 -0.199497 -1.1077 0.102357 -0.222281 -0.004537 0.969584
858 -0.55587 -0.194707 -1.10626 0.100435 -0.221047 -0.004841 0.970066
859 -0.556189 -0.191448 -1.10382 0.098249 -0.220374 -0.005214 0.970441
860 -0.556337 -0.187519 -1.10191 0.096296 -0.219851 -0.005201 0.970755
861 -0.556429 -0.181379 -1.10076 0.094166 -0.219016 -0.005536 0.971151
862 -0.556294 -0.17814 -1.09903 0.091285 -0.217937 -0.005907 0.971666
863 -0.557258 -0.17713 -1.09736 0.088892 -0.216326 -0.005931 0.972248
864 -0.5585 -0.17572 -1.09628 0.087316 -0.215089 -0.005153 0.97267
865 -0.558322 -0.17307 -1.09466 0.086206 -0.215127 -0.004558 0.972763
866 -0.558936 -0.169311 -1.09393 0.084895 -0.215012 -0.004981 0.972902
867 -0.558347 -0.166051 -1.09288 0.083036 -0.214546 -0.005355 0.973163
868 -0.559335 -0.163501 -1.09242 0.080912 -0.213258 -0.005666 0.973623
869 -0.56031 -0.161691 -1.09171 0.079091 -0.212304 -0.0057 0.973981
870 -0.561442 -0.158571 -1.09111 0.077479 -0.211783 -0.006055 0.974222
871 -0.56187 -0.156621 -1.08973 0.075558 -0.211482 -0.0063 0.974437
872 -0.562573 -0.155341 -1.08857 0.073653 -0.21124 -0.006758 0.974632
873 -0.564064 -0.155562 -1.08709 0.072133 -0.211078 -0.007334 0.974776
874 -0.564821 -0.154672 -1.08576 0.071414 -0.211365 -0.007814 0.974763
875 -0.56568 -0.154442 -1.08436 0.070768 -0.21153 -0.007895 0.974774
876 -0.566733 -0.154612 -1.08322 0.070661 -0.211518 -0.007682 0.974786
877 -0.567566 -0.153593 -1.08212 0.0707 -0.211348 -0.007597 0.974821
878 -0.568214 -0.154533 -1.08078 0.070506 -0.211256 -0.007277 0.974857
879 -0.56923 -0.154353 -1.07948 0.071244 -0.211281 -0.006828 0.974802
