0 0 0 -2.5 0 0 0 1
1 0.0221884 -0.000937607 -2.52414 0.0010659 -0.00308568 0.00129874 0.999994
2 0.00925388 0.0145837 -2.5224 0.0025221 -0.00301799 0.000345989 0.999992
3 -0.00498497 -0.00302225 -2.52781 0.000925544 -0.00156391 0.000560118 0.999998
4 0.00293059 -0.000697061 -2.53254 0.00146447 -0.00216435 -5.72004e-05 0.999997
5 0.00782266 0.00399582 -2.53269 0.00170119 -0.00278031 0.000951315 0.999994
6 0.00355735 0.00545389 -2.52537 0.00185426 -0.00232328 0.000685385 0.999995
7 -0.0046374 -0.00841817 -2.53881 0.00048699 -0.00185856 0.00157042 0.999997
8 0.00710511 -0.0208057 -2.54061 -0.000871378 -0.00322368 0.00173096 0.999993
9 0.00174346 0.00653551 -2.51736 0.00179427 -0.00313273 0.000244193 0.999993
10 0.00938237 -0.00630927 -2.52488 0.00020448 -0.00365608 0.000127872 0.999993
11 -0.00292357 -0.0135352 -2.52517 -0.00112 -0.00153434 -0.00131609 0.999997
12 -0.00968986 0.0213309 -2.5249 0.00247003 -0.00193351 -0.00147703 0.999994
13 -0.0100179 -0.00762043 -2.52516 -0.000460192 -0.000764748 -0.00191987 0.999998
14 0.00348602 -0.0140219 -2.53208 -0.00115826 -0.00267628 -0.00227191 0.999993
15 -0.0104866 0.0263486 -2.51632 0.00275838 -0.000274238 -0.00130014 0.999995
16 -0.0066253 -0.0127767 -2.52355 -0.00258477 -0.000769092 -0.00270529 0.999993
17 -0.0216076 -0.00810285 -2.53247 -0.00275992 0.00112288 -0.00488087 0.999984
18 -0.0122722 0.00762492 -2.53008 -0.00132045 0.00101149 -0.00305691 0.999994
19 -0.0520405 0.00598663 -2.52598 -0.00282495 0.00518696 -0.00348695 0.999976
20 -0.0398994 0.0306289 -2.52206 -0.000157512 0.0047313 -0.00424618 0.99998
21 -0.0320824 0.0119933 -2.53024 -0.00241175 0.00473409 -0.0041562 0.999977
22 -0.0394184 -0.0126408 -2.53052 -0.00617106 0.00773328 -0.00320205 0.999946
23 -0.0296992 0.00736888 -2.53179 -0.00370579 0.00746418 -0.00439013 0.999956
24 -0.0444557 0.0201512 -2.53596 -0.0017644 0.0106159 -0.00464597 0.999931
25 -0.0440204 -0.011633 -2.54698 -0.00556955 0.0117273 -0.00492536 0.999904
26 -0.073927 0.00228658 -2.53503 -0.00466016 0.0159204 -0.00388525 0.999855
27 -0.0686665 -0.00719258 -2.54215 -0.00559792 0.0178241 -0.00347786 0.999819
28 -0.0800345 -0.00320834 -2.54827 -0.00445239 0.0195489 -0.00235118 0.999796
29 -0.0806265 -0.00758137 -2.52738 -0.00603074 0.0213714 -0.00285297 0.999749
30 -0.0968594 -0.0133176 -2.54565 -0.00600323 0.0243378 -0.00237962 0.999683
31 -0.105183 -0.0180818 -2.55628 -0.00583749 0.0263106 -0.00215268 0.999634
32 -0.137793 -0.0152873 -2.55573 -0.00543592 0.0312405 -0.00293845 0.999493
33 -0.145049 0.0182667 -2.53282 -0.00308866 0.0321492 -0.00117346 0.999478
34 -0.153804 -0.00715234 -2.55956 -0.00479806 0.0335217 0.000403856 0.999426
35 -0.17063 -0.0251571 -2.56113 -0.00679478 0.0359667 0.00118195 0.999329
36 -0.178064 0.00813231 -2.53419 -0.00409023 0.0376358 0.0014466 0.999282
37 -0.205945 -0.00698384 -2.56426 -0.00533321 0.0416873 0.000411833 0.999116
38 -0.168184 0.0143334 -2.53627 -0.00454931 0.0396329 0.000582333 0.999204
39 -0.192833 0.00377708 -2.54723 -0.00754214 0.0436251 -0.001375 0.999019
40 -0.23546 0.021447 -2.54245 -0.00724894 0.0494173 -0.00141986 0.998751
41 -0.202627 0.0225528 -2.52212 -0.007397 0.0463111 -0.0015645 0.998898
42 -0.224158 0.00566541 -2.54086 -0.00974646 0.0485288 -0.000849682 0.998774
43 -0.264141 -0.00489151 -2.54821 -0.0105282 0.0530328 -0.000216609 0.998537
44 -0.2381 0.0125576 -2.53772 -0.00891327 0.0498891 -0.00258788 0.998712
45 -0.24653 -0.000837279 -2.55144 -0.00952439 0.0506431 -0.00500998 0.998659
46 -0.26053 -0.0103166 -2.55662 -0.0108348 0.0522815 -0.00512312 0.99856
47 -0.270951 -0.00541952 -2.54819 -0.0102329 0.0536316 -0.0057611 0.998492
48 -0.273575 -0.00161819 -2.52484 -0.00889976 0.0548983 -0.00507593 0.998439
49 -0.285171 -0.0108369 -2.55555 -0.00928777 0.0553355 -0.005651 0.998409
50 -0.268135 -0.010683 -2.5646 -0.00887491 0.0541511 -0.00477272 0.998482
51 -0.256719 0.00727366 -2.54169 -0.00552272 0.0526822 -0.00481242 0.998584
52 -0.279652 -0.0100052 -2.53887 -0.00740959 0.0554284 -0.00577276 0.998418
53 -0.290685 -0.00899967 -2.53957 -0.00751201 0.0566332 -0.00827208 0.998333
54 -0.311095 -0.00870629 -2.52754 -0.00836859 0.0598295 -0.00910935 0.998132
55 -0.292883 0.00722992 -2.50919 -0.00577595 0.0576427 -0.00897151 0.99828
56 -0.318795 0.0211836 -2.50789 -0.0055376 0.0612666 -0.0101789 0.998054
57 -0.35921 0.000380129 -2.51671 -0.00871817 0.0671199 -0.00673381 0.997684
58 -0.327513 0.0108015 -2.51665 -0.00683208 0.0636141 -0.00435084 0.997942
59 -0.341855 0.00711526 -2.51138 -0.00745528 0.0658768 -0.00460709 0.997789
60 -0.398811 0.00450918 -2.51951 -0.00846122 0.0751524 -0.00532527 0.997122
61 -0.419173 0.0115804 -2.51621 -0.00897399 0.0791202 -0.00233692 0.996822
62 -0.423198 0.0137395 -2.48634 -0.0105583 0.0827777 -0.0017484 0.996511
63 -0.412405 0.0433454 -2.49084 -0.00729347 0.0840141 0.00048479 0.996438
64 -0.441232 0.0110884 -2.49863 -0.0125827 0.0895283 0.00229827 0.995902
65 -0.436671 0.021151 -2.49561 -0.0117537 0.0919136 0.00222134 0.995695
66 -0.446885 0.0118261 -2.4861 -0.0137288 0.0944393 0.00316123 0.995431
67 -0.480798 0.0289858 -2.48818 -0.0112629 0.0993059 0.00323135 0.994988
68 -0.468473 0.0191442 -2.47647 -0.0137002 0.0997489 0.00225014 0.994916
69 -0.482446 0.00929806 -2.49699 -0.0156812 0.101753 0.000788741 0.994686
70 -0.504612 0.00755245 -2.48059 -0.0170156 0.107289 -0.00292656 0.994078
71 -0.538867 -0.0142986 -2.50364 -0.0180053 0.111495 -0.00447872 0.993592
72 -0.547541 -0.0118624 -2.49567 -0.0186297 0.113413 -0.00837181 0.993338
73 -0.528712 -0.0133036 -2.50435 -0.0167892 0.111385 -0.00776229 0.993605
74 -0.541898 -0.00268041 -2.49783 -0.0142487 0.115191 -0.0112773 0.993177
75 -0.519568 0.0135316 -2.50813 -0.0102644 0.11455 -0.0115566 0.993297
76 -0.540506 -0.0180513 -2.52814 -0.0117232 0.11773 -0.0101014 0.992925
77 -0.533701 0.000756919 -2.5298 -0.0091406 0.119319 -0.0123008 0.992738
78 -0.532851 -0.019702 -2.52911 -0.00934983 0.122435 -0.011644 0.992364
79 -0.560955 -0.00802086 -2.52751 -0.00595276 0.127899 -0.0124727 0.991691
80 -0.540904 -0.0162309 -2.52312 -0.00682961 0.129651 -0.010842 0.991477
81 -0.576528 -0.0262467 -2.53549 -0.00790078 0.136087 -0.00957078 0.990619
82 -0.557477 -0.0193585 -2.52528 -0.00695513 0.138309 -0.00845229 0.990329
83 -0.617208 -0.010485 -2.52085 -0.00740615 0.148777 -0.0101896 0.988791
84 -0.599107 -0.0287099 -2.53048 -0.0091136 0.151603 -0.00671831 0.988377
85 -0.623523 -0.0284862 -2.51726 -0.00946701 0.156697 -0.00460676 0.987591
86 -0.633179 -0.018242 -2.54518 -0.00912568 0.158785 -0.00496022 0.987259
87 -0.634096 0.00684709 -2.51183 -0.00683381 0.162605 -0.00209878 0.986665
88 -0.629634 -0.0149966 -2.51791 -0.00923456 0.163855 -0.000509681 0.986441
89 -0.671228 0.000186035 -2.52626 -0.00887566 0.170485 -0.00171332 0.985319
90 -0.69862 -0.0165505 -2.531 -0.0122829 0.175315 0.00142728 0.984435
91 -0.68994 -0.012681 -2.52146 -0.0115664 0.17656 0.00217272 0.984219
92 -0.695725 -0.0174333 -2.53964 -0.0128176 0.177818 0.00101891 0.983979
93 -0.734108 -0.0131143 -2.52362 -0.0129943 0.184335 0.0009182 0.982777
94 -0.719925 -0.0098289 -2.52156 -0.012476 0.185179 0.00314433 0.982621
95 -0.721914 -0.000933274 -2.50621 -0.011902 0.187111 0.00207769 0.982265
96 -0.753697 -0.0165473 -2.51333 -0.0150293 0.192189 0.00173679 0.981241
97 -0.73855 -0.0148831 -2.50777 -0.0162535 0.192088 0.00183698 0.981241
98 -0.767351 -0.0219356 -2.51098 -0.0170204 0.196074 0.00175534 0.98044
99 -0.770916 -0.0136897 -2.51065 -0.0160062 0.198389 0.00241725 0.97999
100 -0.773615 0.00204573 -2.50419 -0.0149676 0.199192 0.00126454 0.979845
101 -0.806003 -0.0260211 -2.497 -0.0179268 0.204381 0.00241482 0.978724
102 -0.800721 -0.013414 -2.4728 -0.0173236 0.207188 0.000341541 0.978148
103 -0.814951 -0.00764468 -2.46531 -0.0176621 0.21137 0.00139295 0.977246
104 -0.78155 0.00070606 -2.45488 -0.0168596 0.210728 0.00315417 0.977394
105 -0.799219 0.00026101 -2.45996 -0.016735 0.213286 0.0010816 0.976846
106 -0.856974 0.000689669 -2.46329 -0.0175405 0.220302 0.00130193 0.975273
107 -0.844204 -0.0164154 -2.46167 -0.0201059 0.220296 0.00355365 0.975219
108 -0.868051 0.00384036 -2.45096 -0.019212 0.226292 0.00110293 0.973869
109 -0.855747 -0.0110502 -2.46201 -0.0217106 0.227839 0.0048784 0.973444
110 -0.866243 -0.0104872 -2.44583 -0.022854 0.232631 0.00622439 0.972277
111 -0.87989 -0.00627546 -2.44744 -0.0235274 0.23687 0.00563516 0.97124
112 -0.892246 -0.00349757 -2.41366 -0.0243849 0.242807 0.0059478 0.96975
113 -0.896022 -0.00707091 -2.41106 -0.0269875 0.246023 0.00404912 0.96888
114 -0.903618 0.00644215 -2.4038 -0.0259585 0.250036 0.00797418 0.967856
115 -0.89439 0.0012322 -2.39061 -0.0265463 0.25192 0.00793995 0.967351
116 -0.886933 -0.0112465 -2.37575 -0.0270091 0.255278 0.00824299 0.966455
117 -0.915491 0.0120744 -2.37159 -0.0246112 0.260909 0.00586597 0.965032
118 -0.90651 -0.00398119 -2.36651 -0.0275483 0.263066 0.00721914 0.964357
119 -0.932606 0.00983159 -2.3526 -0.0265681 0.268833 0.00466308 0.962809
120 -0.942282 -0.0040687 -2.34347 -0.0290743 0.271766 0.00581113 0.961907
121 -0.917946 -0.00841325 -2.32139 -0.0296021 0.272638 0.00584477 0.961644
122 -0.93062 0.00506533 -2.30915 -0.0266712 0.277328 0.00375491 0.960398
123 -0.942471 0.00138946 -2.33738 -0.0258894 0.280016 0.00530622 0.959632
124 -0.951758 0.0235464 -2.29541 -0.0233987 0.284985 0.00240659 0.958243
125 -0.979558 -0.00831211 -2.28871 -0.0257793 0.291451 0.00524454 0.956224
126 -0.960842 0.00929444 -2.28684 -0.0237247 0.293116 0.00482647 0.95577
127 -0.944468 0.0168816 -2.28334 -0.0236641 0.293491 0.0055519 0.955653
128 -0.972549 0.00411421 -2.25965 -0.0255963 0.300962 0.00552889 0.953277
129 -0.954146 0.0271399 -2.25888 -0.023846 0.302334 0.0049768 0.952891
130 -0.996205 0.0103315 -2.25234 -0.0261373 0.308827 0.0081344 0.950724
131 -1.00141 0.0185127 -2.23566 -0.0265146 0.315238 0.0037083 0.948635
132 -1.01665 0.01055 -2.22149 -0.0274722 0.321844 0.00679096 0.94637
133 -1.0117 0.00997856 -2.22035 -0.026272 0.326338 0.00730379 0.94486
134 -1.00543 0.0414891 -2.19667 -0.022574 0.331304 0.00708752 0.943228
135 -1.01526 0.0245167 -2.1914 -0.0236567 0.334608 0.00979624 0.94201
136 -0.999812 0.0251195 -2.1859 -0.0230662 0.337491 0.010605 0.940986
137 -1.03688 0.0265802 -2.17664 -0.0233318 0.345329 0.0113585 0.938123
138 -1.03508 0.0240277 -2.16952 -0.0254914 0.350429 0.0119518 0.936166
139 -1.05851 0.0224753 -2.14915 -0.026832 0.35785 0.0127404 0.933306
140 -1.01479 0.00633921 -2.15204 -0.0295117 0.359485 0.0176942 0.932516
141 -1.08132 0.0333725 -2.12489 -0.0265668 0.369107 0.0149632 0.928887
142 -1.06434 0.00928715 -2.13612 -0.0292303 0.370721 0.0186123 0.928098
143 -1.10047 0.0197857 -2.11055 -0.0270955 0.379316 0.0175619 0.924704
144 -1.11294 0.00661579 -2.10035 -0.0278525 0.383718 0.0201625 0.92281
145 -1.0883 0.0190752 -2.08016 -0.0267368 0.387963 0.02025 0.921065
146 -1.13751 0.0265831 -2.06559 -0.0260931 0.396242 0.0153471 0.917647
147 -1.11322 0.0338633 -2.06209 -0.0267966 0.398172 0.014647 0.916802
148 -1.14726 0.0265316 -2.0492 -0.027331 0.405138 0.0158774 0.913709
149 -1.15858 0.0226959 -2.03661 -0.0287129 0.409461 0.0168076 0.911721
150 -1.15362 0.0200695 -2.03452 -0.029567 0.412479 0.0163796 0.91034
151 -1.17245 0.0207642 -2.01073 -0.0302873 0.418539 0.0165558 0.907543
152 -1.16142 0.0351938 -2.00373 -0.0293524 0.420774 0.0164584 0.906541
153 -1.15082 0.0377961 -2.00013 -0.0291875 0.423403 0.0180462 0.905291
154 -1.15964 0.00900887 -1.98734 -0.033804 0.427752 0.0226105 0.902981
155 -1.16951 0.0355599 -1.96809 -0.0308697 0.433456 0.0216524 0.900386
156 -1.16058 0.0312505 -1.95306 -0.0314045 0.437476 0.023439 0.898376
157 -1.19058 0.0358612 -1.93458 -0.0310001 0.444695 0.0223731 0.894866
158 -1.22585 0.0377287 -1.91269 -0.0303199 0.452377 0.023679 0.890997
159 -1.20301 0.0338862 -1.89752 -0.0303467 0.456311 0.0239262 0.888981
160 -1.17572 0.01702 -1.90031 -0.0320615 0.458082 0.0250581 0.887978
161 -1.17712 0.0560524 -1.88482 -0.0273965 0.463842 0.0201099 0.885266
162 -1.18926 0.0345024 -1.87074 -0.0308689 0.468772 0.0220808 0.882504
163 -1.15462 -0.000346924 -1.87599 -0.0334121 0.46878 0.0264958 0.882285
164 -1.19298 0.069845 -1.82595 -0.025822 0.478041 0.0148627 0.877832
165 -1.20934 0.0417842 -1.82872 -0.0283824 0.480648 0.0170117 0.876289
166 -1.20274 0.0301488 -1.80322 -0.0286793 0.485207 0.0163893 0.873775
167 -1.17386 0.0444584 -1.79718 -0.0275437 0.485291 0.014591 0.873797
168 -1.21423 0.0283225 -1.7678 -0.0300061 0.492138 0.0170632 0.869833
169 -1.18464 0.0251595 -1.77693 -0.0309697 0.492064 0.0166069 0.86985
170 -1.24104 0.0563234 -1.73007 -0.0265983 0.501425 0.014838 0.864665
171 -1.19279 0.0403152 -1.74549 -0.0275997 0.497918 0.0167047 0.866624
172 -1.16933 -0.00748735 -1.74471 -0.0307432 0.497422 0.0239371 0.866633
173 -1.19575 0.0406803 -1.70418 -0.0254236 0.502559 0.0159969 0.864021
174 -1.18243 0.054231 -1.70279 -0.0240973 0.501001 0.0139793 0.864998
175 -1.21667 0.0727748 -1.66452 -0.0223659 0.506719 0.0110033 0.861751
176 -1.16043 0.00628839 -1.69319 -0.0310023 0.49994 0.0202272 0.865269
177 -1.18929 0.0407993 -1.67495 -0.0314765 0.504743 0.0129912 0.862598
178 -1.18573 0.0316013 -1.6551 -0.0333247 0.507054 0.0146869 0.861145
179 -1.16445 0.0514355 -1.65516 -0.0301429 0.507496 0.0125475 0.861036
180 -1.18587 0.0398437 -1.63078 -0.0318469 0.51192 0.0130684 0.858343
181 -1.19938 0.0413205 -1.59764 -0.0327965 0.517405 0.0121703 0.855025
182 -1.154 0.0580877 -1.61578 -0.0321782 0.513767 0.00845691 0.857284
183 -1.18192 0.0409802 -1.58243 -0.0346112 0.520273 0.0119719 0.853214
184 -1.17403 0.0682169 -1.56854 -0.0331722 0.524136 0.00953359 0.850935
185 -1.19158 0.0413953 -1.54805 -0.0377626 0.529938 0.012166 0.847108
186 -1.19468 0.039559 -1.51128 -0.0394548 0.537472 0.0118639 0.842274
187 -1.17207 0.0765293 -1.50914 -0.0331582 0.540256 0.0090571 0.840798
188 -1.15558 0.0743688 -1.49662 -0.0327838 0.542901 0.00832905 0.839115
189 -1.13158 0.0100199 -1.49964 -0.040823 0.543737 0.0154175 0.83812
190 -1.12829 -0.00731975 -1.49699 -0.0410322 0.546691 0.0168759 0.836158
191 -1.16836 0.092513 -1.40838 -0.0298676 0.563353 0.00149433 0.825675
192 -1.17301 0.199409 -1.41388 -0.0173322 0.56624 -0.00885548 0.824011
193 -1.21741 0.214623 -1.2998 -0.0162541 0.584455 -0.0105287 0.811195
194 -1.13407 0.0783374 -1.3491 -0.0300562 0.576594 0.00397071 0.816468
195 -1.16275 0.099242 -1.32552 -0.030473 0.583945 0.00241175 0.811217
196 -1.15492 0.182722 -1.27057 -0.0182914 0.593778 -0.00500433 0.804405
197 -1.12255 0.186492 -1.27272 -0.0174215 0.595447 -0.00859482 0.80316
198 -1.18057 0.15619 -1.22333 -0.0174289 0.605234 -0.00104033 0.795856
199 -1.17521 0.0910839 -1.31728 -0.0270398 0.594447 0.005163 0.803664
200 -1.12584 0.0735679 -1.36884 -0.0276049 0.589325 0.00973876 0.807366
201 -1.10792 -0.0151389 -1.41122 -0.040296 0.585485 0.0206443 0.809418
202 -1.13484 0.100318 -1.32889 -0.0252844 0.598413 0.0047527 0.800775
203 -1.13353 0.0708657 -1.34179 -0.027861 0.598022 0.0104376 0.800927
204 -1.09863 0.0369625 -1.33267 -0.0335368 0.599395 0.0157074 0.799596
205 -1.12545 0.139406 -1.19952 -0.020491 0.618448 0.00495394 0.785543
206 -1.11827 0.120435 -1.26062 -0.0240775 0.61052 0.00276317 0.79163
207 -1.09257 0.0519243 -1.31606 -0.032253 0.60297 0.0111247 0.797034
208 -1.07725 -0.0639287 -1.31902 -0.0483639 0.602768 0.020366 0.796189
209 -1.12324 0.161462 -1.16191 -0.020743 0.627685 -0.00847401 0.778145
210 -1.12854 0.010382 -1.11581 -0.0396995 0.633211 0.00987483 0.772897
211 -1.14116 0.0683125 -1.12689 -0.0285529 0.634171 0.00296932 0.772659
212 -1.11668 0.183531 -1.02862 -0.0129135 0.647375 -0.015855 0.761898
213 -1.12986 0.189401 -0.952924 -0.0123406 0.657767 -0.0171092 0.752926
214 -1.12359 0.242162 -0.883971 -0.00259975 0.667262 -0.0236796 0.744442
215 -1.03905 -0.0914186 -1.12064 -0.0409703 0.635597 0.0140387 0.770805
216 -1.0895 -0.230126 -1.18899 -0.0517132 0.62441 0.0330891 0.77868
217 -1.03828 -0.055317 -1.03892 -0.0302477 0.647053 0.00705789 0.761812
218 -1.00858 -0.235239 -1.16009 -0.0475964 0.630115 0.0321447 0.774375
219 -0.990919 -0.190109 -1.19085 -0.0388475 0.627683 0.0240406 0.777128
220 -0.985065 0.103359 -1.07283 -0.0066086 0.646828 -0.0227223 0.762269
221 -0.940429 0.236297 -0.958285 0.0113726 0.66329 -0.0429082 0.747045
222 -0.956603 0.0621035 -1.09925 -0.00862173 0.644657 -0.0214091 0.764123
223 -0.958131 -0.0581021 -1.00604 -0.0167864 0.658918 -0.00248494 0.752024
224 -0.914527 -0.275508 -1.17509 -0.0390981 0.634832 0.0278484 0.771157
225 -0.911595 -0.0997611 -1.10097 -0.0132559 0.646705 0.00195588 0.762622
226 -0.90964 -0.0436913 -1.02932 -0.000834845 0.656723 -0.00590462 0.754108
227 -0.904013 -0.0729532 -1.02571 -0.00440334 0.656269 -0.00797816 0.754472
228 -0.924671 -0.232966 -1.04818 -0.0150486 0.652127 0.0142741 0.757826
229 -0.892614 -0.199121 -1.03297 -0.0100748 0.653796 0.00442249 0.756591
230 -0.863213 -0.276515 -1.11137 -0.0197346 0.641859 0.00962498 0.766508
231 -0.915461 -0.101454 -0.907588 0.00703659 0.670158 -0.0163004 0.742006
232 -0.887152 -0.242149 -1.01474 -0.00953993 0.654908 -0.000837185 0.755648
233 -0.865562 -0.16175 -0.982778 0.00286316 0.659971 -0.0154441 0.751127
234 -0.852782 -0.132284 -0.966037 0.000666295 0.66179 -0.0284703 0.749148
235 -0.839042 -0.130078 -0.973749 0.00769029 0.660966 -0.0270903 0.749888
236 -0.864748 -0.15728 -0.829792 0.00636053 0.68003 -0.0263469 0.732683
237 -0.853376 -0.226596 -0.785969 0.00310864 0.685601 -0.0172623 0.727767
238 -0.778366 -0.521835 -1.06887 -0.0265295 0.646266 0.0285882 0.762115
239 -0.842695 -0.31772 -0.837636 -0.00403661 0.677379 -0.0106321 0.735546
240 -0.839282 -0.342906 -0.784098 -0.00499161 0.685539 -0.00896344 0.727964
241 -0.802866 -0.615182 -0.87671 -0.0384079 0.670621 0.0281178 0.740272
242 -0.831252 -0.316581 -0.645491 0.0026782 0.704678 -0.0218258 0.709186
243 -0.794432 -0.228057 -0.780544 0.0165039 0.689368 -0.0363738 0.72331
244 -0.823181 -0.367782 -0.707176 0.00252156 0.69986 -0.018766 0.714029
245 -0.761057 -0.312931 -0.737902 0.0132261 0.697741 -0.0261236 0.715751
246 -0.762404 -0.258287 -0.848747 0.0202524 0.684754 -0.0363504 0.727585
247 -0.727823 -0.215999 -0.865417 0.0249358 0.684283 -0.0455166 0.727368
248 -0.721475 -0.0876062 -0.75348 0.0482679 0.701792 -0.0616221 0.708069
249 -0.687944 -0.173356 -0.830901 0.0374465 0.695356 -0.0501695 0.715934
250 -0.687346 -0.230232 -0.80911 0.028511 0.700431 -0.043743 0.711808
251 -0.690177 -0.155154 -0.753283 0.041523 0.708769 -0.0530811 0.702215
252 -0.667478 -0.239091 -0.843698 0.0284607 0.699665 -0.0384977 0.712865
253 -0.672454 -0.267859 -0.805571 0.0218194 0.70603 -0.0354961 0.706955
254 -0.635687 -0.0481192 -0.694904 0.05617 0.721041 -0.0690581 0.687151
255 -0.666698 -0.264716 -0.717124 0.0242984 0.718961 -0.0379958 0.693586
256 -0.644579 -0.297259 -0.698602 0.023043 0.723458 -0.0316706 0.689257
257 -0.61674 -0.289175 -0.80666 0.0259096 0.711131 -0.0332339 0.701795
258 -0.60094 -0.186801 -0.768764 0.0358287 0.717832 -0.0558815 0.693045
259 -0.597134 -0.153837 -0.647208 0.0426736 0.735623 -0.0618864 0.673207
260 -0.571448 -0.141773 -0.643695 0.0427635 0.737584 -0.0652835 0.67073
261 -0.611362 -0.175685 -0.787609 0.0401497 0.717938 -0.0582736 0.692501
262 -0.593279 -0.09494 -0.679558 0.0443455 0.732455 -0.0783453 0.674838
263 -0.515956 -0.0982727 -0.588203 0.047308 0.748543 -0.0750588 0.657124
264 -0.514016 0.0574967 -0.688273 0.0670984 0.732181 -0.102748 0.669964
265 -0.550045 -0.122461 -0.777354 0.0393495 0.720285 -0.0758881 0.688391
266 -0.552311 -0.0874361 -0.776193 0.0407731 0.719252 -0.0847782 0.68835
267 -0.371615 -0.177344 -0.340041 0.0306876 0.787019 -0.0666302 0.612551
268 -0.383329 -0.066038 -0.413018 0.0447238 0.776251 -0.089447 0.622441
269 -0.487797 -0.0800776 -0.686133 0.0460711 0.734055 -0.0895788 0.671578
270 -0.488856 -0.130805 -0.682652 0.045031 0.734254 -0.0797721 0.672666
271 -0.0848445 0.0374318 -0.188278 0.0610778 0.816709 -0.118361 0.561468
272 -0.298819 0.203165 -0.53247 0.084358 0.75498 -0.151633 0.632374
273 -0.468012 -0.15481 -0.612778 0.0386888 0.744468 -0.0858252 0.660987
274 -0.425511 -0.0550089 -0.556728 0.0532083 0.751552 -0.103213 0.649373
275 -0.290885 0.0185879 -0.396515 0.0575352 0.778099 -0.121887 0.613511
276 -0.408807 0.00359987 -0.589966 0.0622956 0.746045 -0.119119 0.652186
277 -0.461015 -0.0415823 -0.894634 0.0635997 0.698312 -0.110015 0.704424
278 -0.270114 0.0442703 -0.523508 0.0717099 0.759203 -0.129308 0.633836
279 -0.494803 -0.152863 -0.874623 0.0545021 0.702021 -0.0907657 0.704242
280 -0.390006 -0.0553915 -0.795733 0.0678461 0.713929 -0.111209 0.687994
281 -0.38771 0.0421147 -0.750764 0.0729095 0.718475 -0.133142 0.678786
282 -0.375166 -0.0466064 -0.741962 0.0665441 0.723255 -0.115704 0.677559
283 -0.448388 -0.315078 -0.824571 0.0232695 0.70991 -0.0736795 0.700042
284 -0.111161 -0.0784387 -0.362488 0.0584925 0.788608 -0.113864 0.601424
285 -0.397339 -0.0283875 -1.05803 0.0797909 0.666453 -0.114867 0.732311
286 -0.427169 -0.292658 -1.08335 0.0392768 0.662781 -0.0668964 0.744785
287 -0.373943 -0.395843 -1.05243 0.0272476 0.668861 -0.0433818 0.74162
288 -0.156771 0.984016 -1.18879 0.22258 0.598688 -0.299393 0.708798
289 -0.36122 -0.437162 -0.881219 0.0107739 0.692105 -0.0386165 0.720682
290 -0.401658 -0.274429 -0.991958 0.0329198 0.668133 -0.0723502 0.739784
291 -0.0741251 -0.229424 -0.38933 0.00720119 0.773593 -0.0908843 0.62709
292 -0.173886 -0.786954 -1.40342 -0.0327561 0.590692 0.0447786 0.804987
293 0.0476225 -0.407301 -0.162024 -0.0276663 0.809552 -0.0532896 0.583969
294 -0.344791 -0.270756 -1.02618 0.0366042 0.658048 -0.0651763 0.749256
295 -0.29669 -0.71755 -0.806947 -0.0283743 0.697613 0.0192997 0.715653
296 -0.251167 -0.36285 -0.701346 0.00568934 0.715067 -0.052387 0.697067
297 -0.364087 -0.355059 -0.732014 0.00872985 0.706194 -0.0547997 0.70584
298 -0.129544 -0.34782 -0.426028 0.00795046 0.764839 -0.0505497 0.642186
299 -0.160087 -0.478992 -0.497372 -0.0202346 0.750193 -0.0298924 0.660233
300 -0.162571 -0.565016 -0.462678 -0.0360799 0.753719 -0.0140104 0.656056
301 -0.332939 -0.399953 -0.988603 0.00616379 0.662023 -0.0398533 0.748398
302 -0.0766097 -0.448458 -0.342401 -0.0282621 0.774505 -0.0348125 0.630976
303 -0.0437881 -0.392145 -0.293954 -0.0249218 0.782328 -0.0448893 0.620747
304 -0.363245 -0.377178 -0.780231 0.0039873 0.693554 -0.0445596 0.719015
305 -0.298827 -0.580407 -1.39935 -0.00319301 0.584544 0.0148962 0.811219
306 -0.370472 -0.431459 -1.24726 0.0162817 0.611385 -0.0133455 0.791053
307 -0.340432 -0.635192 -1.0188 -0.0266844 0.650565 0.015208 0.758829
308 -0.313086 -0.348738 -0.561062 0.00301764 0.727589 -0.0400274 0.684838
309 -0.375757 -0.685207 -1.18131 -0.0337444 0.620825 0.0265285 0.782773
310 -0.453409 -0.575973 -0.898592 -0.0218304 0.664687 0.00255946 0.746799
311 -0.512729 -0.309632 -0.840768 0.0217293 0.672383 -0.0389807 0.738857
312 -0.39865 -0.608993 -0.905272 -0.0137956 0.662477 0.026425 0.748489
313 0.0049079 -1.25358 -0.411016 -0.192203 0.709678 0.114065 0.668135
314 0.433323 -1.58147 -0.934651 -0.252579 0.601904 0.232291 0.72108
315 0.127673 0.639433 -0.351791 0.18041 0.738801 -0.218191 0.61157
316 -0.0957477 -0.795778 -0.535233 -0.0870093 0.71266 0.0570867 0.693748
317 -0.0153926 0.30749 -0.307408 0.127947 0.747258 -0.144581 0.635871
318 -0.00535509 0.33268 -0.302518 0.129181 0.743833 -0.151047 0.638129
319 -0.0106422 0.374485 -0.26598 0.132591 0.740109 -0.160123 0.639546
320 -0.0872975 0.200034 -0.312462 0.0984559 0.731119 -0.124591 0.663512
321 -0.0144582 0.36742 -0.291948 0.134348 0.723797 -0.156892 0.658372
322 0.20333 0.697238 -0.176122 0.203914 0.724499 -0.229794 0.617022
323 0.0210972 0.460756 -0.268857 0.149235 0.710438 -0.179287 0.663975
324 -0.0807155 0.17852 -0.252245 0.0938731 0.710988 -0.121112 0.686306
325 -0.0634461 0.243213 -0.273258 0.0978704 0.698138 -0.137715 0.695744
326 -0.0876102 0.220074 -0.23455 0.100504 0.694658 -0.128146 0.700662
327 -0.107185 0.0439954 -0.23609 0.0692435 0.69017 -0.0928713 0.714315
328 -0.111688 0.00326611 -0.239374 0.0609312 0.679548 -0.0839839 0.726256
329 -0.136141 -0.0249991 -0.194492 0.0586433 0.679075 -0.0762335 0.727741
330 -0.155698 -0.0293986 -0.170581 0.0511222 0.674977 -0.0787588 0.73184
331 -0.13938 0.0429135 -0.134404 0.0711864 0.673413 -0.0894598 0.730373
332 -0.140946 0.0203712 -0.0834297 0.0589572 0.675019 -0.088876 0.730051
333 -0.147329 -0.0110239 -0.07311 0.0593968 0.668261 -0.0804758 0.737172
334 -0.149424 -0.0725168 -0.0955997 0.0484498 0.65534 -0.0702529 0.750497
335 -0.180222 -0.246511 0.131553 0.0196509 0.690683 -0.0326351 0.722154
336 -0.156188 -0.477501 0.00519649 -0.00902586 0.658222 0.0218188 0.752454
337 -0.179645 -0.415469 -0.016821 0.00664629 0.64741 0.00547703 0.762093
338 -0.154431 -0.74795 0.0421897 -0.0338618 0.649356 0.0745062 0.756068
339 -0.0883252 0.0189873 -0.025742 0.0661261 0.627622 -0.0876074 0.770742
340 -0.562348 -0.177433 0.202861 0.0367004 0.664276 -0.0517116 0.744793
341 0.0630615 0.0402694 -0.238816 0.072301 0.567271 -0.0869065 0.815735
342 -0.213009 -0.0778163 0.192246 0.0511263 0.648855 -0.0677443 0.756164
343 -0.295472 -0.112954 0.356481 0.049444 0.670623 -0.0605028 0.737671
344 -0.380939 -0.183304 0.354933 0.0438586 0.667735 -0.0416557 0.741937
345 -0.191409 -0.0278251 0.195175 0.0689803 0.626431 -0.0719229 0.77308
346 -0.174298 -0.0202058 0.199276 0.0735559 0.619007 -0.0751292 0.778316
347 -0.127971 -0.0261455 0.112637 0.073867 0.596197 -0.0800793 0.795412
348 -0.245438 -0.0773539 0.299802 0.0664578 0.626312 -0.0638984 0.774102
349 -0.189716 -0.0836655 0.175558 0.0663361 0.595891 -0.0586176 0.798171
350 -0.137473 -0.122283 0.110016 0.0595532 0.577602 -0.0560875 0.812209
351 -0.215165 -0.131785 0.170416 0.0547956 0.59413 -0.0566296 0.8005
352 -0.17567 -0.194331 0.149248 0.0453418 0.583022 -0.0450224 0.809939
353 -0.147543 -0.176533 0.119205 0.0482411 0.571112 -0.048364 0.818025
354 -0.121592 -0.115733 0.0929083 0.0586874 0.563408 -0.0599327 0.82191
355 -0.1589 -0.154432 0.137688 0.050581 0.570098 -0.0516555 0.818389
356 -0.164393 -0.129642 0.12932 0.054167 0.566819 -0.0556846 0.820171
357 -0.200927 -0.238016 0.223329 0.037403 0.580854 -0.0317295 0.812529
358 -0.137608 -0.127603 0.151463 0.0554043 0.561623 -0.0541439 0.823759
359 -0.147623 -0.1083 0.156038 0.0559818 0.562587 -0.0554808 0.822972
360 -0.146434 -0.0999469 0.146027 0.0592371 0.559311 -0.0550273 0.825006
361 -0.126471 -0.0860875 0.139465 0.0600263 0.554125 -0.0604761 0.828061
362 -0.122705 -0.104642 0.14169 0.0562 0.553562 -0.0579151 0.828889
363 -0.167114 -0.14493 0.21889 0.0542449 0.564871 -0.0406068 0.822392
364 -0.165497 -0.0743044 0.200234 0.0613235 0.562283 -0.0582935 0.822605
365 -0.179541 -0.106323 0.215673 0.0619154 0.564269 -0.0444058 0.822067
366 -0.172558 -0.0866285 0.21289 0.0609115 0.564065 -0.0512645 0.821884
367 -0.175267 -0.138052 0.246877 0.0541805 0.568961 -0.0418099 0.819512
368 -0.151853 -0.108303 0.238719 0.0586926 0.565709 -0.0469592 0.821172
369 -0.165763 -0.101353 0.233596 0.0581713 0.568355 -0.0494948 0.81923
370 -0.153792 -0.115005 0.259238 0.0528648 0.573479 -0.044188 0.816318
371 -0.153134 -0.124675 0.250135 0.0475232 0.576098 -0.0467123 0.81466
372 -0.112272 -0.0567279 0.218463 0.0572491 0.570781 -0.0611747 0.816816
373 -0.168038 -0.154177 0.316303 0.0379513 0.594539 -0.0379975 0.802271
374 -0.148243 -0.146556 0.258743 0.035027 0.587778 -0.0417348 0.807186
375 -0.178918 -0.137016 0.307382 0.0260841 0.611947 -0.0500225 0.788884
376 -0.211974 -0.189606 0.380983 0.0129107 0.630528 -0.0419012 0.774927
377 -0.220815 -0.215931 0.441114 0.00976203 0.64533 -0.032898 0.763133
378 -0.150029 -0.154338 0.292598 0.0186323 0.621883 -0.0486753 0.781374
379 -0.14778 -0.214524 0.297557 0.00663997 0.626008 -0.0333855 0.779073
380 -0.0328286 -0.0021278 0.154024 0.0375801 0.60109 -0.0830782 0.793962
381 -0.109147 -0.128361 0.264692 0.0243527 0.630146 -0.0523666 0.774326
382 0.0337581 0.0279987 0.0699651 0.0542903 0.594162 -0.0871565 0.797764
383 -0.0138802 0.326703 -0.0387519 0.0961167 0.59549 -0.144088 0.784469
384 0.956707 0.410079 -0.307643 0.17701 0.450184 -0.307247 0.819513
385 0.126629 0.254708 0.0260556 0.103176 0.606719 -0.144701 0.774796
386 -0.0937742 0.207277 0.539417 0.137494 0.717205 -0.14683 0.667199
387 0.120237 0.600049 0.41432 0.168494 0.697009 -0.247962 0.651385
388 -0.0858108 0.179915 0.374094 0.0777994 0.69955 -0.125414 0.699176
389 -0.0549506 0.268225 0.314616 0.0897432 0.696147 -0.15043 0.696202
390 -0.163957 -0.310264 0.204309 0.0137278 0.682704 -0.0080479 0.730521
391 -0.154112 -0.126445 0.257245 0.0366488 0.7015 -0.0524911 0.709788
392 -0.145562 -0.00531088 0.253065 0.0460083 0.708705 -0.0834755 0.699036
393 -0.128369 0.0551521 0.189662 0.0566537 0.705693 -0.096661 0.699603
394 -0.155402 0.107828 0.208431 0.0655624 0.715742 -0.104527 0.687379
395 -0.170179 0.0847831 0.148751 0.0691423 0.714465 -0.0955919 0.689653
396 -0.198642 0.0954673 0.134175 0.0647922 0.719067 -0.0967685 0.685114
397 -0.166261 0.0595631 0.135427 0.0576529 0.729161 -0.0911174 0.675795
398 -0.16702 0.0473295 0.0946252 0.055 0.733129 -0.0899583 0.671866
399 -0.117946 0.25351 0.203132 0.0952295 0.752992 -0.127494 0.638498
400 -0.0924264 0.386056 0.108859 0.110744 0.74656 -0.154782 0.637516
401 -0.119176 0.295467 0.104276 0.101172 0.755872 -0.137796 0.632008
402 -0.127835 0.360193 0.114126 0.101392 0.761475 -0.152647 0.621752
403 0.0660659 0.804762 0.00628534 0.173255 0.742928 -0.241205 0.599884
404 -0.0895978 0.48038 0.0551138 0.122268 0.765897 -0.174167 0.606727
405 -0.0976594 0.410347 0.146813 0.111233 0.787888 -0.157767 0.584782
406 -0.113621 0.395594 0.0911106 0.109381 0.789314 -0.154192 0.584161
407 -0.119616 0.20754 0.137144 0.0724585 0.807472 -0.12194 0.572599
408 -0.132405 0.393204 0.0954398 0.0999702 0.80356 -0.154478 0.566068
409 -0.138621 0.308956 0.0997318 0.0877914 0.814618 -0.139368 0.556117
410 -0.284188 0.00672158 0.196277 0.0248655 0.830969 -0.0884476 0.54868
411 -0.141968 -0.0992145 0.306678 0.00708429 0.858044 -0.0663913 0.509218
412 -0.106764 -0.276761 0.368726 -0.0168432 0.870276 -0.0422815 0.490457
413 -0.031594 -0.141791 0.356819 0.00444348 0.880521 -0.0594379 0.470245
414 -0.0668867 -0.162782 0.36155 0.00155548 0.884492 -0.0531801 0.463513
415 0.0313006 -0.137046 0.370562 0.000577216 0.895996 -0.0552039 0.440618
416 -0.0504387 -0.185871 0.366033 -0.00495613 0.895872 -0.0453507 0.441963
417 0.000879607 -0.135649 0.350707 -0.00154789 0.902632 -0.0522042 0.427232
418 -0.00846823 -0.15474 0.381261 -0.00435025 0.908222 -0.048931 0.415595
419 0.0164926 -0.107175 0.366866 -0.0013146 0.912441 -0.0587629 0.404964
420 0.0721042 -0.101757 0.369545 -0.00502444 0.92277 -0.0569808 0.381082
421 0.0852366 -0.0974057 0.364693 -0.00513635 0.926302 -0.0573218 0.37236
422 0.0915412 -0.0700681 0.369615 -0.00200719 0.929759 -0.0608551 0.363099
423 0.081796 -0.0732622 0.355501 -0.00561249 0.931295 -0.059461 0.359337
424 0.107394 -0.043803 0.355512 0.000318803 0.93498 -0.0642943 0.348826
425 0.0849067 -0.0723688 0.364583 -0.00520107 0.937135 -0.060146 0.343705
426 0.0821894 -0.0534744 0.36546 -0.0056845 0.93922 -0.0635778 0.337328
427 0.095262 -0.0666799 0.351478 -0.0115693 0.941303 -0.063483 0.331338
428 0.118794 -0.0551977 0.352801 -0.00676974 0.944653 -0.064434 0.321611
429 0.166758 -0.0543424 0.350093 -0.00775387 0.948739 -0.0644822 0.309317
430 0.166672 -0.06784 0.32778 -0.00648174 0.95013 -0.0600432 0.305951
431 0.160937 -0.0791199 0.337471 -0.0131255 0.951584 -0.0592605 0.301337
432 0.152303 -0.0579838 0.321908 -0.00971499 0.952206 -0.0611032 0.299125
433 0.186345 -0.0416392 0.32504 -0.0047136 0.955653 -0.0623984 0.287771
434 0.163696 -0.0606074 0.306982 -0.0077448 0.955806 -0.0578591 0.288145
435 0.201554 -0.0582627 0.315156 -0.00308685 0.958103 -0.0605498 0.279933
436 0.22364 -0.0639332 0.292408 -0.00067575 0.958915 -0.0649359 0.276161
437 0.240669 -0.0628865 0.271964 0.00123985 0.95949 -0.069166 0.273119
438 0.235153 -0.0737778 0.27229 0.0017602 0.960429 -0.0676915 0.270167
439 0.250344 -0.0508339 0.259598 0.00586501 0.961486 -0.0700369 0.265717
440 0.255236 -0.0330677 0.254907 0.00645654 0.963097 -0.0703117 0.259727
441 0.318362 -0.0507107 0.233468 0.00502952 0.967417 -0.0661282 0.244349
442 0.31153 -0.0569823 0.218635 0.00654433 0.968355 -0.0647391 0.240947
443 0.323325 -0.04212 0.217767 0.00579177 0.969236 -0.0693715 0.236085
444 0.32608 -0.0543734 0.210056 0.00488887 0.970495 -0.0665635 0.231701
445 0.34171 -0.0364735 0.193833 0.00498982 0.971531 -0.0704239 0.22615
446 0.332478 -0.0497911 0.204152 0.00890086 0.97258 -0.0668088 0.22259
447 0.344015 -0.0518176 0.17419 0.00255461 0.973659 -0.0679334 0.21764
448 0.334064 -0.0422566 0.180791 0.00516772 0.97477 -0.0674707 0.212705
449 0.328901 -0.0683898 0.156553 0.00166512 0.975695 -0.0611174 0.210429
450 0.339153 -0.0525718 0.16102 0.000541105 0.976796 -0.0644503 0.204245
451 0.372328 -0.0450642 0.149506 -0.000100529 0.978761 -0.0640038 0.194758
452 0.394668 -0.0279113 0.126171 0.00250308 0.979911 -0.0663151 0.18807
453 0.38381 -0.0421805 0.136439 0.00059633 0.980447 -0.063043 0.186411
454 0.370128 -0.0283617 0.139169 0.00213841 0.980596 -0.0646021 0.185079
455 0.415791 -0.031822 0.137969 0.000384726 0.982896 -0.0606264 0.173897
456 0.416227 -0.035728 0.124704 -0.000986701 0.983194 -0.0582384 0.173025
457 0.456633 -0.0316669 0.133895 0.00457176 0.984969 -0.0585603 0.162438
458 0.454627 -0.0387602 0.12988 0.00213224 0.985402 -0.0593528 0.159547
459 0.455832 -0.0289851 0.111788 0.00436854 0.985565 -0.0615263 0.157662
460 0.472263 -0.0233643 0.108696 0.00759472 0.986647 -0.0610746 0.150796
461 0.466273 -0.0467732 0.111188 0.00534714 0.98718 -0.0577846 0.148685
462 0.483274 -0.0351249 0.110007 0.00786968 0.987954 -0.0604077 0.142254
463 0.479111 -0.0368094 0.129283 0.00369753 0.988909 -0.0586771 0.136391
464 0.496626 -0.0168297 0.105005 0.00449946 0.9897 -0.0612527 0.12931
465 0.534979 -0.0543911 0.0932383 0.00790932 0.991637 -0.0525143 0.117627
466 0.547747 -0.0579278 0.0694764 0.00466213 0.992601 -0.0498362 0.110621
467 0.558814 -0.0267864 0.0878321 0.00643648 0.993416 -0.0518857 0.101937
468 0.57363 -0.00233538 0.103436 0.00863804 0.99439 -0.054984 0.0899456
469 0.568951 -0.0195229 0.086703 0.00220894 0.99527 -0.0474794 0.0847212
470 0.599961 -0.0113654 0.097814 0.0015692 0.996292 -0.0464676 0.0723958
471 0.608059 -0.0263382 0.0826257 0.0050849 0.996936 -0.0414075 0.0661616
472 0.647665 0.0177333 0.09091 0.00587565 0.997404 -0.0478832 0.0534575
473 0.617273 -0.00891634 0.0828267 0.000464378 0.997745 -0.0413441 0.0528668
474 0.614424 0.0130869 0.0992267 0.00274943 0.997957 -0.0438042 0.0464216
475 0.618501 0.0335069 0.0911555 -0.00114431 0.998074 -0.0460572 0.0415426
476 0.612747 0.0138408 0.0828939 -6.39779e-05 0.998493 -0.0415277 0.0358783
477 0.66457 0.0563709 0.109014 0.000360328 0.998665 -0.0472704 0.0208024
478 0.695413 0.0820457 0.129706 -0.000913366 0.998722 -0.0495988 0.00962524
479 0.717992 0.0473477 0.0992099 -0.00101803 0.999115 -0.0419953 0.00204779
480 0.686702 0.0324118 0.0916743 -0.00226875 0.999217 -0.0394413 0.00224548
481 0.686243 0.0497006 0.0979278 -0.00236139 0.999133 -0.0414368 -0.00322996
482 0.707728 0.018168 0.07132 -0.00649077 0.999299 -0.0357977 -0.00886916
483 0.694574 0.0290161 0.0895308 -0.00352855 0.999276 -0.0364499 -0.0102758
484 0.721167 0.0251519 0.0723155 -0.00244805 0.999086 -0.0387032 -0.0179927
485 0.743632 0.0171288 0.061884 9.49032e-05 0.998836 -0.040985 -0.0254356
486 0.732495 0.0268745 0.0629534 -0.00103699 0.99876 -0.0421434 -0.0264666
487 0.736666 0.0182266 0.0469699 -0.00034539 0.998659 -0.0423555 -0.0297839
488 0.743319 -0.00202369 0.0351241 -0.000230114 0.998514 -0.0382547 -0.0388034
489 0.741507 0.0259641 0.0566564 -0.00111165 0.998035 -0.0425423 -0.0460001
490 0.753595 0.0188904 0.0215753 -0.000711731 0.997881 -0.0416929 -0.0499427
491 0.779905 0.039714 0.0211691 -0.00189148 0.997051 -0.0474332 -0.0602941
492 0.759013 0.0512812 0.0405436 -0.00289564 0.996724 -0.0492015 -0.0641195
493 0.781808 0.0504637 0.00807359 -0.00391501 0.9961 -0.047852 -0.0740216
494 0.753741 0.0263456 -0.00663334 -0.00663985 0.996583 -0.0429071 -0.0702718
495 0.753337 0.0212563 -0.0187772 -0.00827937 0.996377 -0.0421706 -0.0733925
496 0.775574 0.0911355 0.0113213 -0.00945741 0.995128 -0.0528388 -0.0826938
497 0.772182 0.0158319 -0.0467627 -0.0102154 0.995416 -0.0407052 -0.0859382
498 0.768705 0.0448237 -0.0480395 -0.00559465 0.994819 -0.0452821 -0.0908499
499 0.734113 0.0244018 -0.049218 -0.00922097 0.99508 -0.0415191 -0.0894867
500 0.750486 0.0312474 -0.0559479 -0.00975779 0.994411 -0.0424102 -0.096191
501 0.728881 0.149289 -0.00513585 -0.00928736 0.993135 -0.0616967 -0.0989471
502 0.753568 0.151737 -0.00817762 -0.00531044 0.9924 -0.0621724 -0.106062
503 0.772458 0.062378 -0.101323 -0.00398309 0.992632 -0.0480866 -0.111144
504 0.754989 0.041213 -0.107913 -0.00642595 0.992834 -0.0425447 -0.111485
505 0.762379 0.0272405 -0.132327 -0.00483051 0.992022 -0.0430369 -0.118393
506 0.785752 0.0478725 -0.148091 -0.00175217 0.990893 -0.0486448 -0.125542
507 0.775958 0.019566 -0.160414 -0.00255771 0.991095 -0.0426335 -0.126123
508 0.781107 0.0534253 -0.171737 -0.00312367 0.990369 -0.0498958 -0.129112
509 0.773955 0.0250522 -0.183028 -8.89808e-05 0.989867 -0.0460471 -0.134325
510 0.775084 0.0619658 -0.160372 0.00159436 0.989138 -0.0542004 -0.136624
511 0.777266 0.00422169 -0.222802 -0.000399011 0.988488 -0.0466438 -0.143932
512 0.773821 0.0225081 -0.209847 0.00202283 0.987839 -0.0493456 -0.147429
513 0.78709 0.0186267 -0.221013 0.00264963 0.986728 -0.0514851 -0.153983
514 0.803689 0.0220115 -0.23848 0.00322801 0.985537 -0.0537091 -0.160694
515 0.744022 -0.000498152 -0.226725 -0.000476509 0.985938 -0.0520201 -0.158805
516 0.778652 0.00312235 -0.250311 0.000786529 0.984411 -0.0535099 -0.167542
517 0.779308 -0.0224783 -0.278838 -0.00170359 0.983448 -0.0507744 -0.173923
518 0.778125 -0.0421564 -0.291084 -0.00239096 0.982725 -0.0475043 -0.178853
519 0.756332 -0.0213458 -0.259737 -0.00592105 0.982784 -0.0545403 -0.176424
520 0.752927 -0.0104425 -0.272976 -0.00434499 0.981933 -0.0566748 -0.18049
521 0.749117 -0.0151911 -0.265215 -0.00989149 0.981326 -0.054124 -0.184313
522 0.765668 0.0300389 -0.267436 -0.00881151 0.979787 -0.0610808 -0.190287
523 0.734928 0.00786351 -0.24526 -0.0127129 0.980567 -0.0567099 -0.187378
524 0.741351 0.0171674 -0.268371 -0.0126155 0.979371 -0.058007 -0.193153
525 0.772532 -0.0131966 -0.320347 -0.0121876 0.977239 -0.051037 -0.205547
526 0.754327 0.0128298 -0.29419 -0.012976 0.976983 -0.0559752 -0.205435
527 0.783985 -0.00842182 -0.326113 -0.0152766 0.975217 -0.0499171 -0.215003
528 0.790724 -0.0128354 -0.34095 -0.0144959 0.973641 -0.0510437 -0.221828
529 0.780436 -0.00303478 -0.345746 -0.016897 0.972903 -0.0498605 -0.225141
530 0.780506 0.0218595 -0.354009 -0.0172055 0.971673 -0.0545265 -0.229309
531 0.779443 0.004316 -0.350535 -0.0166276 0.971444 -0.0500248 -0.231338
532 0.783797 0.0227114 -0.361011 -0.0166264 0.97028 -0.0518223 -0.235786
533 0.788237 0.00755504 -0.366638 -0.0188545 0.969492 -0.0469888 -0.239835
534 0.791783 0.0262573 -0.357976 -0.0180058 0.968331 -0.0507013 -0.243805
535 0.809071 0.0192682 -0.417395 -0.0162747 0.965448 -0.0515725 -0.254921
536 0.823165 -0.00553592 -0.444571 -0.0145933 0.963917 -0.0464393 -0.261716
537 0.795396 -0.00843185 -0.419796 -0.0201712 0.964658 -0.0427969 -0.259221
538 0.792448 -0.000590973 -0.420516 -0.021331 0.963505 -0.0448528 -0.263042
539 0.820808 -0.0115817 -0.468723 -0.0169312 0.960621 -0.0463423 -0.273448
540 0.800116 0.0370675 -0.404975 -0.0208164 0.962107 -0.0512928 -0.266993
541 0.803614 0.0328021 -0.436293 -0.0247929 0.960248 -0.0509668 -0.273335
542 0.824818 0.0227257 -0.45472 -0.0219857 0.958871 -0.0494378 -0.278639
543 0.826846 0.0329947 -0.475005 -0.0216777 0.957749 -0.051065 -0.282203
544 0.832991 0.000277866 -0.516695 -0.0220076 0.956259 -0.0442486 -0.288315
545 0.825113 0.0114032 -0.477212 -0.0266909 0.956958 -0.0417881 -0.285959
546 0.827517 0.017091 -0.50575 -0.0254531 0.955449 -0.0447402 -0.290635
547 0.814266 0.00667347 -0.493553 -0.028841 0.955326 -0.0406349 -0.291323
548 0.808089 0.0147305 -0.478128 -0.0302039 0.955515 -0.0403405 -0.290605
549 0.829536 0.0340283 -0.512494 -0.0279524 0.952506 -0.0470703 -0.299558
550 0.833148 0.015285 -0.533747 -0.0290935 0.95105 -0.0431816 -0.304618
551 0.793079 0.0540656 -0.471266 -0.0299084 0.952988 -0.0495217 -0.297433
552 0.82394 0.0413714 -0.513766 -0.0267679 0.949657 -0.0497309 -0.308158
553 0.830297 0.0419621 -0.519582 -0.0275176 0.948327 -0.0490846 -0.312264
554 0.826573 0.0414472 -0.526623 -0.0265803 0.947036 -0.0495823 -0.316162
555 0.817444 0.0402874 -0.521539 -0.0290748 0.946768 -0.0512418 -0.31648
556 0.813188 0.0727885 -0.492168 -0.025408 0.946822 -0.0558919 -0.315846
557 0.84081 0.0554539 -0.551595 -0.0219988 0.942478 -0.0541417 -0.329121
558 0.815555 0.086787 -0.503626 -0.025503 0.943786 -0.0561766 -0.32475
559 0.822208 0.0659538 -0.526821 -0.0240373 0.941685 -0.0540996 -0.331248
560 0.812816 0.0917727 -0.522737 -0.0213089 0.940445 -0.0602975 -0.333877
561 0.812435 0.073991 -0.527034 -0.023157 0.939192 -0.057162 -0.337808
562 0.835068 0.0570224 -0.566741 -0.0233943 0.935425 -0.0567105 -0.348161
563 0.84291 0.07558 -0.553218 -0.0236174 0.93425 -0.0582479 -0.351037
564 0.83421 0.070464 -0.573878 -0.0226311 0.931878 -0.0556769 -0.357759
565 0.844438 0.0496697 -0.60768 -0.0214258 0.928429 -0.0534505 -0.36702
566 0.839574 0.0585534 -0.615533 -0.0215297 0.926431 -0.0544981 -0.371877
567 0.860465 0.0617994 -0.63572 -0.0211892 0.923611 -0.0538383 -0.378938
568 0.871566 0.0512918 -0.634507 -0.0203167 0.92212 -0.0505764 -0.383045
569 0.839855 0.0720797 -0.611469 -0.0239866 0.92258 -0.0537203 -0.381293
570 0.869037 0.0826276 -0.63591 -0.023784 0.919547 -0.056911 -0.38811
571 0.857026 0.0561008 -0.650067 -0.02539 0.917851 -0.0528218 -0.392574
572 0.861518 0.076252 -0.645298 -0.0268575 0.916785 -0.0542913 -0.394762
573 0.877641 0.0509411 -0.688663 -0.0248479 0.913516 -0.0539707 -0.40244
574 0.882637 0.0584972 -0.697092 -0.0275038 0.911936 -0.0518465 -0.406113
575 0.85357 0.0672266 -0.679352 -0.0290012 0.912587 -0.0508602 -0.404668
576 0.852582 0.0825242 -0.677094 -0.0299653 0.911663 -0.0527264 -0.406439
577 0.851972 0.0711079 -0.702739 -0.0302993 0.909128 -0.0509746 -0.412274
578 0.857333 0.0571402 -0.717843 -0.0293936 0.907495 -0.0479189 -0.416284
579 0.860719 0.0766735 -0.726515 -0.0312867 0.906849 -0.0493482 -0.417386
580 0.862208 0.08801 -0.744249 -0.0311392 0.905072 -0.050262 -0.421128
581 0.854586 0.0694538 -0.740272 -0.0294578 0.904911 -0.0479282 -0.421867
582 0.86064 0.0669527 -0.755775 -0.0267233 0.903116 -0.0468276 -0.425997
583 0.867234 0.093549 -0.779505 -0.0255167 0.900927 -0.0522344 -0.43006
584 0.876298 0.0768361 -0.78647 -0.0265879 0.899367 -0.0459212 -0.433963
585 0.871309 0.0859426 -0.799928 -0.0265447 0.897577 -0.0439934 -0.437853
586 0.863602 0.0468985 -0.839388 -0.0167076 0.892951 -0.0398628 -0.448074
587 0.866886 0.0594264 -0.858201 -0.0147116 0.890542 -0.04247 -0.452675
588 0.854609 0.0137545 -0.866948 -0.0111 0.889494 -0.0382307 -0.455209
589 0.873302 0.0628113 -0.871052 -0.0141481 0.887921 -0.0434688 -0.45772
590 0.85106 0.0280939 -0.901168 -0.0099893 0.885755 -0.0402085 -0.462301
591 0.880975 0.0872715 -0.927134 -0.0140508 0.881864 -0.0459167 -0.469053
592 0.884323 0.0590251 -0.943963 -0.011182 0.879478 -0.0431926 -0.473844
593 0.858076 -0.00592451 -0.962791 -0.00808984 0.877991 -0.0326707 -0.477492
594 0.848396 0.000430391 -0.960645 -0.00765911 0.876922 -0.0333098 -0.479415
595 0.847972 0.0196989 -0.934121 -0.00992212 0.877066 -0.0344379 -0.479031
596 0.845758 -0.0116707 -0.966099 -0.00730767 0.873918 -0.031881 -0.484972
597 0.859648 0.0167216 -0.971805 -0.00943924 0.872104 -0.0349499 -0.487979
598 0.837453 -0.0234239 -1.00777 -0.00784724 0.869345 -0.0319438 -0.49311
599 0.865738 0.0539261 -1.00498 -0.0158953 0.868091 -0.0396359 -0.494565
600 0.877299 0.0736714 -1.03047 -0.0187286 0.865608 -0.0425747 -0.498557
601 0.857484 0.0577457 -1.02292 -0.0167058 0.865327 -0.0429099 -0.499088
602 0.825283 -0.00946813 -1.05029 0.0150803 -0.863457 0.0337572 0.503066
603 0.845418 0.063169 -1.0575 0.0199131 -0.861227 0.0434212 0.505971
604 0.84092 0.0373142 -1.07887 0.0193307 -0.858975 0.0395885 0.510118
605 0.838327 0.0220248 -1.07562 0.0181118 -0.858867 0.0360362 0.510609
606 0.842854 0.0346531 -1.1007 0.0171281 -0.8563 0.040072 0.514636
607 0.855264 0.0610803 -1.11052 0.0212012 -0.854559 0.0422956 0.517194
608 0.828615 -0.00925746 -1.14688 0.0177115 -0.851595 0.0316048 0.522947
609 0.832449 0.058612 -1.13717 0.0184741 -0.850543 0.0414099 0.523947
610 0.819328 0.0268535 -1.13599 0.0166366 -0.849814 0.0352144 0.525642
611 0.841702 0.0616844 -1.14973 0.0175952 -0.847364 0.0394099 0.529255
612 0.819184 0.0064196 -1.15743 0.0126987 -0.84715 0.0318812 0.530244
613 0.817892 0.0192744 -1.19601 0.0106817 -0.843219 0.0329481 0.536453
614 0.820615 0.0391317 -1.15904 0.0113799 -0.844998 0.0346195 0.533526
615 0.811863 0.05396 -1.1882 0.0100281 -0.841656 0.0354951 0.538753
616 0.825275 0.0192353 -1.21559 0.00689305 -0.83802 0.0281265 0.544871
617 0.817649 0.00455054 -1.22889 0.00497552 -0.835445 0.024879 0.548988
618 0.805291 0.0180468 -1.26011 0.00469426 -0.83079 0.0252702 0.555992
619 0.804462 0.0482251 -1.2371 0.00577839 -0.830781 0.0291832 0.555804
620 0.787181 0.0196839 -1.25709 0.00278634 -0.827505 0.0245519 0.560914
621 0.781526 0.0217242 -1.26112 0.00202066 -0.825688 0.0236037 0.563629
622 0.774628 -0.00809502 -1.30253 -0.000534462 -0.820506 0.0197745 0.571296
623 0.794029 0.0453824 -1.28413 0.00482526 -0.819542 0.0255583 0.572428
624 0.777679 -0.0357968 -1.32501 -0.00348595 -0.814192 0.0165118 0.580351
625 0.79539 -0.00691742 -1.35162 8.34944e-05 -0.808869 0.017053 0.587741
626 0.783288 0.015254 -1.33468 0.000809762 -0.807389 0.0183353 0.589734
627 0.779804 0.00682959 -1.34601 -0.00265799 -0.803292 0.0188277 0.595282
628 0.770058 -0.0524397 -1.36812 -0.00788706 -0.798341 0.011893 0.602037
629 0.775504 0.0395795 -1.36268 -0.0019869 -0.795312 0.0247839 0.60569
630 0.771786 0.0203495 -1.37138 -0.00379309 -0.791618 0.0227398 0.610582
631 0.752804 -0.0254485 -1.40239 -0.00903687 -0.78547 0.018157 0.618567
632 0.748509 -0.0224443 -1.40361 -0.0086071 -0.782497 0.0178699 0.622339
633 0.73477 -0.024131 -1.39268 -0.0082941 -0.781237 0.0193802 0.623879
634 0.747046 -0.00244855 -1.39562 -0.00856135 -0.777111 0.0251287 0.628803
635 0.728633 -0.0131122 -1.4261 -0.00798951 -0.771721 0.0233193 0.635483
636 0.750864 0.0223738 -1.42438 -0.00380167 -0.768753 0.0284224 0.638903
637 0.745904 0.0632653 -1.45536 0.00209501 -0.761313 0.0328561 0.647548
638 0.719944 -0.0188405 -1.44235 -0.00632714 -0.76108 0.0217984 0.648261
639 0.726925 0.0377289 -1.4508 -0.00016416 -0.757742 0.0266982 0.652007
640 0.705791 -0.00401835 -1.45053 -0.00282558 -0.756486 0.0199089 0.6537
641 0.707246 -0.0133573 -1.47222 -0.00501676 -0.752401 0.0195389 0.658396
642 0.719879 0.0173125 -1.46175 -0.00323369 -0.750149 0.0240904 0.660822
643 0.697305 -0.00989156 -1.50026 -0.00623033 -0.746464 0.0201876 0.66509
644 0.691193 -0.0193324 -1.49674 -0.00696222 -0.744453 0.0174546 0.66741
645 0.691372 0.0157866 -1.49065 -0.00597538 -0.744827 0.0224311 0.666854
646 0.683906 0.0082339 -1.51303 -0.00777551 -0.740015 0.0237112 0.672128
647 0.673558 0.0116982 -1.49895 -0.00679772 -0.740328 0.0236353 0.671796
648 0.675129 0.0483738 -1.52127 -0.00867101 -0.734798 0.0288201 0.677618
649 0.638688 0.0340013 -1.52336 -0.0130867 -0.731319 0.024356 0.681474
650 0.6473 0.0629569 -1.51683 -0.0111741 -0.729356 0.0272914 0.683499
651 0.633726 0.019978 -1.50874 -0.016789 -0.728166 0.0219411 0.684844
652 0.627264 -0.000120477 -1.51621 -0.0159285 -0.724066 0.0210657 0.689225
653 0.611474 0.0260335 -1.50766 -0.0156576 -0.723314 0.0261289 0.689847
654 0.596039 0.0175701 -1.52892 -0.0152502 -0.718396 0.0249963 0.695017
655 0.576657 0.0446102 -1.51779 -0.00994807 -0.716814 0.0248133 0.696752
656 0.570663 -0.0104298 -1.54958 -0.0160385 -0.711095 0.0191229 0.702652
657 0.543814 -0.0122767 -1.5322 -0.0147821 -0.710786 0.0169109 0.70305
658 0.572315 0.0562137 -1.52631 -0.00762855 -0.708961 0.0269493 0.704691
659 0.541553 0.0287959 -1.5442 -0.00748444 -0.704263 0.0230928 0.709524
660 0.517448 0.0259882 -1.5431 -0.00650012 -0.702802 0.0250131 0.710916
661 0.518701 -0.00365674 -1.54383 -0.00585098 -0.700266 0.0230852 0.713484
662 0.511255 0.0331702 -1.55382 -0.00212059 -0.696566 0.0291001 0.716899
663 0.501848 -0.015522 -1.55706 -0.0062025 -0.692835 0.0227938 0.720709
664 0.469792 0.0114147 -1.58262 -0.00403413 -0.688411 0.0284642 0.724751
665 0.470106 0.0104246 -1.54369 -0.00414893 -0.690502 0.0300488 0.722694
666 0.445374 0.0208051 -1.57362 -0.00155156 -0.685857 0.0337479 0.726952
667 0.434431 0.0124582 -1.56939 -0.00109763 -0.684279 0.0362934 0.728316
668 0.418676 -0.00733097 -1.56127 -0.000870158 -0.682898 0.0365385 0.729599
669 0.39817 0.000617055 -1.58907 -0.000733534 -0.677788 0.0413455 0.734094
670 0.396485 -0.0148616 -1.59615 -0.000410832 -0.675716 0.0395058 0.736102
671 0.383849 -0.0148435 -1.59153 0.00189222 -0.674504 0.0402454 0.737171
672 0.383813 -0.0104098 -1.59316 0.00373275 -0.670849 0.0395333 0.74053
673 0.362746 -0.0492553 -1.60727 -3.82854e-05 -0.666274 0.0366131 0.744807
674 0.381958 -0.0997636 -1.61076 -0.00953485 -0.663193 0.0235402 0.748017
675 0.335916 -0.0680175 -1.61847 0.000923891 -0.659531 0.0368468 0.750773
676 0.36421 -0.0308689 -1.60765 0.00527398 -0.658575 0.0433669 0.751246
677 0.322358 -0.0328041 -1.63079 0.00677291 -0.653492 0.0474572 0.755414
678 0.335358 -0.0337814 -1.61952 0.0097803 -0.652227 0.0459612 0.756566
679 0.304613 -0.0950251 -1.619 0.00555429 -0.649325 0.0381365 0.759534
680 0.312335 -0.0247751 -1.62209 0.012384 -0.646056 0.0481457 0.761669
681 0.297594 -0.048937 -1.6258 0.011916 -0.64315 0.0467173 0.764221
682 0.305153 -0.0621378 -1.62144 0.0121176 -0.64159 0.0459824 0.765573
683 0.274056 -0.0588636 -1.63546 0.0146667 -0.637048 0.0479806 0.76919
684 0.298199 -0.0776464 -1.60855 0.0139146 -0.63765 0.0453183 0.768866
685 0.288494 -0.0693874 -1.63542 0.0155724 -0.631868 0.0487551 0.773384
686 0.277437 -0.0632119 -1.6365 0.0199795 -0.628536 0.0506124 0.775875
687 0.255331 -0.0655679 -1.66199 0.0210031 -0.621752 0.0547897 0.781013
688 0.247259 -0.0537028 -1.65959 0.0243277 -0.617961 0.0579208 0.783695
689 0.244677 -0.0781562 -1.67402 0.0243424 -0.612853 0.0554008 0.787876
690 0.263572 -0.0665125 -1.64318 0.0271757 -0.612633 0.059723 0.787639
691 0.238651 -0.0783527 -1.66822 0.0288423 -0.605387 0.0615173 0.793026
692 0.238144 -0.0871396 -1.68223 0.0284328 -0.599931 0.0616327 0.797168
693 0.217371 -0.0538694 -1.68726 0.0326295 -0.594882 0.0686668 0.80021
694 0.217178 -0.100107 -1.68717 0.0249722 -0.590244 0.06471 0.80424
695 0.189044 -0.109668 -1.71882 0.0233933 -0.581531 0.0619799 0.810822
696 0.185597 -0.139331 -1.73241 0.0196159 -0.575263 0.0589024 0.815609
697 0.175901 -0.0961938 -1.72036 0.0285955 -0.572257 0.0704597 0.816542
698 0.175357 -0.0854489 -1.7424 0.0292139 -0.566494 0.0723104 0.820367
699 0.163735 -0.110499 -1.74667 0.025371 -0.560584 0.0706412 0.824689
700 0.230732 -0.123109 -1.68571 0.0268815 -0.564091 0.0709322 0.822221
701 0.137994 -0.0971641 -1.76955 0.03053 -0.548892 0.0777584 0.831709
702 0.106148 -0.139585 -1.80253 0.0258253 -0.539783 0.0768425 0.837892
703 0.156576 -0.122267 -1.74769 0.0275251 -0.543421 0.0789591 0.835285
704 0.0923574 -0.2297 -1.79864 0.01315 -0.531401 0.066908 0.844372
705 0.116469 -0.135922 -1.76852 0.0281216 -0.532866 0.0812945 0.841816
706 0.0867843 -0.230489 -1.82311 0.0152099 -0.520867 0.0685848 0.850742
707 0.187981 -0.143876 -1.7039 0.0328722 -0.534117 0.0797349 0.841
708 0.0727802 -0.215526 -1.83186 0.0244382 -0.511949 0.0728346 0.855574
709 0.0972881 -0.121833 -1.78044 0.0447241 -0.517793 0.0881503 0.849776
710 0.0918092 -0.152291 -1.78835 0.0322781 -0.511887 0.0814717 0.854571
711 0.0702339 -0.098579 -1.7961 0.0466964 -0.510293 0.0892237 0.854084
712 0.0571431 -0.176067 -1.81202 0.0365689 -0.504898 0.0770707 0.858953
713 0.0294841 -0.162394 -1.82922 0.0398483 -0.499659 0.0788884 0.861701
714 0.0416826 -0.236065 -1.8001 0.0238148 -0.498463 0.0662341 0.864049
715 0.0486426 -0.164461 -1.79225 0.041231 -0.500601 0.0802072 0.860968
716 0.031891 -0.238513 -1.79099 0.0299636 -0.497211 0.0699301 0.864288
717 0.0276669 -0.170203 -1.78888 0.0451249 -0.49518 0.0822936 0.863706
718 0.00600902 -0.176817 -1.77887 0.0507509 -0.493126 0.0809483 0.864696
719 -0.00264638 -0.149407 -1.79947 0.059228 -0.488655 0.0864827 0.866158
720 0.024627 -0.208266 -1.76961 0.0489063 -0.490396 0.0782693 0.866599
721 -0.00200692 -0.195075 -1.75494 0.0500009 -0.488351 0.0783421 0.867684
722 -0.0521767 -0.238592 -1.79555 0.0475545 -0.478965 0.0748262 0.873345
723 0.0173604 -0.216366 -1.72877 0.0501021 -0.486882 0.0768549 0.868636
724 -0.037543 -0.214675 -1.76296 0.0538443 -0.478971 0.0780418 0.872695
725 -0.069013 -0.193101 -1.77027 0.0628009 -0.476 0.0841785 0.873152
726 -0.0251246 -0.227027 -1.71517 0.0571761 -0.481386 0.0821354 0.870777
727 -0.0859555 -0.219844 -1.74373 0.0621983 -0.47292 0.0812005 0.875148
728 -0.0856952 -0.159775 -1.74489 0.0747934 -0.470788 0.0908973 0.874358
729 -0.0647581 -0.202034 -1.71215 0.0633164 -0.470994 0.0835377 0.875887
730 -0.102071 -0.215318 -1.70901 0.0638001 -0.463911 0.0840446 0.879575
731 -0.13497 -0.214666 -1.72743 0.0668788 -0.455865 0.0832785 0.883617
732 -0.152759 -0.238973 -1.74361 0.0668386 -0.449447 0.080331 0.887174
733 -0.128005 -0.232183 -1.70775 0.0695238 -0.450353 0.0806871 0.886475
734 -0.166751 -0.250652 -1.7118 0.0717791 -0.443036 0.0782314 0.890195
735 -0.120817 -0.252557 -1.67251 0.0750577 -0.445511 0.0741163 0.88904
736 -0.124076 -0.234623 -1.64695 0.0819797 -0.444529 0.0761456 0.888749
737 -0.21548 -0.274455 -1.69914 0.0827379 -0.427369 0.0799813 0.896723
738 -0.163007 -0.247532 -1.64257 0.0891749 -0.436267 0.0834198 0.891493
739 -0.235798 -0.280579 -1.72999 0.0892278 -0.417839 0.0847059 0.900152
740 -0.1031 -0.234532 -1.56827 0.103373 -0.44178 0.0858462 0.887003
741 -0.147161 -0.222543 -1.60768 0.108508 -0.434919 0.0888092 0.889486
742 -0.228944 -0.31881 -1.61468 0.0947905 -0.424337 0.0850162 0.896507
743 -0.278233 -0.255217 -1.7351 0.111136 -0.40552 0.088543 0.902974
744 -0.290614 -0.298317 -1.67211 0.105809 -0.409789 0.0871606 0.901821
745 -0.266005 -0.245344 -1.68301 0.12268 -0.407396 0.0868938 0.900793
746 -0.297299 -0.236576 -1.71437 0.126533 -0.401409 0.090198 0.902621
747 -0.23977 -0.279295 -1.69373 0.128652 -0.405985 0.0855682 0.900724
748 -0.241076 -0.280508 -1.68153 0.132896 -0.405472 0.0900802 0.899898
749 -0.247448 -0.289733 -1.65086 0.137191 -0.405826 0.0923329 0.898865
750 -0.258622 -0.227043 -1.63335 0.152472 -0.403374 0.0933449 0.897401
751 -0.27968 -0.307306 -1.64824 0.147556 -0.400252 0.091038 0.899854
752 -0.288688 -0.306698 -1.65796 0.150015 -0.397786 0.0948948 0.900142
753 -0.31084 -0.298253 -1.61836 0.156493 -0.399038 0.0969034 0.89827
754 -0.307007 -0.272357 -1.63052 0.163477 -0.397353 0.100235 0.897406
755 -0.295155 -0.261867 -1.64934 0.17011 -0.395562 0.102747 0.896681
756 -0.288227 -0.316027 -1.57604 0.16711 -0.404004 0.0999588 0.893792
757 -0.314769 -0.358637 -1.58373 0.166603 -0.400311 0.103875 0.8951
758 -0.299373 -0.306977 -1.5818 0.17873 -0.402823 0.107218 0.891232
759 -0.310886 -0.371405 -1.59482 0.176927 -0.400417 0.107466 0.892644
760 -0.338669 -0.359398 -1.58087 0.183202 -0.39994 0.110162 0.891262
761 -0.340124 -0.375313 -1.57102 0.185925 -0.400985 0.111571 0.890053
762 -0.292835 -0.341186 -1.54225 0.191983 -0.408667 0.114803 0.884847
763 -0.306966 -0.369358 -1.53746 0.194354 -0.407725 0.113283 0.88496
764 -0.331449 -0.433363 -1.5702 0.19042 -0.403093 0.110328 0.888304
765 -0.368642 -0.484192 -1.56419 0.183789 -0.401149 0.110829 0.890516
766 -0.372565 -0.460933 -1.54507 0.194558 -0.400265 0.112086 0.888466
767 -0.400526 -0.441217 -1.55642 0.197932 -0.396875 0.115992 0.88874
768 -0.440304 -0.398782 -1.59365 0.212559 -0.386995 0.113742 0.890009
769 -0.424655 -0.456619 -1.56479 0.206637 -0.391101 0.112117 0.889815
770 -0.44617 -0.533928 -1.57519 0.192908 -0.389809 0.11103 0.893593
771 -0.425275 -0.423759 -1.54426 0.215737 -0.389749 0.11695 0.887624
772 -0.414629 -0.373508 -1.52055 0.22403 -0.391564 0.126138 0.883503
773 -0.42182 -0.289868 -1.54325 0.238583 -0.38603 0.128213 0.881828
774 -0.430749 -0.419126 -1.50418 0.225242 -0.390766 0.121366 0.884216
775 -0.4162 -0.29395 -1.52594 0.244779 -0.386872 0.129443 0.879578
776 -0.443513 -0.241041 -1.55427 0.253939 -0.381244 0.138333 0.878084
777 -0.46212 -0.362768 -1.55362 0.241865 -0.380733 0.126348 0.883504
778 -0.461483 -0.279521 -1.56898 0.254 -0.376461 0.136037 0.880486
779 -0.471383 -0.358812 -1.49969 0.248871 -0.380846 0.133106 0.880512
780 -0.468664 -0.254111 -1.54836 0.263163 -0.373068 0.135845 0.879268
781 -0.431327 -0.29348 -1.49808 0.258314 -0.379527 0.134904 0.878085
782 -0.489658 -0.352471 -1.48542 0.261166 -0.37513 0.130849 0.879743
783 -0.483765 -0.336505 -1.48575 0.263421 -0.373914 0.129009 0.87986
784 -0.496632 -0.286222 -1.44399 0.278793 -0.371905 0.133109 0.875353
785 -0.484474 -0.301527 -1.46872 0.271088 -0.367632 0.136664 0.879023
786 -0.50057 -0.331992 -1.46558 0.270433 -0.364787 0.127496 0.881783
787 -0.500888 -0.383378 -1.44337 0.264269 -0.363729 0.127586 0.884073
788 -0.571039 -0.323925 -1.52348 0.271935 -0.344376 0.127771 0.889455
789 -0.522896 -0.327903 -1.46452 0.271651 -0.350932 0.12969 0.886698
790 -0.537024 -0.28725 -1.48722 0.27975 -0.344517 0.130106 0.886634
791 -0.53673 -0.30992 -1.47714 0.277586 -0.342547 0.125687 0.888713
792 -0.556881 -0.310412 -1.47358 0.277531 -0.336285 0.12231 0.891588
793 -0.53906 -0.26277 -1.46919 0.280346 -0.334992 0.12625 0.890644
794 -0.514955 -0.314665 -1.45465 0.272619 -0.336792 0.119015 0.893357
795 -0.530793 -0.278515 -1.44136 0.277726 -0.334703 0.117609 0.892754
796 -0.561923 -0.253784 -1.44416 0.279913 -0.327666 0.116569 0.894816
797 -0.553589 -0.278871 -1.46406 0.271231 -0.323422 0.117421 0.898912
798 -0.560687 -0.295357 -1.44307 0.267327 -0.321918 0.11376 0.90109
799 -0.579038 -0.264057 -1.4532 0.272021 -0.317972 0.114213 0.901029
800 -0.567721 -0.31916 -1.4602 0.258752 -0.316776 0.105554 0.906399
801 -0.567735 -0.297584 -1.47137 0.259629 -0.314244 0.104615 0.907138
802 -0.542395 -0.331602 -1.44347 0.253272 -0.316861 0.0962445 0.90895
803 -0.538785 -0.320387 -1.43197 0.25312 -0.316237 0.0969571 0.909133
804 -0.536227 -0.378887 -1.43972 0.246179 -0.313073 0.0867668 0.913155
805 -0.527085 -0.337842 -1.42073 0.247674 -0.312649 0.0891302 0.912669
806 -0.555235 -0.336756 -1.44613 0.245784 -0.30547 0.0857946 0.915924
807 -0.513938 -0.344282 -1.40165 0.242059 -0.310978 0.0834225 0.915282
808 -0.537875 -0.352621 -1.43374 0.236967 -0.30375 0.0819343 0.919168
809 -0.559725 -0.281393 -1.44297 0.244442 -0.298412 0.0838162 0.918789
810 -0.551841 -0.329641 -1.42556 0.235042 -0.299482 0.0825507 0.921006
811 -0.55106 -0.315309 -1.43221 0.234668 -0.298647 0.081288 0.921484
812 -0.586454 -0.340062 -1.44301 0.230184 -0.294119 0.0748981 0.924608
813 -0.569129 -0.329564 -1.42423 0.227931 -0.295377 0.0764248 0.92464
814 -0.584986 -0.35446 -1.42748 0.2215 -0.293561 0.0723441 0.927106
815 -0.553323 -0.374815 -1.42299 0.212828 -0.296887 0.0735851 0.92798
816 -0.588936 -0.384633 -1.44199 0.209461 -0.290907 0.0700486 0.930909
817 -0.573379 -0.348479 -1.42962 0.211679 -0.292995 0.0708467 0.929692
818 -0.557581 -0.337491 -1.4123 0.209884 -0.294918 0.0719565 0.929405
819 -0.577805 -0.344423 -1.42658 0.206772 -0.291201 0.0707381 0.931366
820 -0.56185 -0.300084 -1.42401 0.209366 -0.292085 0.0716931 0.930437
821 -0.572077 -0.294537 -1.41239 0.206778 -0.29064 0.0686068 0.9317
822 -0.568798 -0.318134 -1.41619 0.200206 -0.287797 0.0667934 0.934146
823 -0.569467 -0.313789 -1.41186 0.200051 -0.285357 0.0618515 0.935268
824 -0.559561 -0.298612 -1.39167 0.19957 -0.286283 0.0640383 0.93494
825 -0.583906 -0.339952 -1.39953 0.192451 -0.281608 0.0593395 0.938157
826 -0.561529 -0.295182 -1.37219 0.19556 -0.283453 0.0553919 0.937199
827 -0.588595 -0.322247 -1.36839 0.186498 -0.278434 0.0545672 0.940593
828 -0.582865 -0.303753 -1.37231 0.183154 -0.27579 0.051396 0.942206
829 -0.594907 -0.316286 -1.36753 0.177398 -0.27191 0.0460257 0.94471
830 -0.534081 -0.280851 -1.32452 0.173663 -0.279674 0.0493743 0.942967
831 -0.540217 -0.249322 -1.33201 0.173599 -0.276381 0.049566 0.943939
832 -0.568305 -0.254907 -1.34575 0.16926 -0.271172 0.0456857 0.94643
833 -0.575012 -0.302166 -1.32411 0.158543 -0.272387 0.0409604 0.948152
834 -0.573583 -0.256234 -1.31154 0.160512 -0.27157 0.0396206 0.948112
835 -0.538473 -0.173612 -1.29943 0.1667 -0.27301 0.0429752 0.946483
836 -0.528581 -0.211637 -1.29862 0.156573 -0.272691 0.0370722 0.948552
837 -0.590284 -0.274679 -1.31238 0.145012 -0.262339 0.0271106 0.953632
838 -0.54204 -0.185242 -1.28152 0.149991 -0.265043 0.0327546 0.951936
839 -0.567416 -0.2098 -1.29519 0.144066 -0.258739 0.0284043 0.954721
840 -0.572416 -0.231016 -1.28007 0.139266 -0.257613 0.025326 0.955824
841 -0.555096 -0.148094 -1.26691 0.146355 -0.257746 0.0296791 0.954603
842 -0.573863 -0.178945 -1.26107 0.138256 -0.254479 0.0252977 0.95681
843 -0.55374 -0.149505 -1.24242 0.139055 -0.255398 0.0233949 0.956498
844 -0.567456 -0.177811 -1.25456 0.130978 -0.249774 0.0179897 0.959236
845 -0.617688 -0.0917851 -1.26163 0.137328 -0.241117 0.0267738 0.960358
846 -0.561935 -0.121431 -1.24481 0.128928 -0.245184 0.0216635 0.960621
847 -0.549274 -0.12036 -1.22956 0.126181 -0.246275 0.0213288 0.960714
848 -0.606388 -0.251494 -1.2629 0.108005 -0.236003 0.0095232 0.965685
849 -0.583167 -0.102605 -1.22085 0.122838 -0.240382 0.0235557 0.962586
850 -0.613592 -0.215735 -1.24634 0.10745 -0.235009 0.0120616 0.965961
851 -0.584109 -0.196928 -1.24496 0.105479 -0.235628 0.0131753 0.966012
852 -0.577498 -0.116606 -1.22946 0.110419 -0.234601 0.0186286 0.965621
853 -0.579947 -0.137093 -1.24022 0.106547 -0.231956 0.0138576 0.966774
854 -0.594506 -0.261131 -1.23048 0.0874924 -0.228499 0.00627764 0.969584
855 -0.566147 -0.179298 -1.22686 0.0979496 -0.229298 0.00750108 0.968386
856 -0.577314 -0.192461 -1.23492 0.0966235 -0.226419 0.00694653 0.969201
857 -0.558268 -0.206367 -1.21118 0.09233 -0.230487 0.00529682 0.968671
858 -0.590155 -0.119235 -1.23021 0.100428 -0.223224 0.0125946 0.969498
859 -0.637986 -0.186227 -1.22301 0.0907409 -0.217796 0.00640287 0.971746
860 -0.590007 -0.17602 -1.21768 0.0893653 -0.222841 0.00438191 0.97074
861 -0.569526 -0.126365 -1.21995 0.0931538 -0.224193 0.00635674 0.970062
862 -0.596583 -0.156455 -1.21783 0.0854522 -0.220247 0.00603647 0.971675
863 -0.561761 -0.100303 -1.20314 0.0891264 -0.223484 0.00934222 0.970579
864 -0.612395 -0.166621 -1.21642 0.0787673 -0.216252 0.00561654 0.973139
865 -0.636593 -0.131442 -1.22869 0.0821043 -0.212435 0.00873183 0.973681
866 -0.595767 -0.172418 -1.21174 0.0755688 -0.217935 0.00424719 0.973024
867 -0.585262 -0.171531 -1.2072 0.0733964 -0.218784 0.00464259 0.972998
868 -0.562131 -0.0828158 -1.20463 0.0813265 -0.219683 0.0105409 0.972119
869 -0.556736 -0.103945 -1.21146 0.0772611 -0.219564 0.00743066 0.972506
870 -0.629552 -0.0986075 -1.1996 0.0758515 -0.212322 0.0091987 0.974208
871 -0.56587 -0.127567 -1.19942 0.0706037 -0.218352 0.00397091 0.973305
872 -0.579542 -0.072084 -1.20494 0.0751878 -0.215696 0.00804239 0.973528
873 -0.624059 -0.0475527 -1.20319 0.0764662 -0.210807 0.00981276 0.974483
874 -0.621914 -0.0197918 -1.2037 0.0788093 -0.212289 0.0126763 0.973941
875 -0.62661 -0.0341125 -1.20461 0.0756358 -0.211879 0.0124218 0.974285
876 -0.661766 -0.0247361 -1.19153 0.0766248 -0.208915 0.0138764 0.974829
877 -0.628459 -0.0577835 -1.18654 0.0726762 -0.212925 0.0112999 0.974296
878 -0.651 -0.0534046 -1.19228 0.072717 -0.210471 0.012349 0.974814
879 -0.639027 -0.0206286 -1.208 0.0777539 -0.209614 0.0147926 0.974576
