0 -1.9028 2.1183 0.8811 0.3371 0.8033 -0.4615 -0.1673 
1 -1.9029 2.1181 0.881 0.3385 0.8026 -0.4624 -0.1656 
2 -1.9025 2.118 0.8801 0.3362 0.805 -0.4595 -0.167 
3 -1.9026 2.1183 0.8801 0.3358 0.804 -0.4611 -0.1678 
4 -1.9024 2.1184 0.8794 0.3374 0.8047 -0.4597 -0.1655 
5 -1.9022 2.1182 0.8788 0.3365 0.8065 -0.4573 -0.1651 
6 -1.9022 2.1188 0.8787 0.3372 0.8057 -0.4573 -0.1674 
7 -1.9023 2.119 0.8786 0.3383 0.805 -0.4582 -0.1664 
8 -1.9021 2.1186 0.8781 0.337 0.8064 -0.4568 -0.1657 
9 -1.9021 2.1184 0.8779 0.3363 0.8068 -0.4565 -0.1664 
10 -1.9022 2.1182 0.878 0.3361 0.8059 -0.458 -0.1668 
11 -1.9023 2.118 0.8778 0.3368 0.8059 -0.4574 -0.167 
12 -1.9023 2.118 0.8778 0.337 0.8059 -0.4569 -0.1679 
13 -1.9023 2.1177 0.8778 0.3377 0.805 -0.4579 -0.1679 
14 -1.9023 2.1176 0.8779 0.338 0.8051 -0.4577 -0.1677 
15 -1.9023 2.1175 0.8776 0.3375 0.8054 -0.4572 -0.1687 
16 -1.9021 2.1175 0.8776 0.3371 0.8052 -0.4577 -0.1688 
17 -1.902 2.1175 0.8775 0.3382 0.8054 -0.4568 -0.168 
18 -1.902 2.1176 0.8773 0.3387 0.8059 -0.4555 -0.1684 
19 -1.9019 2.1176 0.877 0.3381 0.806 -0.4553 -0.1694 
20 -1.9014 2.1176 0.877 0.3369 0.8064 -0.456 -0.1684 
21 -1.901 2.1172 0.877 0.3368 0.8081 -0.4531 -0.1683 
22 -1.901 2.1173 0.877 0.3367 0.8078 -0.4531 -0.1695 
23 -1.901 2.1171 0.877 0.3375 0.8074 -0.4535 -0.169 
24 -1.9012 2.1169 0.8769 0.3385 0.8074 -0.453 -0.1682 
25 -1.901 2.1169 0.8769 0.3385 0.8076 -0.4523 -0.1691 
26 -1.9007 2.1169 0.8769 0.3379 0.8076 -0.4529 -0.1689 
27 -1.9006 2.1169 0.8769 0.338 0.8075 -0.4527 -0.1694 
28 -1.9007 2.1169 0.8767 0.3374 0.8069 -0.4543 -0.1693 
29 -1.9002 2.1169 0.8766 0.3383 0.8079 -0.4521 -0.1685 
30 -1.8998 2.117 0.8764 0.3375 0.8085 -0.4517 -0.1687 
31 -1.899 2.1172 0.8763 0.3385 0.8081 -0.4517 -0.1685 
32 -1.8989 2.1172 0.8763 0.339 0.8086 -0.4508 -0.1677 
33 -1.899 2.1173 0.8763 0.3387 0.8071 -0.4529 -0.1697 
34 -1.8991 2.1174 0.8764 0.3395 0.8066 -0.4532 -0.1695 
35 -1.8988 2.1172 0.8766 0.3406 0.8083 -0.4498 -0.168 
36 -1.8988 2.1174 0.8765 0.3391 0.8074 -0.4518 -0.1702 
37 -1.8989 2.1177 0.8766 0.339 0.8066 -0.4529 -0.1715 
38 -1.8988 2.1176 0.8767 0.3405 0.8069 -0.4518 -0.1696 
39 -1.8987 2.1175 0.8768 0.3408 0.8079 -0.45 -0.1694 
40 -1.8986 2.1176 0.877 0.3403 0.8075 -0.4505 -0.171 
41 -1.8987 2.1176 0.8771 0.3406 0.8057 -0.4534 -0.1713 
42 -1.8985 2.1175 0.8771 0.3406 0.8069 -0.4514 -0.1708 
43 -1.8985 2.1175 0.8772 0.3412 0.807 -0.4505 -0.1714 
44 -1.8986 2.1175 0.8772 0.342 0.8058 -0.4518 -0.1719 
45 -1.8978 2.1175 0.8769 0.3411 0.8073 -0.4498 -0.1721 
46 -1.8976 2.117 0.8768 0.3437 0.8051 -0.4512 -0.1734 
47 -1.8972 2.1169 0.8765 0.3454 0.8053 -0.4498 -0.173 
48 -1.8961 2.1165 0.8759 0.3448 0.8061 -0.4488 -0.173 
49 -1.8954 2.1165 0.8755 0.3447 0.8052 -0.4501 -0.174 
50 -1.8945 2.1163 0.8749 0.3459 0.805 -0.4494 -0.1741 
51 -1.8931 2.116 0.874 0.3473 0.8057 -0.4477 -0.1725 
52 -1.8919 2.1158 0.8734 0.3476 0.8061 -0.4469 -0.1724 
53 -1.891 2.1157 0.873 0.3476 0.8054 -0.4473 -0.1745 
54 -1.8894 2.1156 0.8722 0.3493 0.804 -0.448 -0.1755 
55 -1.888 2.1153 0.8717 0.3506 0.8053 -0.4456 -0.1731 
56 -1.8869 2.1151 0.8712 0.3494 0.806 -0.444 -0.1764 
57 -1.8849 2.1149 0.8713 0.347 0.8053 -0.445 -0.1817 
58 -1.8833 2.1143 0.8716 0.3483 0.8049 -0.445 -0.1811 
59 -1.8817 2.1131 0.8721 0.3496 0.8052 -0.4431 -0.1819 
60 -1.879 2.1108 0.8731 0.3502 0.8046 -0.4414 -0.1873 
61 -1.8765 2.1086 0.8741 0.3515 0.8017 -0.4447 -0.1894 
62 -1.8735 2.1059 0.8749 0.3522 0.8011 -0.4451 -0.1899 
63 -1.8691 2.1021 0.8761 0.353 0.8005 -0.4439 -0.1938 
64 -1.8651 2.0989 0.8771 0.3536 0.7985 -0.4467 -0.1947 
65 -1.859 2.0946 0.8781 0.3532 0.7979 -0.4474 -0.1961 
66 -1.8539 2.0912 0.8782 0.3534 0.7975 -0.4464 -0.1994 
67 -1.848 2.0877 0.8788 0.3567 0.7967 -0.4452 -0.1997 
68 -1.8409 2.0828 0.8795 0.3556 0.7963 -0.4465 -0.2002 
69 -1.834 2.0792 0.88 0.3559 0.7957 -0.4459 -0.2033 
70 -1.8272 2.0751 0.8803 0.3568 0.7946 -0.4469 -0.2039 
71 -1.8175 2.0697 0.8805 0.3581 0.7943 -0.4462 -0.2044 
72 -1.8095 2.0653 0.8805 0.3604 0.7944 -0.4432 -0.2065 
73 -1.7998 2.0591 0.8802 0.3604 0.7941 -0.4432 -0.2076 
74 -1.7934 2.0538 0.8799 0.3585 0.7939 -0.4451 -0.2076 
75 -1.7861 2.0484 0.8797 0.3605 0.793 -0.444 -0.2099 
76 -1.7772 2.0412 0.8798 0.3637 0.7917 -0.4441 -0.2089 
77 -1.7707 2.0354 0.8797 0.3644 0.791 -0.4446 -0.2092 
78 -1.7647 2.0296 0.8799 0.3655 0.7896 -0.4456 -0.2106 
79 -1.7569 2.0217 0.8799 0.368 0.7887 -0.4458 -0.2095 
80 -1.7515 2.0159 0.8801 0.3683 0.7886 -0.4457 -0.2095 
81 -1.7465 2.0103 0.8801 0.3684 0.7875 -0.4456 -0.2132 
82 -1.7396 2.0026 0.8802 0.3697 0.7867 -0.4454 -0.2146 
83 -1.7341 1.9967 0.8804 0.3708 0.787 -0.4453 -0.2117 
84 -1.729 1.9909 0.8804 0.3698 0.7885 -0.4428 -0.2132 
85 -1.7235 1.9834 0.8804 0.3703 0.786 -0.4432 -0.2204 
86 -1.7191 1.9771 0.8807 0.3739 0.7843 -0.4447 -0.2174 
87 -1.715 1.9702 0.8801 0.3759 0.7857 -0.4431 -0.2123 
88 -1.7104 1.9619 0.8796 0.3737 0.7858 -0.4419 -0.218 
89 -1.7072 1.9559 0.8795 0.3729 0.7839 -0.4455 -0.2189 
90 -1.704 1.95 0.8792 0.3715 0.7865 -0.4439 -0.2152 
91 -1.7009 1.9424 0.8778 0.3685 0.7878 -0.4425 -0.2184 
92 -1.6993 1.9371 0.8771 0.369 0.7867 -0.4431 -0.2205 
93 -1.6976 1.9312 0.8767 0.3691 0.7884 -0.4412 -0.2178 
94 -1.6958 1.9232 0.8754 0.3656 0.7906 -0.4397 -0.2191 
95 -1.6946 1.9178 0.8748 0.363 0.7893 -0.4428 -0.2217 
96 -1.6936 1.9118 0.8734 0.3608 0.7906 -0.4426 -0.2212 
97 -1.6933 1.9032 0.871 0.357 0.7932 -0.4418 -0.2195 
98 -1.6929 1.8973 0.8699 0.3568 0.7916 -0.4437 -0.2217 
99 -1.6922 1.8913 0.8691 0.3575 0.7915 -0.4438 -0.2207 
100 -1.6905 1.8844 0.8689 0.3614 0.792 -0.4402 -0.22 
101 -1.689 1.8802 0.869 0.3619 0.792 -0.4388 -0.222 
102 -1.6867 1.8738 0.8697 0.3567 0.792 -0.443 -0.2218 
103 -1.6845 1.8703 0.8707 0.3564 0.7912 -0.4434 -0.2243 
104 -1.6829 1.8667 0.8714 0.3576 0.7922 -0.4405 -0.2247 
105 -1.6806 1.8624 0.872 0.3611 0.7921 -0.4376 -0.2251 
106 -1.6793 1.8581 0.8724 0.358 0.7936 -0.4368 -0.2263 
107 -1.6778 1.854 0.8727 0.3554 0.7934 -0.4375 -0.2297 
108 -1.6767 1.848 0.8729 0.3548 0.7909 -0.4421 -0.2303 
109 -1.6753 1.8435 0.8731 0.3584 0.7915 -0.4375 -0.2314 
110 -1.6737 1.8371 0.8735 0.359 0.7936 -0.434 -0.2301 
111 -1.6721 1.8324 0.8745 0.3572 0.7919 -0.4376 -0.232 
112 -1.6702 1.8279 0.8749 0.3536 0.7929 -0.4387 -0.2323 
113 -1.6661 1.8168 0.8754 0.3506 0.795 -0.4369 -0.2326 
114 -1.6644 1.8117 0.875 0.3504 0.7938 -0.4406 -0.2303 
115 -1.6614 1.8058 0.8753 0.3515 0.7949 -0.4366 -0.2324 
116 -1.6589 1.8013 0.8754 0.3508 0.7953 -0.4367 -0.2317 
117 -1.6559 1.7967 0.8749 0.3501 0.7943 -0.4403 -0.2295 
118 -1.6521 1.7918 0.8744 0.3511 0.7932 -0.4396 -0.2331 
119 -1.649 1.7875 0.8737 0.3537 0.7937 -0.4374 -0.2314 
120 -1.646 1.7831 0.8736 0.3579 0.7923 -0.4376 -0.2295 
121 -1.6423 1.7773 0.8736 0.3569 0.7909 -0.4397 -0.2317 
122 -1.6394 1.7727 0.873 0.3548 0.7902 -0.4421 -0.2328 
123 -1.6362 1.7679 0.8726 0.3563 0.7917 -0.4394 -0.2306 
124 -1.6328 1.7622 0.873 0.3616 0.7917 -0.4361 -0.2286 
125 -1.6299 1.7572 0.8739 0.3633 0.7897 -0.4388 -0.2279 
126 -1.6271 1.7521 0.8752 0.3611 0.7888 -0.4425 -0.2273 
127 -1.6243 1.7471 0.8758 0.3568 0.7896 -0.4456 -0.2253 
128 -1.6201 1.7414 0.8766 0.3548 0.7917 -0.4437 -0.2248 
129 -1.6138 1.7319 0.8772 0.3543 0.7928 -0.4434 -0.2221 
130 -1.6112 1.7279 0.877 0.353 0.7938 -0.4424 -0.2225 
131 -1.6073 1.7226 0.8776 0.3509 0.7928 -0.4461 -0.2222 
132 -1.6033 1.7172 0.8772 0.3474 0.795 -0.4461 -0.22 
133 -1.6008 1.7135 0.8767 0.3452 0.7968 -0.4434 -0.222 
134 -1.598 1.7099 0.8766 0.3439 0.7978 -0.4429 -0.2214 
135 -1.5948 1.705 0.8765 0.3431 0.7975 -0.4443 -0.2211 
136 -1.5923 1.7009 0.8763 0.3426 0.7981 -0.4433 -0.2216 
137 -1.5898 1.6967 0.8767 0.342 0.7987 -0.4436 -0.2196 
138 -1.5863 1.6916 0.8774 0.3414 0.7972 -0.4469 -0.2194 
139 -1.5838 1.6877 0.8766 0.3419 0.797 -0.4463 -0.2208 
140 -1.5806 1.6837 0.8765 0.3434 0.7978 -0.4453 -0.2176 
141 -1.5766 1.6786 0.8765 0.3434 0.7986 -0.4442 -0.2167 
142 -1.5737 1.6751 0.8765 0.3426 0.7981 -0.4447 -0.2186 
143 -1.5708 1.6711 0.8764 0.3423 0.7977 -0.4456 -0.219 
144 -1.567 1.6653 0.8756 0.3441 0.7976 -0.4444 -0.2189 
145 -1.5639 1.6611 0.8757 0.3463 0.7975 -0.443 -0.2186 
146 -1.5607 1.6566 0.8759 0.3476 0.7969 -0.4428 -0.2193 
147 -1.5562 1.6498 0.8761 0.3489 0.795 -0.4451 -0.2193 
148 -1.5528 1.645 0.8769 0.3509 0.7941 -0.4445 -0.2205 
149 -1.5493 1.6396 0.8771 0.352 0.7928 -0.4453 -0.2221 
150 -1.5436 1.6327 0.8773 0.351 0.7924 -0.447 -0.2216 
151 -1.5399 1.6276 0.877 0.3514 0.7915 -0.447 -0.2238 
152 -1.5366 1.6221 0.8765 0.3536 0.7915 -0.4454 -0.2238 
153 -1.532 1.6149 0.8768 0.3546 0.7913 -0.4447 -0.2245 
154 -1.5281 1.6096 0.8771 0.354 0.7899 -0.4465 -0.2265 
155 -1.5238 1.6042 0.8781 0.3538 0.7893 -0.4485 -0.2251 
156 -1.5183 1.5971 0.8788 0.3547 0.7873 -0.4501 -0.2273 
157 -1.5142 1.5926 0.8791 0.3553 0.7861 -0.4505 -0.2297 
158 -1.5098 1.5882 0.8794 0.3574 0.7857 -0.4498 -0.2296 
159 -1.5038 1.5815 0.8794 0.362 0.786 -0.4474 -0.2258 
160 -1.4987 1.5773 0.8796 0.3648 0.7878 -0.4412 -0.2271 
161 -1.4949 1.5715 0.8801 0.3628 0.7851 -0.4456 -0.231 
162 -1.4886 1.5634 0.8804 0.3608 0.7846 -0.4495 -0.2283 
163 -1.4835 1.5581 0.8802 0.3618 0.7866 -0.4453 -0.228 
164 -1.4796 1.552 0.8811 0.3622 0.7848 -0.4471 -0.2304 
165 -1.4735 1.5447 0.881 0.367 0.7851 -0.443 -0.2295 
166 -1.4696 1.538 0.8812 0.3665 0.784 -0.4459 -0.2285 
167 -1.4652 1.5319 0.8818 0.3644 0.7845 -0.4466 -0.2286 
168 -1.4601 1.5241 0.8838 0.3645 0.7826 -0.4486 -0.231 
169 -1.4562 1.5184 0.8851 0.3669 0.7808 -0.4505 -0.2298 
170 -1.4524 1.513 0.8856 0.3679 0.7816 -0.4488 -0.229 
171 -1.4464 1.5073 0.887 0.3687 0.7819 -0.4457 -0.2325 
172 -1.4434 1.5021 0.8883 0.3679 0.7782 -0.4522 -0.2335 
173 -1.4379 1.4968 0.8893 0.3695 0.7806 -0.449 -0.229 
174 -1.4351 1.4924 0.8904 0.369 0.7801 -0.4489 -0.2318 
175 -1.4326 1.4879 0.892 0.3695 0.7783 -0.4505 -0.2339 
176 -1.4289 1.4816 0.8937 0.3708 0.777 -0.4526 -0.2322 
177 -1.4258 1.4769 0.8949 0.3698 0.7785 -0.4494 -0.2349 
178 -1.4218 1.471 0.8957 0.3677 0.7771 -0.452 -0.2379 
179 -1.4188 1.4662 0.8969 0.3699 0.7746 -0.4552 -0.2367 
180 -1.4151 1.4618 0.8975 0.3709 0.7756 -0.4535 -0.235 
181 -1.4097 1.4569 0.8981 0.3728 0.7748 -0.4521 -0.2373 
182 -1.4058 1.453 0.8988 0.372 0.7731 -0.4555 -0.2378 
183 -1.4016 1.4492 0.8983 0.3729 0.773 -0.4552 -0.2372 
184 -1.3958 1.4442 0.8974 0.3747 0.7744 -0.4499 -0.2396 
185 -1.3925 1.4407 0.8976 0.3759 0.7705 -0.4539 -0.2429 
186 -1.3888 1.4368 0.8964 0.3783 0.7702 -0.4548 -0.2382 
187 -1.3842 1.4317 0.8958 0.3802 0.7707 -0.4513 -0.2405 
188 -1.3809 1.4281 0.895 0.3796 0.7706 -0.4509 -0.2422 
189 -1.3766 1.4236 0.8946 0.3805 0.7683 -0.4531 -0.2443 
190 -1.3738 1.4195 0.8936 0.3838 0.768 -0.4516 -0.2427 
191 -1.3707 1.4155 0.893 0.3863 0.7714 -0.4448 -0.2405 
192 -1.3682 1.4114 0.8936 0.3862 0.7684 -0.4478 -0.2446 
193 -1.3634 1.4062 0.8937 0.3848 0.7679 -0.4511 -0.2425 
194 -1.3603 1.4026 0.8933 0.3838 0.7701 -0.4486 -0.2416 
195 -1.3581 1.3994 0.8929 0.3851 0.7696 -0.4452 -0.2472 
196 -1.3531 1.3908 0.8925 0.3891 0.7681 -0.4462 -0.244 
197 -1.3503 1.384 0.8927 0.3879 0.7659 -0.4451 -0.2546 
198 -1.3481 1.3794 0.8932 0.3939 0.7617 -0.4483 -0.2523 
199 -1.3466 1.3757 0.8926 0.3985 0.7622 -0.4438 -0.2513 
200 -1.3458 1.3722 0.8924 0.4032 0.7619 -0.4377 -0.2555 
201 -1.3432 1.367 0.893 0.4069 0.7586 -0.4409 -0.254 
202 -1.341 1.3627 0.8926 0.4058 0.757 -0.4434 -0.2563 
203 -1.3388 1.3583 0.8914 0.406 0.7598 -0.437 -0.2587 
204 -1.3367 1.3535 0.8914 0.4115 0.757 -0.4355 -0.2607 
205 -1.3343 1.3492 0.8927 0.4186 0.7554 -0.4343 -0.2559 
206 -1.3321 1.3452 0.8936 0.4213 0.755 -0.4306 -0.259 
207 -1.3294 1.3397 0.8942 0.4194 0.7525 -0.4326 -0.2661 
208 -1.327 1.3352 0.8945 0.4197 0.7526 -0.4338 -0.2632 
209 -1.3253 1.3298 0.8943 0.4229 0.7521 -0.4283 -0.2686 
210 -1.3231 1.3255 0.895 0.427 0.7513 -0.4257 -0.2684 
211 -1.3211 1.3212 0.8954 0.4291 0.7489 -0.4267 -0.2702 
212 -1.3177 1.3152 0.8961 0.4312 0.7487 -0.4235 -0.2723 
213 -1.3159 1.3106 0.8961 0.4319 0.7472 -0.4228 -0.2763 
214 -1.3138 1.306 0.8966 0.4378 0.7447 -0.4216 -0.2758 
215 -1.3113 1.2997 0.8972 0.4443 0.7443 -0.4157 -0.2753 
216 -1.3102 1.2936 0.8972 0.443 0.7415 -0.4216 -0.276 
217 -1.3074 1.2868 0.8986 0.4435 0.7394 -0.4244 -0.2765 
218 -1.306 1.2822 0.8995 0.4466 0.7371 -0.4241 -0.278 
219 -1.3046 1.2772 0.8999 0.4493 0.7365 -0.4207 -0.2805 
220 -1.3021 1.2707 0.901 0.451 0.7346 -0.4221 -0.2808 
221 -1.3005 1.2659 0.9022 0.4519 0.7327 -0.4234 -0.2824 
222 -1.299 1.262 0.9027 0.4548 0.7328 -0.4175 -0.286 
223 -1.2972 1.2545 0.9028 0.4582 0.729 -0.4212 -0.2849 
224 -1.2958 1.2497 0.9026 0.4598 0.7281 -0.4203 -0.2862 
225 -1.2944 1.2451 0.903 0.4612 0.7259 -0.4194 -0.2906 
226 -1.2924 1.2398 0.9033 0.4644 0.7235 -0.4189 -0.2923 
227 -1.2908 1.2354 0.9029 0.4678 0.724 -0.4165 -0.289 
228 -1.29 1.2313 0.9023 0.4701 0.7207 -0.4166 -0.2934 
229 -1.2893 1.2263 0.9016 0.4741 0.7166 -0.4167 -0.2967 
230 -1.2886 1.2225 0.9007 0.4793 0.7136 -0.4156 -0.2972 
231 -1.2875 1.2187 0.9003 0.483 0.7128 -0.4136 -0.2959 
232 -1.2863 1.2138 0.9001 0.4862 0.7125 -0.4099 -0.2964 
233 -1.2852 1.2101 0.8996 0.4869 0.7106 -0.411 -0.2985 
234 -1.2848 1.2065 0.8983 0.489 0.7093 -0.4101 -0.2993 
235 -1.284 1.2021 0.8972 0.4973 0.7072 -0.4039 -0.299 
236 -1.2838 1.1987 0.8965 0.5041 0.7036 -0.4015 -0.2994 
237 -1.2843 1.1956 0.8961 0.5074 0.6987 -0.4035 -0.3024 
238 -1.2835 1.1909 0.8961 0.511 0.6988 -0.3989 -0.3023 
239 -1.2833 1.1877 0.896 0.5116 0.6963 -0.3995 -0.3062 
240 -1.2832 1.1846 0.8966 0.5147 0.692 -0.4009 -0.3091 
241 -1.2838 1.1805 0.8967 0.5198 0.6894 -0.3989 -0.3088 
242 -1.2844 1.1738 0.896 0.5216 0.6869 -0.3979 -0.3127 
243 -1.2842 1.1693 0.8967 0.5244 0.6845 -0.3981 -0.3131 
244 -1.284 1.1658 0.8974 0.5269 0.6833 -0.3971 -0.3126 
245 -1.2839 1.1621 0.8975 0.5293 0.6834 -0.3927 -0.3139 
246 -1.2838 1.1569 0.8984 0.5317 0.6814 -0.3932 -0.3137 
247 -1.2832 1.1527 0.899 0.5312 0.6811 -0.3947 -0.3131 
248 -1.2829 1.1472 0.8977 0.5317 0.6796 -0.3917 -0.3192 
249 -1.2826 1.1426 0.8984 0.5376 0.678 -0.389 -0.3162 
250 -1.2823 1.1361 0.8985 0.5429 0.6748 -0.3901 -0.3127 
251 -1.2816 1.1312 0.8986 0.543 0.6739 -0.3903 -0.3142 
252 -1.2807 1.1264 0.8989 0.5426 0.6719 -0.3909 -0.3183 
253 -1.2794 1.1212 0.8986 0.543 0.6707 -0.3928 -0.3178 
254 -1.2775 1.1154 0.8985 0.5449 0.6687 -0.3926 -0.319 
255 -1.2764 1.1108 0.8969 0.5457 0.6673 -0.3915 -0.3219 
256 -1.2738 1.1055 0.8959 0.5479 0.6654 -0.39 -0.324 
257 -1.272 1.1009 0.8952 0.5487 0.6643 -0.3897 -0.3252 
258 -1.2701 1.0963 0.8947 0.5502 0.6619 -0.3884 -0.329 
259 -1.2677 1.0889 0.8935 0.5591 0.6537 -0.3907 -0.3277 
260 -1.2662 1.0832 0.8935 0.5687 0.6468 -0.3912 -0.3243 
261 -1.2639 1.0772 0.8937 0.5772 0.6427 -0.3865 -0.3232 
262 -1.2547 1.0621 0.8947 0.5739 0.639 -0.3914 -0.3303 
263 -1.2504 1.0557 0.894 0.5721 0.64 -0.3888 -0.3346 
264 -1.2451 1.0477 0.8937 0.5787 0.6364 -0.3848 -0.3346 
265 -1.2408 1.041 0.8937 0.5858 0.6329 -0.3854 -0.3282 
266 -1.2366 1.0357 0.8933 0.589 0.6307 -0.3805 -0.3324 
267 -1.2304 1.0276 0.8921 0.5888 0.6328 -0.3768 -0.3332 
268 -1.2263 1.0219 0.8916 0.5878 0.6323 -0.3789 -0.3333 
269 -1.2226 1.0165 0.8908 0.5884 0.633 -0.3766 -0.3336 
270 -1.2186 1.0099 0.8896 0.5901 0.6321 -0.3733 -0.3359 
271 -1.2156 1.004 0.8885 0.592 0.6316 -0.3739 -0.333 
272 -1.2123 0.999 0.8881 0.5929 0.6323 -0.3716 -0.3326 
273 -1.2078 0.9928 0.8875 0.5927 0.6317 -0.3686 -0.3374 
274 -1.2044 0.9874 0.8869 0.594 0.6295 -0.3708 -0.3367 
275 -1.2011 0.9826 0.8859 0.597 0.6297 -0.3689 -0.3333 
276 -1.1969 0.9772 0.8861 0.6011 0.6246 -0.3666 -0.3378 
277 -1.1937 0.9733 0.8854 0.6031 0.6244 -0.3658 -0.3357 
278 -1.1909 0.9695 0.8852 0.6048 0.6221 -0.3659 -0.3366 
279 -1.1878 0.9648 0.8853 0.6073 0.6198 -0.3634 -0.339 
280 -1.186 0.962 0.8858 0.6086 0.6164 -0.3627 -0.3438 
281 -1.1835 0.9576 0.8859 0.6112 0.6141 -0.3618 -0.3442 
282 -1.1818 0.9542 0.8854 0.6128 0.6114 -0.3615 -0.3463 
283 -1.1801 0.9515 0.8859 0.6142 0.6087 -0.3592 -0.3509 
284 -1.1778 0.9475 0.8859 0.6174 0.6049 -0.3607 -0.3504 
285 -1.1774 0.9449 0.8858 0.6171 0.606 -0.3582 -0.3516 
286 -1.1745 0.9396 0.8847 0.6201 0.5999 -0.3589 -0.3562 
287 -1.1732 0.936 0.8845 0.6197 0.5983 -0.3624 -0.3559 
288 -1.1719 0.9323 0.8843 0.6193 0.5988 -0.3596 -0.3587 
289 -1.1702 0.9279 0.8843 0.621 0.5964 -0.357 -0.3622 
290 -1.1674 0.92 0.8848 0.6247 0.5917 -0.3597 -0.3609 
291 -1.1656 0.9144 0.8871 0.632 0.5935 -0.3474 -0.3573 
292 -1.1652 0.9098 0.8884 0.634 0.5925 -0.3477 -0.3551 
293 -1.1651 0.9048 0.8897 0.6341 0.5911 -0.3494 -0.3557 
294 -1.1648 0.8993 0.8908 0.6328 0.5893 -0.3477 -0.3626 
295 -1.1648 0.895 0.8922 0.6354 0.5854 -0.3478 -0.3641 
296 -1.1649 0.8907 0.8929 0.6399 0.5833 -0.3476 -0.3598 
297 -1.1651 0.887 0.8933 0.6429 0.5816 -0.345 -0.3596 
298 -1.1655 0.8826 0.8947 0.6435 0.5788 -0.3438 -0.3643 
299 -1.1664 0.8791 0.8949 0.6432 0.577 -0.3454 -0.3661 
300 -1.1677 0.8743 0.8957 0.6458 0.5761 -0.3442 -0.3641 
301 -1.1689 0.872 0.896 0.6464 0.5725 -0.3435 -0.3693 
302 -1.1699 0.8692 0.8966 0.6476 0.5696 -0.3433 -0.3719 
303 -1.1712 0.8652 0.8961 0.6492 0.5698 -0.3437 -0.3683 
304 -1.1724 0.8629 0.8958 0.6495 0.5687 -0.3399 -0.373 
305 -1.1729 0.861 0.8962 0.6538 0.5658 -0.3329 -0.3763 
306 -1.1742 0.8581 0.8953 0.658 0.5586 -0.3368 -0.3764 
307 -1.1751 0.8562 0.8946 0.6644 0.5552 -0.3316 -0.3746 
308 -1.1767 0.8553 0.8937 0.6675 0.551 -0.3257 -0.3805 
309 -1.1783 0.8516 0.8925 0.6724 0.5428 -0.3242 -0.3849 
310 -1.1801 0.848 0.8916 0.6768 0.5399 -0.3235 -0.3819 
311 -1.1816 0.8448 0.8894 0.6821 0.5364 -0.3147 -0.3846 
312 -1.1845 0.8398 0.8883 0.6836 0.5323 -0.3109 -0.3907 
313 -1.187 0.8351 0.8874 0.6834 0.5302 -0.3143 -0.3913 
314 -1.1905 0.8292 0.886 0.6856 0.5288 -0.3095 -0.3931 
315 -1.1927 0.8251 0.8851 0.6875 0.5245 -0.3057 -0.3985 
316 -1.1953 0.8208 0.8842 0.691 0.5171 -0.3073 -0.4009 
317 -1.1993 0.8147 0.883 0.7037 0.5084 -0.299 -0.3961 
318 -1.2024 0.8105 0.8828 0.7108 0.5013 -0.2926 -0.3974 
319 -1.2049 0.8057 0.8831 0.7146 0.4941 -0.2928 -0.3993 
320 -1.208 0.7992 0.8827 0.7179 0.4878 -0.2906 -0.4028 
321 -1.2108 0.7944 0.8818 0.7209 0.4868 -0.2826 -0.4043 
322 -1.2135 0.7893 0.8813 0.7241 0.4838 -0.28 -0.404 
323 -1.2177 0.7829 0.8815 0.7285 0.4745 -0.2807 -0.4066 
324 -1.2243 0.7704 0.8815 0.7301 0.4732 -0.2772 -0.4077 
325 -1.2269 0.7652 0.8817 0.7281 0.4722 -0.2774 -0.4123 
326 -1.2298 0.7609 0.8816 0.7295 0.4688 -0.2756 -0.4148 
327 -1.2339 0.7543 0.8816 0.7337 0.4658 -0.2749 -0.4113 
328 -1.2375 0.75 0.8819 0.7361 0.4638 -0.2727 -0.4107 
329 -1.241 0.7459 0.8827 0.7361 0.4608 -0.272 -0.4146 
330 -1.2451 0.7403 0.8838 0.7376 0.4591 -0.2697 -0.4152 
331 -1.2485 0.7363 0.8842 0.738 0.458 -0.2673 -0.4173 
332 -1.2516 0.733 0.8845 0.7401 0.4547 -0.2605 -0.4214 
333 -1.2558 0.7286 0.8851 0.747 0.4431 -0.2576 -0.4234 
334 -1.2584 0.7245 0.8845 0.7565 0.4303 -0.2596 -0.4185 
335 -1.262 0.7216 0.8846 0.7629 0.4244 -0.2562 -0.4149 
336 -1.2663 0.7163 0.8844 0.7645 0.4213 -0.2503 -0.4189 
337 -1.2699 0.7113 0.884 0.7634 0.4195 -0.2554 -0.4195 
338 -1.2737 0.7078 0.884 0.7627 0.4169 -0.2554 -0.4234 
339 -1.2783 0.7029 0.8842 0.7643 0.4147 -0.2508 -0.4254 
340 -1.2818 0.6985 0.8836 0.7644 0.4144 -0.2523 -0.4246 
341 -1.2857 0.6955 0.884 0.7639 0.4128 -0.2542 -0.426 
342 -1.2902 0.691 0.8835 0.7659 0.4125 -0.2498 -0.4253 
343 -1.294 0.6885 0.8837 0.7644 0.4101 -0.2521 -0.4289 
344 -1.2974 0.6851 0.883 0.7653 0.4114 -0.2514 -0.4265 
345 -1.3015 0.682 0.8825 0.7645 0.4105 -0.249 -0.4302 
346 -1.304 0.6788 0.8822 0.7648 0.4102 -0.2503 -0.4291 
347 -1.3062 0.6757 0.8812 0.7664 0.4106 -0.2493 -0.4264 
348 -1.3085 0.6717 0.8798 0.7685 0.4093 -0.2457 -0.426 
349 -1.3106 0.6688 0.8789 0.7686 0.4068 -0.2466 -0.4278 
350 -1.3138 0.6642 0.8769 0.77 0.4071 -0.2485 -0.4238 
351 -1.3147 0.6616 0.8766 0.7717 0.4066 -0.2436 -0.424 
352 -1.3194 0.6502 0.8749 0.7697 0.4087 -0.2435 -0.4256 
353 -1.3203 0.6483 0.8747 0.7686 0.4059 -0.2434 -0.4305 
354 -1.3224 0.6444 0.8737 0.7712 0.4014 -0.2444 -0.4294 
355 -1.325 0.6417 0.8729 0.7743 0.3993 -0.245 -0.4254 
356 -1.3303 0.6359 0.8726 0.7711 0.3989 -0.2443 -0.432 
357 -1.3335 0.633 0.8719 0.7695 0.4004 -0.2449 -0.4331 
358 -1.3382 0.6303 0.872 0.7681 0.3998 -0.2446 -0.4364 
359 -1.342 0.6284 0.8709 0.7673 0.3978 -0.2437 -0.44 
360 -1.346 0.6262 0.8706 0.7702 0.3954 -0.2448 -0.4366 
361 -1.3523 0.6231 0.8697 0.7742 0.3945 -0.2457 -0.4296 
362 -1.3568 0.621 0.8695 0.774 0.3942 -0.2431 -0.4317 
363 -1.3623 0.6182 0.8702 0.7692 0.3922 -0.249 -0.4388 
364 -1.369 0.6132 0.8702 0.7678 0.3957 -0.2551 -0.4346 
365 -1.373 0.6107 0.8699 0.7635 0.3993 -0.2526 -0.4402 
366 -1.3768 0.6071 0.8673 0.76 0.4037 -0.2474 -0.4451 
367 -1.3815 0.6023 0.8653 0.7625 0.4023 -0.2523 -0.4395 
368 -1.3846 0.5989 0.8644 0.7658 0.3975 -0.2536 -0.4373 
369 -1.3876 0.5972 0.864 0.7626 0.3927 -0.2548 -0.4464 
370 -1.3917 0.5924 0.8615 0.7575 0.3995 -0.2576 -0.4475 
371 -1.3945 0.5892 0.8604 0.7535 0.4012 -0.2563 -0.4534 
372 -1.3973 0.5857 0.8597 0.7503 0.4 -0.2586 -0.4585 
373 -1.4013 0.5796 0.8583 0.7462 0.4049 -0.2641 -0.4577 
374 -1.4033 0.5754 0.8573 0.7409 0.4082 -0.2634 -0.4637 
375 -1.4055 0.5717 0.8561 0.7378 0.4074 -0.2648 -0.4686 
376 -1.4088 0.5664 0.854 0.7392 0.405 -0.2668 -0.4673 
377 -1.4118 0.5623 0.8519 0.738 0.404 -0.2704 -0.468 
378 -1.4137 0.5585 0.8503 0.737 0.4018 -0.2696 -0.4719 
379 -1.4176 0.5521 0.8472 0.7351 0.4021 -0.2725 -0.4729 
380 -1.4206 0.5472 0.8453 0.7341 0.4012 -0.2765 -0.4729 
381 -1.4236 0.5427 0.8435 0.7333 0.3994 -0.2773 -0.4752 
382 -1.4273 0.5365 0.8416 0.7335 0.4005 -0.2792 -0.4729 
383 -1.4303 0.5315 0.8395 0.729 0.4011 -0.2861 -0.4752 
384 -1.4333 0.526 0.837 0.7249 0.4021 -0.287 -0.4801 
385 -1.436 0.5226 0.8345 0.7211 0.4019 -0.2869 -0.4859 
386 -1.4386 0.5187 0.8324 0.7197 0.4045 -0.289 -0.4848 
387 -1.4417 0.5145 0.8305 0.7184 0.4024 -0.2901 -0.4877 
388 -1.444 0.512 0.8288 0.7174 0.3983 -0.2911 -0.4919 
389 -1.4467 0.5088 0.8266 0.7183 0.3979 -0.2933 -0.4895 
390 -1.4495 0.5047 0.8244 0.7179 0.3997 -0.2914 -0.4898 
391 -1.4518 0.5014 0.8231 0.7145 0.3992 -0.2915 -0.4952 
392 -1.4556 0.497 0.8212 0.7127 0.4001 -0.2934 -0.4959 
393 -1.459 0.4938 0.8203 0.7146 0.3978 -0.2945 -0.4943 
394 -1.4682 0.4859 0.8209 0.7147 0.3946 -0.2993 -0.4939 
395 -1.473 0.4822 0.8214 0.711 0.3968 -0.3012 -0.4964 
396 -1.4776 0.4787 0.8222 0.7073 0.398 -0.3046 -0.4986 
397 -1.4829 0.4752 0.8239 -0.7024 -0.3946 0.3093 0.5053 
398 -1.4867 0.4724 0.8249 -0.702 -0.3928 0.3124 0.5053 
399 -1.4906 0.4699 0.826 -0.7009 -0.3921 0.3154 0.5055 
400 -1.495 0.4665 0.8267 -0.6982 -0.3915 0.319 0.5074 
401 -1.4987 0.4645 0.8269 -0.6912 -0.3948 0.3229 0.5119 
402 -1.5015 0.4626 0.8261 -0.688 -0.3969 0.3235 0.5142 
403 -1.5055 0.4606 0.8254 -0.687 -0.3981 0.3262 0.513 
404 -1.5084 0.459 0.8247 -0.6866 -0.3991 0.3277 0.5117 
405 -1.5116 0.458 0.8241 -0.6838 -0.3994 0.3292 0.5144 
406 -1.5164 0.457 0.823 -0.6811 -0.4003 0.3309 0.5161 
407 -1.5204 0.4564 0.8223 -0.6823 -0.4 0.3316 0.5143 
408 -1.5247 0.4553 0.8214 -0.6821 -0.4017 0.3341 0.5116 
409 -1.5304 0.4539 0.8207 -0.6796 -0.4029 0.3369 0.5122 
410 -1.5353 0.4531 0.8205 -0.677 -0.402 0.3387 0.5152 
411 -1.5407 0.4515 0.8204 -0.6757 -0.4061 0.3405 0.5125 
412 -1.5488 0.4495 0.82 -0.6699 -0.4106 0.3438 0.5143 
413 -1.5546 0.4486 0.8194 -0.667 -0.4144 0.3423 0.516 
414 -1.5607 0.4473 0.8189 -0.6673 -0.4148 0.3432 0.5147 
415 -1.5702 0.4461 0.8178 -0.6667 -0.4174 0.347 0.5108 
416 -1.5774 0.4452 0.8159 -0.6624 -0.4224 0.3453 0.5133 
417 -1.5845 0.4441 0.814 -0.6573 -0.4272 0.3451 0.5162 
418 -1.5931 0.4419 0.8113 -0.6569 -0.4319 0.3473 0.5112 
419 -1.5992 0.439 0.809 -0.6578 -0.4344 0.3524 0.5043 
420 -1.6054 0.4368 0.8068 -0.6536 -0.4415 0.3521 0.5039 
421 -1.6096 0.4363 0.8053 -0.6513 -0.4439 0.352 0.5049 
422 -1.6137 0.4362 0.8045 -0.6505 -0.4457 0.3553 0.5019 
423 -1.6196 0.4367 0.8033 -0.6511 -0.4465 0.3553 0.5004 
424 -1.624 0.437 0.803 -0.6505 -0.4475 0.3537 0.5014 
425 -1.6286 0.4367 0.8033 -0.6472 -0.4469 0.3602 0.5017 
426 -1.6347 0.4361 0.8037 -0.6423 -0.45 0.3656 0.5013 
427 -1.639 0.4362 0.8039 -0.6391 -0.4528 0.3651 0.5032 
428 -1.6445 0.436 0.8043 -0.6353 -0.4517 0.372 0.5039 
429 -1.6486 0.4356 0.8041 0.6361 0.4534 -0.3749 -0.4993 
430 -1.6526 0.4355 0.8042 0.6354 0.4565 -0.373 -0.4987 
431 -1.658 0.4349 0.8039 -0.629 -0.4583 0.3797 0.5001 
432 -1.6617 0.4341 0.8038 0.6262 0.4621 -0.3821 -0.4983 
433 -1.6697 0.434 0.8031 0.6212 0.4686 -0.3825 -0.4983 
434 -1.6767 0.4337 0.8026 0.6167 0.4754 -0.3857 -0.4949 
435 -1.6809 0.4336 0.8025 0.6118 0.4794 -0.3872 -0.4959 
436 -1.6839 0.4335 0.8021 0.6102 0.482 -0.3881 -0.4948 
437 -1.6871 0.4337 0.8015 0.6089 0.4849 -0.3892 -0.4926 
438 -1.6911 0.4336 0.8009 0.6077 0.4883 -0.3891 -0.4908 
439 -1.6941 0.4331 0.8004 0.6044 0.4924 -0.3911 -0.4892 
440 -1.697 0.4324 0.8003 0.6007 0.4959 -0.393 -0.4887 
441 -1.7006 0.4323 0.7996 0.5972 0.4999 -0.3934 -0.4886 
442 -1.7035 0.4317 0.7985 0.5953 0.5025 -0.3951 -0.4869 
443 -1.7061 0.4318 0.7977 0.5948 0.5044 -0.3947 -0.4857 
444 -1.7096 0.4317 0.7967 0.5943 0.5084 -0.3942 -0.4826 
445 -1.7119 0.4315 0.7962 0.5916 0.5113 -0.3965 -0.4809 
446 -1.7144 0.4316 0.7959 0.5899 0.5126 -0.3967 -0.4816 
447 -1.7178 0.4311 0.7948 0.5889 0.5165 -0.3938 -0.481 
448 -1.7202 0.4295 0.7949 0.5878 0.518 -0.3976 -0.4775 
449 -1.7211 0.4272 0.7945 0.5865 0.5227 -0.3978 -0.4739 
450 -1.7231 0.4246 0.7932 0.5821 0.5306 -0.3966 -0.4715 
451 -1.7251 0.4227 0.7925 0.58 0.5333 -0.3975 -0.4703 
452 -1.7295 0.4174 0.7915 0.5778 0.539 -0.4002 -0.4642 
453 -1.7311 0.4151 0.7908 0.5742 0.5427 -0.4013 -0.4635 
454 -1.7339 0.4122 0.7897 0.5723 0.5453 -0.404 -0.4603 
455 -1.7355 0.41 0.7894 0.5712 0.5481 -0.4046 -0.4579 
456 -1.7369 0.408 0.7889 0.5684 0.5507 -0.4058 -0.4571 
457 -1.7385 0.4047 0.788 0.5661 0.5559 -0.4056 -0.4539 
458 -1.7395 0.4027 0.7878 0.5656 0.5566 -0.4073 -0.4521 
459 -1.7409 0.4003 0.7871 0.565 0.558 -0.4091 -0.4496 
460 -1.7424 0.3971 0.7867 0.5672 0.5634 -0.4069 -0.4419 
461 -1.7435 0.3947 0.7864 0.5648 0.565 -0.4088 -0.4411 
462 -1.7449 0.3916 0.7862 0.5599 0.568 -0.4122 -0.4404 
463 -1.7458 0.3897 0.7859 0.5582 0.5708 -0.4127 -0.4385 
464 -1.7466 0.3879 0.7858 0.5574 0.5731 -0.4132 -0.4361 
465 -1.7479 0.3858 0.786 0.5565 0.5749 -0.4144 -0.4338 
466 -1.749 0.3842 0.7864 0.5575 0.5752 -0.4144 -0.432 
467 -1.7499 0.3827 0.7865 0.5589 0.5781 -0.4134 -0.4273 
468 -1.7514 0.3806 0.787 0.5576 0.5807 -0.4146 -0.4243 
469 -1.7524 0.379 0.7876 0.5541 0.582 -0.4176 -0.424 
470 -1.7534 0.3769 0.7881 0.5514 0.5856 -0.4181 -0.4221 
471 -1.7549 0.3746 0.7889 0.5474 0.5877 -0.4194 -0.4232 
472 -1.7563 0.373 0.7892 0.5445 0.5884 -0.423 -0.4223 
473 -1.7574 0.3712 0.7893 0.5429 0.5905 -0.4241 -0.4203 
474 -1.759 0.3685 0.7895 0.5411 0.5919 -0.427 -0.4177 
475 -1.7598 0.3656 0.7897 0.5395 0.5938 -0.4295 -0.4146 
476 -1.761 0.3638 0.7896 0.538 0.5952 -0.4302 -0.4137 
477 -1.7632 0.3601 0.7894 0.535 0.5975 -0.4339 -0.4105 
478 -1.7641 0.3581 0.7893 0.5334 0.5989 -0.435 -0.4094 
479 -1.765 0.3564 0.7891 0.5313 0.5989 -0.4366 -0.4103 
480 -1.7659 0.3548 0.7886 0.5316 0.5993 -0.4393 -0.4065 
481 -1.7665 0.3536 0.7879 0.5307 0.6031 -0.4378 -0.4037 
482 -1.7672 0.3515 0.7881 0.526 0.6049 -0.4391 -0.4057 
483 -1.768 0.3501 0.7874 0.5225 0.6063 -0.4422 -0.4048 
484 -1.7684 0.3489 0.787 0.5227 0.6096 -0.4398 -0.4021 
485 -1.7698 0.3478 0.7866 0.5218 0.6108 -0.4397 -0.4017 
486 -1.7706 0.3467 0.7864 0.5201 0.6112 -0.4418 -0.4009 
487 -1.7715 0.3456 0.7859 0.5186 0.6121 -0.4427 -0.4004 
488 -1.7728 0.3433 0.7852 0.5134 0.6154 -0.4457 -0.3989 
489 -1.7734 0.342 0.7846 0.511 0.6166 -0.4472 -0.3983 
490 -1.7744 0.3403 0.7837 0.5098 0.617 -0.4484 -0.3979 
491 -1.7754 0.3386 0.7826 0.5092 0.6197 -0.4483 -0.3947 
492 -1.7761 0.337 0.7819 0.5081 0.6204 -0.4496 -0.3934 
493 -1.7768 0.3347 0.7805 0.5069 0.6221 -0.4496 -0.3922 
494 -1.7775 0.3329 0.7796 0.5062 0.623 -0.451 -0.3902 
495 -1.7782 0.3312 0.779 0.5058 0.6226 -0.4528 -0.3892 
496 -1.7786 0.3287 0.7776 0.5037 0.6254 -0.4533 -0.3868 
497 -1.779 0.3268 0.7765 0.5019 0.6269 -0.4542 -0.3857 
498 -1.7796 0.3251 0.7757 0.501 0.627 -0.4556 -0.3851 
499 -1.7799 0.3233 0.7749 0.5009 0.6285 -0.4555 -0.3828 
500 -1.7817 0.3207 0.774 0.4981 0.6301 -0.4567 -0.3825 
501 -1.7831 0.3179 0.7732 0.4928 0.6341 -0.4598 -0.3791 
502 -1.7842 0.3162 0.7734 0.4896 0.6345 -0.4616 -0.3804 
503 -1.7844 0.3149 0.7729 0.4879 0.6364 -0.4621 -0.3787 
504 -1.7852 0.313 0.7724 0.4859 0.6373 -0.4655 -0.3756 
505 -1.7855 0.3115 0.7721 0.4853 0.6377 -0.4649 -0.3763 
506 -1.7854 0.3099 0.7721 0.4832 0.6384 -0.467 -0.3754 
507 -1.785 0.308 0.7714 0.4838 0.6422 -0.4638 -0.372 
508 -1.7849 0.3053 0.7717 0.4825 0.6422 -0.4654 -0.3717 
509 -1.7844 0.3032 0.772 0.4828 0.6436 -0.4645 -0.3702 
510 -1.7841 0.2979 0.7726 0.4766 0.6484 -0.4674 -0.366 
511 -1.7838 0.2959 0.773 0.4732 0.6489 -0.47 -0.3662 
512 -1.7834 0.2937 0.7725 0.4711 0.6495 -0.4715 -0.3661 
513 -1.7829 0.2916 0.7724 0.4711 0.652 -0.4695 -0.364 
514 -1.783 0.2902 0.7721 0.4695 0.6521 -0.4706 -0.3645 
515 -1.7828 0.289 0.7717 0.4703 0.653 -0.4702 -0.3623 
516 -1.7827 0.2865 0.7711 0.4686 0.6551 -0.471 -0.3598 
517 -1.7827 0.2853 0.7706 0.4648 0.6537 -0.4745 -0.3627 
518 -1.7831 0.2821 0.77 0.4645 0.6526 -0.479 -0.3591 
519 -1.7832 0.2805 0.7697 0.4655 0.6535 -0.4787 -0.3564 
520 -1.7832 0.2785 0.7696 0.4639 0.6548 -0.479 -0.3558 
521 -1.7827 0.276 0.7689 0.4595 0.6569 -0.4809 -0.355 
522 -1.7821 0.2746 0.7684 0.4585 0.6581 -0.4807 -0.3544 
523 -1.7817 0.2725 0.7676 0.458 0.6605 -0.4799 -0.3517 
524 -1.7809 0.2708 0.7671 0.4567 0.6631 -0.4788 -0.35 
525 -1.7803 0.269 0.7666 0.454 0.664 -0.48 -0.35 
526 -1.7793 0.2666 0.7661 0.4515 0.6649 -0.4821 -0.3489 
527 -1.7787 0.2645 0.7655 0.4487 0.6676 -0.4828 -0.3462 
528 -1.7779 0.262 0.7654 0.4464 0.6688 -0.4841 -0.345 
529 -1.7775 0.2603 0.7652 0.4453 0.6693 -0.4846 -0.345 
530 -1.7768 0.2583 0.7649 0.4449 0.6715 -0.4844 -0.3412 
531 -1.7766 0.2552 0.7649 0.443 0.674 -0.4849 -0.3381 
532 -1.776 0.2529 0.7653 0.4435 0.6748 -0.485 -0.3357 
533 -1.7756 0.251 0.7657 0.4415 0.6753 -0.4863 -0.3354 
534 -1.774 0.2482 0.7657 0.4397 0.6787 -0.4838 -0.3347 
535 -1.7734 0.2458 0.766 0.4373 0.6808 -0.4847 -0.3321 
536 -1.7733 0.2404 0.7674 0.4297 0.6861 -0.4869 -0.328 
537 -1.7724 0.2359 0.7678 0.4196 0.6868 -0.494 -0.329 
538 -1.7716 0.2335 0.7689 0.4178 0.6856 -0.497 -0.3291 
539 -1.77 0.2289 0.7696 0.4142 0.6876 -0.4993 -0.3261 
540 -1.7688 0.2252 0.7706 0.4079 0.6909 -0.5019 -0.3229 
541 -1.7675 0.2221 0.7713 0.4041 0.6886 -0.5064 -0.3257 
542 -1.7656 0.2178 0.7722 0.4057 0.6912 -0.5047 -0.3209 
543 -1.7646 0.2144 0.7726 0.4045 0.6934 -0.5057 -0.3161 
544 -1.762 0.2105 0.7741 0.4035 0.6932 -0.506 -0.3172 
545 -1.7604 0.2069 0.7746 0.3986 0.6948 -0.5091 -0.3149 
546 -1.7588 0.203 0.7752 0.3923 0.699 -0.5104 -0.3115 
547 -1.7561 0.1984 0.776 0.3874 0.6996 -0.5126 -0.3125 
548 -1.7543 0.1953 0.7761 0.3836 0.7016 -0.5138 -0.3108 
549 -1.7522 0.1916 0.7757 0.3803 0.7057 -0.5137 -0.3057 
550 -1.7497 0.1876 0.7761 0.3761 0.7058 -0.5163 -0.3063 
551 -1.7477 0.1852 0.7757 0.374 0.7083 -0.5158 -0.3039 
552 -1.7446 0.1813 0.7749 0.371 0.7127 -0.5146 -0.2995 
553 -1.7429 0.1789 0.7745 0.3693 0.7132 -0.5148 -0.2998 
554 -1.7406 0.1767 0.7741 0.3673 0.7146 -0.5153 -0.2981 
555 -1.7375 0.1736 0.7734 0.3658 0.7206 -0.5115 -0.292 
556 -1.7355 0.1717 0.7731 0.3652 0.7214 -0.5108 -0.2921 
557 -1.7339 0.1696 0.773 0.3646 0.7223 -0.5107 -0.2909 
558 -1.7317 0.1671 0.7732 0.3641 0.727 -0.5077 -0.2848 
559 -1.7304 0.1651 0.7739 0.362 0.7275 -0.5085 -0.2848 
560 -1.729 0.1628 0.7746 0.3584 0.7286 -0.5107 -0.2826 
561 -1.7269 0.159 0.7751 0.3538 0.7319 -0.511 -0.2793 
562 -1.7258 0.1564 0.7758 0.3495 0.7331 -0.5127 -0.2787 
563 -1.7245 0.1536 0.7758 0.3461 0.7352 -0.5127 -0.277 
564 -1.7228 0.1502 0.7768 0.3443 0.7348 -0.5155 -0.2753 
565 -1.7207 0.1478 0.7775 0.3418 0.7375 -0.5157 -0.2708 
566 -1.7191 0.1454 0.7772 0.3384 0.7411 -0.5138 -0.2687 
567 -1.7169 0.1418 0.7775 0.3371 0.7387 -0.5179 -0.2694 
568 -1.7144 0.1387 0.7776 0.3379 0.7403 -0.5187 -0.2621 
569 -1.712 0.135 0.7764 0.335 0.7432 -0.5176 -0.26 
570 -1.7089 0.1316 0.7764 0.3313 0.7427 -0.5199 -0.2616 
571 -1.7064 0.1286 0.7765 0.3306 0.7412 -0.5242 -0.2579 
572 -1.7041 0.1259 0.7757 0.3329 0.745 -0.5199 -0.2528 
573 -1.7023 0.1224 0.775 0.3317 0.7442 -0.5199 -0.2566 
574 -1.7007 0.1199 0.7752 0.3299 0.7428 -0.5235 -0.2557 
575 -1.6989 0.1167 0.7748 0.3277 0.7452 -0.5233 -0.2518 
576 -1.6971 0.1133 0.775 0.3256 0.7468 -0.5222 -0.2522 
577 -1.696 0.1103 0.775 0.3238 0.7449 -0.5253 -0.2536 
578 -1.6944 0.1074 0.7754 0.3241 0.7473 -0.524 -0.2488 
579 -1.6924 0.1041 0.7755 0.3217 0.7488 -0.5239 -0.2479 
580 -1.6912 0.1013 0.7751 0.3183 0.7473 -0.527 -0.2499 
581 -1.6895 0.0986 0.7755 0.3196 0.7485 -0.526 -0.2469 
582 -1.6839 0.0923 0.7742 0.3162 0.7546 -0.5216 -0.2419 
583 -1.6794 0.0868 0.7741 0.3124 0.7519 -0.5285 -0.2404 
584 -1.6771 0.0828 0.7726 0.3109 0.7555 -0.5255 -0.2374 
585 -1.675 0.0809 0.7726 0.3112 0.7552 -0.5261 -0.2365 
586 -1.6734 0.0782 0.7725 0.3101 0.7531 -0.5301 -0.2361 
587 -1.6713 0.075 0.7719 0.3094 0.7569 -0.527 -0.2316 
588 -1.6698 0.0728 0.7722 0.3072 0.7567 -0.5286 -0.2313 
589 -1.668 0.0704 0.7723 0.3063 0.7553 -0.5318 -0.2299 
590 -1.6663 0.0674 0.7717 0.3054 0.7567 -0.5312 -0.2279 
591 -1.6639 0.0643 0.7711 0.3042 0.7558 -0.532 -0.2308 
592 -1.6618 0.0623 0.7709 0.3064 0.7573 -0.5309 -0.2252 
593 -1.66 0.0607 0.7706 0.3073 0.7597 -0.5273 -0.2244 
594 -1.6572 0.0584 0.7706 0.3031 0.7592 -0.5305 -0.2242 
595 -1.6562 0.0561 0.7705 0.3025 0.7577 -0.5338 -0.2224 
596 -1.6549 0.0544 0.7705 0.3029 0.7592 -0.5314 -0.2225 
597 -1.6527 0.0518 0.7706 0.3017 0.7581 -0.5339 -0.2217 
598 -1.6509 0.0497 0.7706 0.3015 0.7584 -0.5353 -0.2177 
599 -1.648 0.047 0.7703 0.2988 0.7614 -0.5329 -0.217 
600 -1.6462 0.0457 0.7704 0.2982 0.7611 -0.5337 -0.2167 
601 -1.645 0.0433 0.7703 0.2975 0.7614 -0.535 -0.2133 
602 -1.6426 0.0422 0.77 0.2972 0.7628 -0.5331 -0.2134 
603 -1.6395 0.0392 0.7695 0.2963 0.7615 -0.5354 -0.2136 
604 -1.6353 0.0355 0.7684 0.2947 0.7625 -0.5351 -0.2131 
605 -1.6336 0.0339 0.7682 0.2938 0.7615 -0.5374 -0.2123 
606 -1.6302 0.0312 0.7677 0.2948 0.7649 -0.5349 -0.2047 
607 -1.6283 0.0296 0.7676 0.2935 0.7652 -0.5342 -0.2072 
608 -1.6259 0.028 0.7678 0.2938 0.7624 -0.5374 -0.2087 
609 -1.6241 0.0253 0.7672 0.2973 0.7636 -0.5361 -0.2029 
610 -1.6217 0.0228 0.7676 0.2981 0.766 -0.5337 -0.1987 
611 -1.6196 0.0212 0.7684 0.2963 0.7619 -0.5387 -0.2036 
612 -1.6176 0.0185 0.7692 0.2965 0.7591 -0.5427 -0.2032 
613 -1.6154 0.0171 0.7682 0.2962 0.7642 -0.5369 -0.2 
614 -1.614 0.0157 0.7685 0.2957 0.7638 -0.537 -0.202 
615 -1.6118 0.0138 0.7692 0.298 0.7596 -0.5406 -0.2048 
616 -1.6098 0.013 0.7683 0.2972 0.7629 -0.5374 -0.2021 
617 -1.6084 0.0121 0.7681 0.2959 0.7659 -0.5343 -0.2012 
618 -1.6055 0.0107 0.7686 0.2941 0.7627 -0.5384 -0.2045 
619 -1.604 0.0103 0.7685 0.2975 0.7631 -0.5367 -0.2025 
620 -1.6024 0.0091 0.7684 0.3023 0.7633 -0.5353 -0.1986 
621 -1.601 0.0082 0.7687 0.3045 0.762 -0.535 -0.201 
622 -1.5999 0.0077 0.769 0.3056 0.76 -0.5368 -0.2023 
623 -1.5985 0.0065 0.7692 0.308 0.7606 -0.5363 -0.1976 
624 -1.5978 0.0057 0.7701 0.3105 0.7599 -0.5351 -0.1995 
625 -1.5974 0.005 0.7712 0.3101 0.757 -0.5383 -0.2027 
626 -1.5962 0.0034 0.7718 0.3121 0.7559 -0.5408 -0.197 
627 -1.5959 0.0029 0.7722 0.3132 0.7576 -0.5378 -0.1968 
628 -1.5958 0.0031 0.7726 0.3119 0.7559 -0.5393 -0.2012 
629 -1.5951 0.0036 0.7721 0.3115 0.7549 -0.5406 -0.2021 
630 -1.5949 0.0041 0.7718 0.3136 0.7565 -0.5375 -0.2012 
631 -1.5946 0.0049 0.772 0.3168 0.756 -0.5349 -0.2048 
632 -1.5938 0.0053 0.772 0.3184 0.7549 -0.5359 -0.2041 
633 -1.593 0.0053 0.7719 0.3196 0.7552 -0.5348 -0.2038 
634 -1.5921 0.0054 0.7714 0.3193 0.755 -0.5344 -0.206 
635 -1.5913 0.0053 0.7709 0.3186 0.7554 -0.5342 -0.2059 
636 -1.5905 0.0051 0.7703 0.3187 0.7562 -0.5328 -0.2067 
637 -1.5893 0.0049 0.7695 0.3199 0.7549 -0.5339 -0.2067 
638 -1.5883 0.0051 0.7688 0.3235 0.7543 -0.5328 -0.2064 
639 -1.5874 0.0056 0.7676 0.3252 0.7545 -0.5306 -0.2082 
640 -1.5854 0.0056 0.7666 0.325 0.7559 -0.5291 -0.2075 
641 -1.5825 0.0057 0.7654 0.3205 0.758 -0.5284 -0.2086 
642 -1.5809 0.0054 0.765 0.3196 0.7582 -0.5277 -0.2111 
643 -1.5791 0.0047 0.7644 0.3232 0.7579 -0.5265 -0.2094 
644 -1.5777 0.0037 0.7642 0.3263 0.758 -0.5246 -0.2091 
645 -1.5758 0.0026 0.764 0.3258 0.7586 -0.5233 -0.2108 
646 -1.572 0.0009 0.7638 0.3217 0.7604 -0.523 -0.2116 
647 -1.5694 0.0 0.7636 0.323 0.7589 -0.5234 -0.2138 
648 -1.5673 -0.0008 0.7634 0.3276 0.7587 -0.5205 -0.2146 
649 -1.5647 -0.002 0.763 0.3316 0.7596 -0.5173 -0.213 
650 -1.5609 -0.0035 0.7627 0.3328 0.7576 -0.5181 -0.2163 
651 -1.5552 -0.0065 0.7629 0.3353 0.7559 -0.5167 -0.2218 
652 -1.5524 -0.0083 0.7631 0.3386 0.7553 -0.5153 -0.222 
653 -1.5501 -0.0086 0.764 0.3412 0.7548 -0.5119 -0.2276 
654 -1.5458 -0.01 0.7647 0.3439 0.7527 -0.512 -0.2304 
655 -1.543 -0.0101 0.7657 0.3478 0.7499 -0.5112 -0.235 
656 -1.5393 -0.0112 0.766 0.3523 0.7483 -0.5092 -0.2381 
657 -1.5347 -0.012 0.7666 0.3527 0.7492 -0.506 -0.2415 
658 -1.5295 -0.0122 0.7665 0.3612 0.7448 -0.5043 -0.246 
659 -1.5249 -0.0134 0.7672 0.3648 0.7448 -0.5013 -0.2468 
660 -1.5194 -0.0145 0.7684 0.3706 0.7408 -0.5003 -0.2522 
661 -1.515 -0.0158 0.7685 0.3766 0.7371 -0.4992 -0.2565 
662 -1.5092 -0.0183 0.7675 0.3831 0.738 -0.494 -0.2542 
663 -1.505 -0.0205 0.7672 0.3865 0.7345 -0.4932 -0.2606 
664 -1.501 -0.0222 0.7672 0.3894 0.7301 -0.4943 -0.2666 
665 -1.4947 -0.0252 0.7668 0.3982 0.7291 -0.4906 -0.263 
666 -1.4904 -0.027 0.7658 0.4005 0.7281 -0.4883 -0.2663 
667 -1.4862 -0.0288 0.7661 0.4027 0.7241 -0.4883 -0.274 
668 -1.4801 -0.0316 0.7658 0.4071 0.7236 -0.4854 -0.274 
669 -1.4752 -0.0341 0.7654 0.4115 0.7241 -0.4804 -0.2748 
670 -1.4692 -0.0376 0.7659 0.4107 0.7209 -0.4817 -0.282 
671 -1.4653 -0.0406 0.7668 0.4118 0.7182 -0.4841 -0.2834 
672 -1.4562 -0.0487 0.7678 0.4173 0.7172 -0.4809 -0.2833 
673 -1.4495 -0.0572 0.769 0.4207 0.7136 -0.4834 -0.2832 
674 -1.4456 -0.0631 0.7695 0.4192 0.7134 -0.4842 -0.2844 
675 -1.4427 -0.0672 0.7697 0.4197 0.7128 -0.4836 -0.2861 
676 -1.4403 -0.0716 0.7696 0.4223 0.711 -0.4845 -0.2853 
677 -1.4372 -0.078 0.7688 0.4266 0.7105 -0.4827 -0.2833 
678 -1.4351 -0.0826 0.7678 0.4271 0.7109 -0.481 -0.2843 
679 -1.433 -0.0879 0.7669 0.427 0.7105 -0.4819 -0.2839 
680 -1.4305 -0.0951 0.7654 0.428 0.7111 -0.4809 -0.2828 
681 -1.4294 -0.1002 0.7643 0.4279 0.7105 -0.4811 -0.284 
682 -1.4281 -0.1056 0.7632 0.4282 0.7095 -0.4821 -0.2842 
683 -1.4255 -0.1171 0.7599 0.4278 0.7096 -0.4812 -0.2864 
684 -1.4251 -0.1218 0.7581 0.4296 0.7088 -0.4801 -0.2873 
685 -1.4251 -0.127 0.7559 0.4375 0.7089 -0.4748 -0.284 
686 -1.4241 -0.1311 0.7541 0.4383 0.7074 -0.4756 -0.2849 
687 -1.4238 -0.1341 0.7514 0.4403 0.707 -0.4715 -0.2899 
688 -1.4235 -0.1391 0.7472 0.4476 0.7038 -0.4698 -0.2892 
689 -1.4235 -0.1431 0.7447 0.452 0.7024 -0.4673 -0.2898 
690 -1.4235 -0.1479 0.7429 0.4558 0.6976 -0.4688 -0.293 
691 -1.4227 -0.1547 0.7412 0.4598 0.6936 -0.4717 -0.2916 
692 -1.421 -0.1595 0.7399 0.4631 0.6928 -0.4695 -0.2917 
693 -1.4195 -0.1632 0.7391 0.4655 0.6892 -0.4693 -0.2968 
694 -1.4175 -0.1686 0.7379 0.4727 0.6855 -0.4677 -0.2965 
695 -1.4161 -0.172 0.7371 0.4746 0.684 -0.467 -0.2979 
696 -1.4137 -0.1772 0.7372 0.4762 0.6829 -0.466 -0.2997 
697 -1.4121 -0.1815 0.7379 0.4805 0.685 -0.4596 -0.2978 
698 -1.411 -0.1859 0.7377 0.4833 0.6846 -0.4573 -0.2978 
699 -1.4092 -0.1925 0.7382 0.4825 0.6855 -0.4561 -0.2987 
700 -1.4078 -0.1968 0.7393 0.484 0.6848 -0.4546 -0.3002 
701 -1.4073 -0.2014 0.7396 0.4844 0.684 -0.4542 -0.302 
702 -1.4068 -0.2077 0.7402 0.4869 0.6836 -0.4527 -0.301 
703 -1.4066 -0.2119 0.7411 0.4889 0.683 -0.4494 -0.3041 
704 -1.4063 -0.2179 0.7422 0.4903 0.6805 -0.4499 -0.3068 
705 -1.4057 -0.2231 0.7431 0.4916 0.6802 -0.4506 -0.3044 
706 -1.4052 -0.2277 0.7437 0.4915 0.6804 -0.4491 -0.3061 
707 -1.4049 -0.2334 0.7445 0.4918 0.6793 -0.4474 -0.3106 
708 -1.4047 -0.2381 0.745 0.4956 0.6782 -0.4473 -0.3071 
709 -1.4045 -0.2423 0.745 0.4993 0.6775 -0.4443 -0.3072 
710 -1.4041 -0.2478 0.7469 0.4985 0.6742 -0.4455 -0.3136 
711 -1.4038 -0.2531 0.7484 0.5001 0.6721 -0.448 -0.3121 
712 -1.4032 -0.2572 0.7489 0.5011 0.6741 -0.4462 -0.3088 
713 -1.4028 -0.2615 0.75 0.4999 0.6717 -0.4452 -0.3174 
714 -1.4031 -0.2649 0.7503 0.502 0.6692 -0.4456 -0.3188 
715 -1.4032 -0.2694 0.7506 0.508 0.6704 -0.4398 -0.3149 
716 -1.4033 -0.2765 0.7521 0.5084 0.6673 -0.4396 -0.3208 
717 -1.4029 -0.282 0.7527 0.509 0.6672 -0.441 -0.3183 
718 -1.4025 -0.2881 0.7539 0.5155 0.6636 -0.4353 -0.3231 
719 -1.4022 -0.293 0.7554 0.5187 0.6591 -0.4388 -0.3224 
720 -1.401 -0.2997 0.7567 0.5204 0.6601 -0.4342 -0.3239 
721 -1.4005 -0.3029 0.757 0.5203 0.6589 -0.4333 -0.3276 
722 -1.4002 -0.3073 0.7572 0.5244 0.6569 -0.4336 -0.3248 
723 -1.3992 -0.3103 0.7574 0.5277 0.6578 -0.4293 -0.3234 
724 -1.3983 -0.3183 0.7568 0.5277 0.6564 -0.4278 -0.3281 
725 -1.3983 -0.3219 0.7563 0.5303 0.6552 -0.4279 -0.3263 
726 -1.3977 -0.3251 0.7564 0.5317 0.6557 -0.4242 -0.3277 
727 -1.397 -0.3297 0.756 0.531 0.6544 -0.4258 -0.3293 
728 -1.3961 -0.3326 0.756 0.5332 0.6532 -0.4251 -0.329 
729 -1.3948 -0.337 0.7552 0.5354 0.6536 -0.4227 -0.3279 
730 -1.3936 -0.3395 0.7553 0.5373 0.6521 -0.4203 -0.3308 
731 -1.3927 -0.3425 0.7547 0.5396 0.6503 -0.4198 -0.3312 
732 -1.3913 -0.3465 0.7534 0.5414 0.6506 -0.4158 -0.3327 
733 -1.3913 -0.3465 0.7534 0.5414 0.6506 -0.4158 -0.3327 
734 -1.3903 -0.3499 0.7534 0.5432 0.646 -0.4148 -0.3399 
735 -1.3895 -0.3537 0.7528 0.5472 0.6424 -0.4147 -0.3405 
736 -1.3881 -0.3582 0.7528 0.5512 0.6426 -0.4124 -0.3364 
737 -1.3873 -0.3635 0.754 0.5549 0.6368 -0.41 -0.3442 
738 -1.3862 -0.3686 0.7554 0.5586 0.6323 -0.4113 -0.345 
739 -1.3851 -0.374 0.7557 0.5601 0.632 -0.4107 -0.3439 
740 -1.3826 -0.381 0.7569 0.5598 0.6278 -0.4115 -0.3508 
741 -1.3803 -0.386 0.7567 0.5614 0.6261 -0.4089 -0.3545 
742 -1.3771 -0.3919 0.7568 0.5665 0.6248 -0.4059 -0.352 
743 -1.3702 -0.4075 0.7576 0.5727 0.6172 -0.4076 -0.3536 
744 -1.3676 -0.4141 0.7582 0.5743 0.6153 -0.4085 -0.3532 
745 -1.3648 -0.4207 0.759 0.5747 0.6151 -0.4069 -0.3546 
746 -1.362 -0.4271 0.76 0.5743 0.6146 -0.4055 -0.3578 
747 -1.3582 -0.4356 0.7613 0.5762 0.6129 -0.4041 -0.3593 
748 -1.3537 -0.4446 0.7631 0.5784 0.6117 -0.4046 -0.3572 
749 -1.3481 -0.4561 0.7651 0.5796 0.6105 -0.3984 -0.3642 
750 -1.3417 -0.4717 0.7669 0.5835 0.6062 -0.3973 -0.3663 
751 -1.3375 -0.4793 0.7682 0.5876 0.6034 -0.3942 -0.3678 
752 -1.3342 -0.4861 0.7689 0.5902 0.6024 -0.3963 -0.3631 
753 -1.331 -0.4915 0.7699 0.5915 0.6014 -0.3932 -0.3658 
754 -1.3243 -0.5046 0.7712 0.5917 0.598 -0.3926 -0.3718 
755 -1.3193 -0.5144 0.7722 0.5971 0.5904 -0.3887 -0.3793 
756 -1.3165 -0.5201 0.7728 0.6029 0.5896 -0.3859 -0.3741 
757 -1.3141 -0.5292 0.7725 0.6043 0.5887 -0.3848 -0.3744 
758 -1.3124 -0.5355 0.7733 0.6027 0.5861 -0.3856 -0.3802 
759 -1.3104 -0.5412 0.7739 0.6044 0.5824 -0.3872 -0.3816 
760 -1.3084 -0.5494 0.7741 0.608 0.5821 -0.3867 -0.3768 
761 -1.3065 -0.5541 0.775 0.6088 0.5798 -0.3845 -0.3813 
762 -1.3054 -0.5608 0.7753 0.6087 0.5755 -0.3877 -0.3846 
763 -1.3046 -0.5654 0.7753 0.6123 0.5748 -0.3849 -0.3829 
764 -1.3041 -0.5705 0.7758 0.6138 0.5737 -0.384 -0.3829 
765 -1.3034 -0.5766 0.7759 0.6116 0.5738 -0.3824 -0.388 
766 -1.3036 -0.5816 0.7759 0.6109 0.5736 -0.3853 -0.3864 
767 -1.3044 -0.5862 0.7757 0.6111 0.5706 -0.3869 -0.389 
768 -1.3044 -0.5908 0.7757 0.6117 0.5713 -0.3855 -0.3883 
769 -1.3033 -0.5961 0.7759 0.6118 0.572 -0.3842 -0.3884 
770 -1.304 -0.6022 0.7738 0.6126 0.5704 -0.3836 -0.3901 
771 -1.3047 -0.6062 0.7733 0.6151 0.5682 -0.3831 -0.39 
772 -1.3047 -0.6102 0.7733 0.6194 0.5674 -0.3806 -0.3866 
773 -1.3056 -0.617 0.7723 0.6189 0.5659 -0.3821 -0.3882 
774 -1.3065 -0.6215 0.7718 0.6175 0.5651 -0.3822 -0.3916 
775 -1.307 -0.6257 0.7715 0.6198 0.5648 -0.3807 -0.3898 
776 -1.308 -0.6302 0.771 0.6216 0.5637 -0.3821 -0.3871 
777 -1.3097 -0.6363 0.7689 0.6234 0.5602 -0.3808 -0.3905 
778 -1.3103 -0.6404 0.768 0.626 0.5601 -0.3762 -0.391 
779 -1.3125 -0.6462 0.7668 0.6273 0.558 -0.3763 -0.3918 
780 -1.314 -0.6504 0.7659 0.6287 0.5572 -0.3744 -0.3925 
781 -1.3162 -0.6544 0.7646 0.6324 0.553 -0.3714 -0.3954 
782 -1.3194 -0.6602 0.7619 0.6353 0.5533 -0.3681 -0.3934 
783 -1.3223 -0.6638 0.7605 0.6377 0.5482 -0.3665 -0.398 
784 -1.3261 -0.667 0.7585 0.6413 0.5427 -0.3642 -0.4019 
785 -1.3316 -0.6734 0.7555 0.6473 0.5414 -0.3632 -0.3951 
786 -1.3351 -0.6766 0.7546 0.648 0.5357 -0.3627 -0.4019 
787 -1.3382 -0.6797 0.7537 0.6519 0.5322 -0.3587 -0.4039 
788 -1.3419 -0.6858 0.7521 0.656 0.5305 -0.357 -0.4009 
789 -1.3436 -0.69 0.7527 0.6572 0.5279 -0.357 -0.4024 
790 -1.3446 -0.6935 0.7529 0.6561 0.5254 -0.3559 -0.4084 
791 -1.3454 -0.6974 0.7524 0.6599 0.5242 -0.351 -0.4082 
792 -1.3462 -0.6998 0.7521 0.6657 0.5193 -0.3473 -0.4081 
793 -1.347 -0.7021 0.7522 0.6715 0.5151 -0.3428 -0.4077 
794 -1.3487 -0.7065 0.7527 0.6744 0.5112 -0.3397 -0.4104 
795 -1.3501 -0.7101 0.753 0.6733 0.5115 -0.3385 -0.4129 
796 -1.3512 -0.7139 0.7538 0.6726 0.5116 -0.3365 -0.4155 
797 -1.3526 -0.7186 0.7545 0.6724 0.5118 -0.3335 -0.4181 
798 -1.3539 -0.7217 0.7549 0.6731 0.5101 -0.3324 -0.4199 
799 -1.3556 -0.7263 0.7554 0.677 0.5074 -0.3298 -0.419 
800 -1.357 -0.7302 0.7557 0.6768 0.5069 -0.3284 -0.4209 
801 -1.3585 -0.7337 0.756 0.6755 0.5052 -0.3291 -0.4244 
802 -1.3602 -0.7389 0.7564 0.679 0.5026 -0.3263 -0.4242 
803 -1.3616 -0.7433 0.7562 0.6799 0.5024 -0.3252 -0.4238 
804 -1.3626 -0.7476 0.7566 0.6796 0.5009 -0.3248 -0.4263 
805 -1.3642 -0.753 0.7569 0.6822 0.4973 -0.3229 -0.4279 
806 -1.365 -0.7576 0.7565 0.6864 0.4954 -0.3205 -0.4251 
807 -1.3663 -0.7636 0.7569 0.6874 0.4938 -0.3194 -0.4262 
808 -1.3681 -0.7684 0.7576 0.6885 0.492 -0.319 -0.4268 
809 -1.373 -0.7802 0.758 0.6848 0.4939 -0.3199 -0.43 
810 -1.3747 -0.7849 0.7588 0.6853 0.4909 -0.3196 -0.4328 
811 -1.3763 -0.7896 0.7597 0.6889 0.4903 -0.3186 -0.4283 
812 -1.3788 -0.7954 0.7618 0.6928 0.4851 -0.3207 -0.4264 
813 -1.3804 -0.799 0.7636 0.6955 0.4804 -0.3196 -0.4282 
814 -1.3818 -0.8029 0.7646 0.6979 0.4806 -0.3168 -0.4262 
815 -1.3841 -0.8077 0.7667 0.6993 0.4796 -0.316 -0.4255 
816 -1.3859 -0.8107 0.7688 0.701 0.4769 -0.3164 -0.4256 
817 -1.388 -0.8138 0.7704 0.7037 0.4744 -0.316 -0.4241 
818 -1.3904 -0.8184 0.772 0.7043 0.4763 -0.3144 -0.4222 
819 -1.3924 -0.8215 0.7727 0.7023 0.4762 -0.3134 -0.4263 
820 -1.3937 -0.8246 0.7736 0.7032 0.4753 -0.3114 -0.4273 
821 -1.3957 -0.8286 0.7734 0.7048 0.475 -0.3085 -0.4271 
822 -1.3971 -0.8319 0.7732 0.7067 0.4722 -0.3077 -0.4277 
823 -1.3983 -0.8346 0.773 0.7104 0.4696 -0.3049 -0.4264 
824 -1.3999 -0.8389 0.7723 0.7137 0.4673 -0.3015 -0.4258 
825 -1.4011 -0.8418 0.7719 0.7143 0.4669 -0.3 -0.4264 
826 -1.4027 -0.845 0.7709 0.7147 0.4654 -0.2974 -0.4292 
827 -1.4045 -0.8494 0.7702 0.7186 0.4629 -0.2937 -0.4278 
828 -1.4063 -0.8529 0.7696 0.719 0.4618 -0.2926 -0.4292 
829 -1.4081 -0.8566 0.7692 0.719 0.4609 -0.2911 -0.4312 
830 -1.4106 -0.8623 0.7694 0.7198 0.4563 -0.2912 -0.4345 
831 -1.4123 -0.8671 0.7685 0.7212 0.4549 -0.2886 -0.4354 
832 -1.4136 -0.8723 0.7691 0.723 0.4523 -0.2872 -0.4361 
833 -1.4157 -0.8794 0.7699 0.7255 0.4438 -0.2875 -0.4405 
834 -1.4172 -0.8853 0.7697 0.728 0.4422 -0.2865 -0.4386 
835 -1.4184 -0.8933 0.7703 0.7285 0.44 -0.2825 -0.4426 
836 -1.419 -0.8992 0.7716 0.7295 0.4344 -0.2803 -0.4479 
837 -1.42 -0.9064 0.772 0.7311 0.4327 -0.2807 -0.4466 
838 -1.4204 -0.9158 0.7738 0.7329 0.4285 -0.2817 -0.4472 
839 -1.4211 -0.9223 0.7748 0.7342 0.4207 -0.2793 -0.4539 
840 -1.4212 -0.9295 0.7751 0.738 0.4179 -0.2789 -0.4506 
841 -1.4219 -0.9395 0.7748 0.7407 0.4179 -0.2745 -0.4489 
842 -1.4223 -0.9459 0.7754 0.7403 0.4119 -0.2715 -0.4567 
843 -1.4236 -0.9563 0.7756 0.7436 0.4095 -0.2712 -0.4537 
844 -1.4249 -0.9647 0.7748 0.7457 0.4102 -0.2696 -0.4504 
845 -1.4259 -0.9727 0.7751 0.7452 0.4081 -0.2684 -0.4539 
846 -1.4269 -0.9837 0.7758 0.745 0.4065 -0.2687 -0.4555 
847 -1.4283 -0.9917 0.7752 0.7454 0.4056 -0.2673 -0.4566 
848 -1.429 -0.999 0.7748 0.7462 0.405 -0.265 -0.4572 
849 -1.4307 -1.0082 0.775 0.7495 0.3982 -0.2632 -0.4587 
850 -1.4329 -1.015 0.7748 0.7525 0.3945 -0.2629 -0.4572 
851 -1.4347 -1.023 0.7742 0.7519 0.3952 -0.2626 -0.4578 
852 -1.437 -1.0319 0.7743 0.7496 0.3924 -0.2601 -0.4651 
853 -1.4387 -1.0394 0.7743 0.7527 0.3899 -0.2586 -0.4632 
854 -1.4407 -1.0456 0.7746 0.7549 0.3878 -0.2595 -0.4609 
855 -1.4432 -1.0538 0.7752 0.7538 0.3881 -0.2556 -0.4646 
856 -1.4452 -1.059 0.7762 0.7526 0.3857 -0.2532 -0.4698 
857 -1.4477 -1.065 0.7758 0.7552 0.3849 -0.2529 -0.4665 
858 -1.4522 -1.0726 0.7755 0.7569 0.3845 -0.2534 -0.4638 
859 -1.455 -1.077 0.7756 0.7555 0.3817 -0.2496 -0.4702 
860 -1.4581 -1.0819 0.7753 0.7551 0.3821 -0.25 -0.4705 
861 -1.4617 -1.0873 0.7744 0.7561 0.3856 -0.2502 -0.4659 
862 -1.4662 -1.0935 0.7743 0.7539 0.3844 -0.2495 -0.4708 
863 -1.4693 -1.0978 0.7741 0.7542 0.3827 -0.2493 -0.4718 
864 -1.4744 -1.1043 0.773 0.7553 0.384 -0.2497 -0.4687 
865 -1.4779 -1.1098 0.7723 0.755 0.3851 -0.2495 -0.4684 
866 -1.4807 -1.1134 0.7721 0.7534 0.3841 -0.2486 -0.4723 
867 -1.4851 -1.119 0.7706 0.7542 0.386 -0.2487 -0.4695 
868 -1.4883 -1.1223 0.7696 0.753 0.3878 -0.2472 -0.4706 
869 -1.4914 -1.1259 0.7688 0.751 0.387 -0.2459 -0.475 
870 -1.4953 -1.1299 0.7668 0.7525 0.388 -0.2443 -0.4727 
871 -1.4987 -1.1335 0.7656 0.7532 0.3866 -0.2452 -0.4723 
872 -1.5029 -1.1379 0.7637 0.7536 0.3851 -0.2441 -0.4735 
873 -1.5065 -1.1417 0.7621 0.7541 0.3852 -0.2418 -0.4738 
874 -1.5092 -1.145 0.7608 0.7547 0.3828 -0.2407 -0.4753 
875 -1.5136 -1.1498 0.7588 0.7568 0.3818 -0.2395 -0.4734 
876 -1.5172 -1.1537 0.7577 0.7588 0.3816 -0.2381 -0.4711 
877 -1.5224 -1.1587 0.7568 0.7569 0.3816 -0.2364 -0.475 
878 -1.527 -1.1629 0.7555 0.7574 0.383 -0.234 -0.4743 
879 -1.5325 -1.1666 0.7544 0.7578 0.3852 -0.233 -0.4723 
880 -1.5391 -1.1714 0.755 0.7569 0.3833 -0.2319 -0.4758 
881 -1.5503 -1.1815 0.7555 0.7564 0.3848 -0.2318 -0.4754 
882 -1.5562 -1.1879 0.7583 0.7578 0.3803 -0.2359 -0.4749 
883 -1.5605 -1.1932 0.7597 0.7604 0.3767 -0.2363 -0.4734 
884 -1.5637 -1.1981 0.7606 0.7624 0.377 -0.2327 -0.4717 
885 -1.5685 -1.2048 0.7624 0.7658 0.374 -0.2297 -0.47 
886 -1.5732 -1.2096 0.763 0.7673 0.3698 -0.2295 -0.4711 
887 -1.5776 -1.2148 0.7643 0.7685 0.3696 -0.229 -0.4695 
888 -1.5841 -1.2219 0.7663 0.7656 0.3699 -0.2284 -0.4741 
889 -1.5893 -1.2269 0.767 0.7643 0.3699 -0.229 -0.476 
890 -1.5948 -1.2317 0.7673 0.765 0.3698 -0.2309 -0.474 
891 -1.6013 -1.238 0.7678 0.7669 0.3688 -0.2315 -0.4715 
892 -1.6076 -1.2436 0.7669 0.7658 0.3658 -0.2305 -0.4761 
893 -1.6115 -1.2485 0.7666 0.7647 0.3661 -0.2311 -0.4772 
894 -1.6171 -1.2552 0.7658 0.7664 0.366 -0.2309 -0.4748 
895 -1.6207 -1.2595 0.7653 0.7659 0.3657 -0.2299 -0.4762 
896 -1.6248 -1.2643 0.7643 0.7671 0.3628 -0.23 -0.4765 
897 -1.6301 -1.271 0.7625 0.769 0.3634 -0.2314 -0.4723 
898 -1.6333 -1.2754 0.7621 0.7688 0.3646 -0.2296 -0.4725 
899 -1.636 -1.2791 0.7624 0.7688 0.3651 -0.2248 -0.4745 
900 -1.6411 -1.2853 0.7619 0.7698 0.3657 -0.2261 -0.4717 
901 -1.645 -1.2896 0.7624 0.77 0.3642 -0.227 -0.4721 
902 -1.6482 -1.2935 0.7629 0.7707 0.363 -0.2244 -0.4732 
903 -1.6525 -1.2984 0.763 0.7713 0.3622 -0.2249 -0.4726 
904 -1.6559 -1.3027 0.763 0.7728 0.3617 -0.2249 -0.4706 
905 -1.6586 -1.3066 0.7634 0.7724 0.3622 -0.2218 -0.4722 
906 -1.6629 -1.3114 0.7635 0.7716 0.3624 -0.2215 -0.4736 
907 -1.6665 -1.3156 0.763 0.7725 0.3642 -0.223 -0.4699 
908 -1.6713 -1.3203 0.7629 0.77 0.3673 -0.2208 -0.4726 
909 -1.675 -1.3235 0.7628 0.7687 0.3663 -0.2205 -0.4757 
910 -1.6788 -1.3275 0.762 0.7706 0.3677 -0.222 -0.4709 
911 -1.6837 -1.333 0.7617 0.77 0.3681 -0.2227 -0.4713 
912 -1.6871 -1.3366 0.7616 0.7683 0.3689 -0.2223 -0.4735 
913 -1.6929 -1.3423 0.7603 0.7698 0.3707 -0.2217 -0.4699 
914 -1.6975 -1.3463 0.7602 0.7697 0.3699 -0.2229 -0.4701 
915 -1.7017 -1.3506 0.7607 0.7679 0.3691 -0.2225 -0.4739 
916 -1.7067 -1.3553 0.7601 0.7671 0.3708 -0.2202 -0.4749 
917 -1.7121 -1.3605 0.7609 0.7679 0.3696 -0.2245 -0.4726 
918 -1.7167 -1.3649 0.7613 0.7695 0.368 -0.2217 -0.4725 
919 -1.7217 -1.3703 0.7618 0.7686 0.3689 -0.2243 -0.472 
920 -1.7258 -1.3746 0.7617 0.7676 0.37 -0.2236 -0.4731 
921 -1.73 -1.3789 0.762 0.7672 0.3693 -0.2208 -0.4757 
922 -1.7351 -1.3841 0.7621 0.7691 0.3681 -0.222 -0.4729 
923 -1.7389 -1.3885 0.7623 0.7694 0.3674 -0.2213 -0.4733 
924 -1.744 -1.3935 0.7626 0.7673 0.3659 -0.2216 -0.4777 
925 -1.7495 -1.4004 0.7631 0.7691 0.365 -0.222 -0.4754 
926 -1.7551 -1.4063 0.7626 0.7697 0.3654 -0.222 -0.4741 
927 -1.7592 -1.4118 0.763 0.7683 0.3655 -0.223 -0.4758 
928 -1.765 -1.4197 0.7632 0.7671 0.3626 -0.223 -0.4798 
929 -1.7689 -1.4262 0.7623 0.7711 0.3619 -0.2222 -0.4744 
930 -1.7689 -1.4262 0.7623 0.7711 0.3619 -0.2222 -0.4744 
931 -1.774 -1.4351 0.7629 0.7734 0.3571 -0.2244 -0.4732 
932 -1.784 -1.4513 0.7605 0.7753 0.355 -0.2234 -0.4721 
933 -1.7887 -1.4583 0.7601 0.7755 0.3542 -0.222 -0.4731 
934 -1.7928 -1.4642 0.76 0.7741 0.3556 -0.2194 -0.4756 
935 -1.7979 -1.4723 0.7602 0.7727 0.3566 -0.2237 -0.4751 
936 -1.8024 -1.4785 0.7604 0.7736 0.3561 -0.222 -0.4748 
937 -1.8072 -1.4856 0.761 0.7736 0.3554 -0.2223 -0.4753 
938 -1.8115 -1.4924 0.7607 0.7731 0.3591 -0.2191 -0.4747 
939 -1.8213 -1.5052 0.7622 0.774 0.3564 -0.2182 -0.4757 
940 -1.8301 -1.5179 0.7642 0.7713 0.3592 -0.2186 -0.4778 
941 -1.8336 -1.524 0.7659 0.7715 0.3589 -0.2203 -0.477 
942 -1.8389 -1.5305 0.7661 0.7725 0.3576 -0.2199 -0.4764 
943 -1.8447 -1.5389 0.7681 0.7741 0.3557 -0.2226 -0.4741 
944 -1.8498 -1.5462 0.7693 0.7741 0.3549 -0.2205 -0.4755 
945 -1.8541 -1.5529 0.7712 0.773 0.3556 -0.2239 -0.4753 
946 -1.8607 -1.5612 0.7739 0.7699 0.3543 -0.227 -0.4798 
947 -1.8649 -1.5677 0.7762 0.769 0.3531 -0.2291 -0.4812 
948 -1.8687 -1.5737 0.7777 0.7701 0.3502 -0.2277 -0.4822 
949 -1.8738 -1.5805 0.7784 0.772 0.3488 -0.2278 -0.48 
950 -1.8802 -1.5894 0.78 0.77 0.351 -0.2304 -0.4804 
951 -1.8858 -1.5975 0.7818 0.7667 0.3499 -0.2302 -0.4866 
952 -1.8937 -1.6093 0.7826 0.7698 0.3488 -0.231 -0.4821 
953 -1.8997 -1.6163 0.7839 0.7681 0.3448 -0.2326 -0.4868 
954 -1.9039 -1.6215 0.7843 0.7671 0.3449 -0.2335 -0.4879 
955 -1.9148 -1.6335 0.784 0.7661 0.3468 -0.2329 -0.4884 
956 -1.9233 -1.643 0.7834 0.7678 0.3473 -0.2348 -0.4844 
957 -1.9289 -1.6491 0.7832 0.7667 0.3461 -0.2342 -0.4874 
958 -1.9327 -1.6527 0.7835 0.7669 0.3433 -0.2344 -0.4889 
959 -1.9374 -1.657 0.783 0.7675 0.3452 -0.2366 -0.4856 
960 -1.9427 -1.6626 0.7831 0.7659 0.3478 -0.2377 -0.4858 
961 -1.9472 -1.6666 0.7836 0.7641 0.3461 -0.2363 -0.4905 
962 -1.9516 -1.6706 0.7832 0.7655 0.3453 -0.2372 -0.4883 
963 -1.9571 -1.6755 0.783 0.7655 0.3471 -0.2402 -0.4856 
964 -1.9613 -1.6791 0.7829 0.7643 0.347 -0.2361 -0.4896 
965 -1.9647 -1.6824 0.7831 0.7633 0.3486 -0.2374 -0.4893 
966 -1.9704 -1.6875 0.7817 0.7656 0.3494 -0.2388 -0.4845 
967 -1.9746 -1.6908 0.7811 0.7656 0.3497 -0.2387 -0.4843 
968 -1.9787 -1.6941 0.7804 0.7629 0.3481 -0.2379 -0.4901 
969 -1.9845 -1.6998 0.7785 0.7639 0.3515 -0.2349 -0.4876 
970 -1.9876 -1.703 0.7784 0.7648 0.353 -0.2355 -0.4848 
971 -1.998 -1.7094 0.7774 0.7669 0.3461 -0.2344 -0.487 
972 -2.0083 -1.7167 0.7789 0.7678 0.3413 -0.2339 -0.4891 
973 -2.0123 -1.7208 0.7799 0.7657 0.3437 -0.2355 -0.49 
974 -2.0163 -1.7246 0.7809 0.7658 0.3445 -0.2372 -0.4884 
975 -2.0205 -1.7285 0.7818 0.7662 0.3428 -0.2339 -0.4907 
976 -2.0237 -1.7311 0.7828 0.7692 0.3407 -0.233 -0.4878 
977 -2.0278 -1.7343 0.7837 0.7704 0.3405 -0.2338 -0.4857 
978 -2.0344 -1.7387 0.7845 0.7666 0.3419 -0.2319 -0.4915 
979 -2.0456 -1.7471 0.7866 0.7669 0.3451 -0.2349 -0.4875 
980 -2.0501 -1.7506 0.7873 0.7635 0.3473 -0.2348 -0.4913 
981 -2.0544 -1.7543 0.7881 0.7606 0.347 -0.2349 -0.4958 
982 -2.0602 -1.7597 0.7881 0.7613 0.3479 -0.2374 -0.4929 
983 -2.0639 -1.7631 0.7882 0.7628 0.3446 -0.2379 -0.4927 
984 -2.0673 -1.7666 0.7879 0.763 0.3452 -0.2363 -0.4928 
985 -2.072 -1.7727 0.7879 0.7612 0.3474 -0.2383 -0.4931 
986 -2.0788 -1.7813 0.7873 0.7612 0.3487 -0.2365 -0.493 
987 -2.0829 -1.7872 0.7869 0.7603 0.3499 -0.2367 -0.4934 
988 -2.0862 -1.7914 0.7867 0.7595 0.3496 -0.2361 -0.4951 
989 -2.0896 -1.7955 0.7867 0.7589 0.3495 -0.2385 -0.495 
990 -2.0939 -1.8017 0.786 0.7605 0.3503 -0.2395 -0.4915 
991 -2.0978 -1.8064 0.7859 0.7595 0.3502 -0.2387 -0.4934 
992 -2.1014 -1.811 0.7853 0.7579 0.3525 -0.2342 -0.4965 
993 -2.1077 -1.8213 0.7843 0.7591 0.3539 -0.2385 -0.4916 
994 -2.1125 -1.8271 0.7828 0.7591 0.3532 -0.2353 -0.4937 
995 -2.1159 -1.8318 0.7819 0.759 0.3537 -0.2373 -0.4924 
996 -2.1192 -1.8367 0.7808 0.7592 0.3554 -0.2405 -0.4893 
997 -2.1225 -1.8414 0.7797 0.7578 0.3541 -0.2391 -0.4931 
998 -2.1251 -1.8444 0.7801 0.7582 0.35 -0.2405 -0.4947 
999 -2.1289 -1.8483 0.7799 0.7614 0.3511 -0.2423 -0.4881 
1000 -2.131 -1.8494 0.7809 0.7586 0.3519 -0.2442 -0.491 
1001 -2.1332 -1.8509 0.7815 0.7574 0.3511 -0.2432 -0.4939 
1002 -2.1369 -1.8534 0.7821 0.7585 0.3531 -0.2435 -0.4907 
1003 -2.1393 -1.855 0.7825 0.7589 0.3536 -0.243 -0.4899 
1004 -2.1417 -1.8566 0.7832 0.7556 0.3536 -0.2416 -0.4957 
1005 -2.1447 -1.8586 0.7823 0.7554 0.3533 -0.2395 -0.4971 
1006 -2.1468 -1.8606 0.7818 0.757 0.3554 -0.2399 -0.493 
1007 -2.1494 -1.8628 0.7817 0.7575 0.3557 -0.2394 -0.4922 
1008 -2.1508 -1.8641 0.7812 0.7567 0.3536 -0.2389 -0.4952 
1009 -2.1525 -1.8659 0.7805 0.7576 0.3549 -0.239 -0.4929 
1010 -2.1542 -1.8681 0.7801 0.7577 0.3566 -0.2397 -0.4912 
1011 -2.1552 -1.8688 0.7798 0.7575 0.3543 -0.2397 -0.4931 
1012 -2.1557 -1.8698 0.7791 0.7591 0.356 -0.2381 -0.4902 
1013 -2.1563 -1.8708 0.7789 0.7588 0.3567 -0.2376 -0.4904 
1014 -2.1567 -1.8713 0.7787 0.7576 0.3555 -0.2394 -0.4923 
1015 -2.157 -1.8713 0.7784 0.76 0.3543 -0.238 -0.4902 
1016 -2.1575 -1.8711 0.7781 0.7618 0.3543 -0.2362 -0.4882 
1017 -2.1585 -1.8712 0.7786 0.7594 0.3547 -0.2376 -0.491 
1018 -2.1589 -1.8716 0.7786 0.7581 0.3575 -0.2372 -0.4912 
1019 -2.1597 -1.8719 0.778 0.758 0.3597 -0.2346 -0.4909 
1020 -2.1612 -1.8721 0.7781 0.7583 0.357 -0.2357 -0.4919 
1021 -2.1625 -1.8727 0.7785 0.7587 0.3551 -0.2387 -0.4911 
1022 -2.1641 -1.8743 0.7778 0.7575 0.3589 -0.2372 -0.491 
1023 -2.1653 -1.8752 0.7776 0.7572 0.3568 -0.2372 -0.493 
1024 -2.1669 -1.8766 0.777 0.7612 0.3537 -0.2387 -0.4884 
1025 -2.1684 -1.8784 0.7762 0.7619 0.3544 -0.2397 -0.4863 
1026 -2.1709 -1.8817 0.776 0.7589 0.3542 -0.2401 -0.4909 
1027 -2.172 -1.8831 0.7754 0.7616 0.3546 -0.2395 -0.4867 
1028 -2.1733 -1.8847 0.775 0.7619 0.3532 -0.2395 -0.4873 
1029 -2.1745 -1.8861 0.7747 0.761 0.3536 -0.2398 -0.4882 
1030 -2.1755 -1.8877 0.7738 0.7611 0.3567 -0.2395 -0.486 
1031 -2.1762 -1.8887 0.7733 0.7608 0.3562 -0.2393 -0.4868 
1032 -2.1765 -1.8897 0.7726 0.7621 0.3567 -0.2392 -0.4845 
1033 -2.1766 -1.8906 0.7719 0.7621 0.3582 -0.2386 -0.4837 
1034 -2.1768 -1.8911 0.7708 0.7607 0.3587 -0.2355 -0.4871 
1035 -2.1768 -1.8919 0.7697 0.7623 0.3599 -0.2346 -0.4841 
1036 -2.1775 -1.8924 0.7695 0.7639 0.3579 -0.2358 -0.4824 
1037 -2.1778 -1.8932 0.7693 0.7635 0.3583 -0.2348 -0.4833 
1038 -2.1782 -1.8938 0.7687 0.7621 0.3616 -0.234 -0.4834 
1039 -2.1786 -1.8943 0.7686 0.7603 0.3636 -0.235 -0.4843 
1040 -2.1788 -1.8946 0.7684 0.7613 0.363 -0.2339 -0.4838 
1041 -2.1788 -1.8945 0.7684 0.7629 0.3608 -0.2338 -0.4829 
1042 -2.1788 -1.8941 0.7685 0.7635 0.3597 -0.2361 -0.4815 
1043 -2.1788 -1.8937 0.7686 0.7638 0.3598 -0.2358 -0.4812 
1044 -2.1785 -1.893 0.7687 0.7634 0.3604 -0.2345 -0.482 
1045 -2.178 -1.8915 0.7688 0.7636 0.3601 -0.2348 -0.4818 
1046 -2.1776 -1.8903 0.7693 0.7649 0.3588 -0.2349 -0.4806 
