0 -2.165477 0.646472 0.007872 -2.670691 0.051388 -0.031211
1 -1.732042 0.299425 0.000637 -3.057838 1.608148 -0.040788
2 -2.571246 1.170061 -0.002786 -1.957454 1.786215 -0.006843
3 -3.001358 1.622674 -0.005859 -2.380184 2.189255 0.01224
4 -2.858322 1.477812 -0.000465 -2.235002 2.067124 0.011758
5 -2.009525 -0.583617 0.014614 -3.046483 0.226248 0.024421
6 -1.883511 1.672699 0.013736 -2.512926 1.161798 -0.007101
7 -2.958237 1.556247 0.027193 -1.802543 0.434663 0.016757
8 -2.850922 0.192945 0.004077 -2.295459 0.75844 0.011745
9 -2.010138 -0.581458 0.002897 -2.917721 0.198486 -0.035024
10 -3.061106 0.202203 0.018736 -2.42359 -0.285114 0.027588
11 -2.960284 1.583223 -0.00784 -2.350813 2.126087 0.047057
12 -2.937908 0.169774 -0.020401 -2.328835 0.798597 0.029713
13 -2.053913 0.81283 -0.002333 -1.847005 1.022356 0.007138
14 -1.932049 1.746311 0.017425 -2.543827 1.170808 0.008539
15 -2.856266 0.166219 0.013674 -2.394825 -0.300634 -0.033485
16 -2.005209 0.677529 0.011085 -1.765571 0.928599 0.009573
17 -2.977701 1.568313 0.005266 -1.738419 0.327737 0.003894
18 -2.47747 1.041786 0.555595 -2.526769 1.040306 0.955841
19 -2.602443 1.139603 0.580559 -2.660686 1.165278 0.927434
20 -1.821727 0.698309 -0.001322 -1.6172 0.488591 -0.002816
21 -2.664349 0.10949 0.019737 -2.193332 0.645031 0.015899
22 -2.459517 1.126485 0.002652 -2.115363 1.413136 0.025338
23 -2.369296 0.836914 -0.008067 -3.014615 0.195043 0.014699
24 -2.039056 0.481068 0.004529 -2.35228 0.117147 -0.00557
25 -2.853825 0.15481 0.012358 -2.016108 -0.572862 0.007756
26 -2.411245 2.012344 0.026083 -2.9012 1.535789 0.014287
27 -2.108553 1.861373 0.008316 -2.417105 1.608324 -0.015473
28 -2.310061 2.212924 -0.008777 -1.57051 1.432332 0.014239
29 -1.86683 1.718376 0.035356 -2.312495 2.207947 -0.001147
30 -2.553054 0.735379 0.524287 -2.387961 0.915107 0.5249
31 -2.526985 0.744447 0.576674 -2.554115 0.722388 0.985516
32 -2.609441 1.123396 0.939368 -2.577506 1.096888 0.644221
33 -3.010346 0.227752 0.404639 -2.990008 0.247917 1.021868
34 -2.943506 0.142744 0.648895 -3.025888 0.202321 0.910877
35 -1.971541 -1.950755 -0.014701 -2.778296 -1.235307 -0.002882
36 -2.120306 -0.677001 0.011159 -2.662592 -1.291715 -0.005524
37 -2.722522 -1.187319 0.027792 -1.944497 -1.905586 0.007157
38 -2.185879 -0.580042 -0.005761 -1.763766 -0.948867 -0.006363
39 -2.596248 -0.861361 0.799619 -2.530559 -0.772774 0.558715
40 -2.268107 -0.449588 0.015536 -2.864702 -1.224229 0.013774
41 -2.887028 -1.230898 0.584205 -2.869786 -1.229668 -0.009627
42 -2.63192 -0.88699 0.564431 -2.690634 -0.971591 0.775868
43 -2.888672 -1.234504 0.573724 -2.879185 -1.232971 0.80514
44 -2.109845 -0.427339 0.013193 -1.932055 -0.186228 0.000151
45 -2.664506 -1.061839 -0.005672 -2.231466 -0.601747 0.002708
46 -2.21856 -0.605157 0.013004 -2.660077 -1.066567 -0.00955
47 -2.291949 -0.65095 -0.001708 -2.609133 -1.099169 0.001441
48 -2.673531 -1.06804 -0.009324 -2.446931 -0.821739 -0.000429
49 -1.922356 -0.357277 0.013199 -1.786917 -0.192086 0.014217
50 -1.962394 -0.553668 0.002641 -1.755292 -0.319081 0.001697
