0 -2.670787 1.216501 0.343957
1 -2.969103 1.519188 0.344417
2 -2.552846 1.724742 0.011387
3 -2.486769 1.012869 0.554027
4 -2.192836 1.15468 0.007055
5 -2.163125 1.214783 0.008031
6 -2.192822 1.24481 0.009337
7 -2.251802 0.915653 -0.004549
8 -2.967577 1.519548 0.253206
9 -2.978484 1.538862 0.342856
10 -2.643813 1.183671 0.283659
11 -2.917844 1.479479 0.343027
12 -2.75516 1.282202 0.252153
13 -2.909453 1.458416 0.253446
14 -2.401859 1.065272 -0.004678
15 -2.910476 1.457702 0.373872
16 -2.560669 1.117261 0.58295
17 -2.192862 0.91408 -0.004768
18 -2.888445 1.449194 0.254227
19 -2.908119 1.459361 0.344277
20 -2.372197 1.035125 -0.004827
21 -3.036371 1.599977 0.253598
22 -2.858018 1.419138 0.342889
23 -2.5213 1.06702 0.31375
24 -2.643667 1.183526 0.253336
25 -2.527656 1.089761 0.253682
26 -3.007991 1.56965 0.283523
27 -2.581302 1.126588 0.254059
28 -2.948602 1.508603 0.373033
29 -2.817109 1.369571 0.313488
30 -2.887491 1.449434 0.343327
31 -2.767998 1.32966 0.343745
32 -2.342886 1.094787 0.006412
33 -2.739377 1.298168 0.254952
34 -2.485081 1.012834 0.524585
35 -2.545486 1.073388 0.553888
36 -2.614893 1.152858 0.67356
37 -2.73955 1.298273 0.2852
38 -2.497626 1.058611 0.312933
39 -2.7882 1.339008 0.313545
40 -2.498316 1.057484 0.342774
41 -2.103481 1.185874 -0.004276
42 -2.700513 1.246408 0.313464
43 -2.797897 1.359652 0.343289
44 -2.97835 1.538837 0.373275
45 -2.312965 0.822247 -0.006373
46 -2.888372 1.448676 0.372767
47 -2.76965 1.328295 0.255013
48 -2.939737 1.4873 0.373811
49 -2.948267 1.50925 0.34335
50 -2.85795 1.419555 0.284678
51 -2.575294 1.100618 0.584138
52 -3.02676 1.580122 0.253804
53 -2.583989 1.123362 0.61361
54 -2.582213 1.125188 0.373604
55 -2.997456 1.550208 0.253506
56 -2.848526 1.398652 0.282929
57 -2.522851 1.694243 0.011092
58 -2.22112 0.887049 -0.00455
59 -2.709002 1.268744 0.314801
60 -2.604798 1.132945 0.583996
61 -2.400906 0.945126 0.373786
62 -2.522892 1.754818 0.012269
63 -2.97746 1.540193 0.254491
64 -2.679224 1.238581 0.314485
65 -3.009279 1.568407 0.373224
66 -2.947276 1.510032 0.254378
67 -2.847075 1.400166 0.313519
68 -2.702384 1.244943 0.283678
69 -3.030217 1.577437 0.373764
70 -2.785729 1.311501 0.252079
71 -2.695195 1.222234 0.253173
72 -2.703987 1.243763 0.253665
73 -2.514508 1.043575 0.314664
74 -2.312363 0.796095 -0.00533
75 -2.490028 1.03758 0.253616
76 -2.58294 1.124593 0.343611
77 -2.612103 1.155198 0.343677
78 -2.699718 1.247445 0.343574
79 -2.383099 0.912944 0.523656
80 -2.827162 1.389771 0.314109
81 -2.937688 1.488682 0.253211
82 -2.13273 1.214751 0.008273
83 -2.311941 1.004939 0.006973
84 -2.612016 -0.133612 0.253667
85 -2.787974 1.339475 0.344021
86 -2.162724 1.184771 0.007273
87 -2.102475 1.184684 0.008324
88 -2.847959 1.399217 0.344028
89 -2.133061 1.244654 0.008537
90 -2.132683 1.184849 0.007873
91 -2.729181 1.27746 0.313538
92 -2.438635 0.999409 0.253907
93 -2.762508 1.304586 0.253573
94 -2.529931 1.086839 0.342919
95 -2.999901 1.547134 0.373798
96 -2.162401 1.155074 0.00802
97 -2.312131 0.824101 0.007292
98 -2.574556 1.101976 0.37373
99 -2.253184 0.914183 0.005971
100 -2.828123 1.388973 0.284742
101 -2.190881 1.15482 -0.004894
102 -2.132018 1.18347 -0.004518
103 -2.163059 1.184408 -0.005114
104 -2.725476 1.251311 0.312349
105 -2.827585 1.3891 0.342903
106 -2.997611 1.55012 0.283576
107 -2.75534 1.281705 0.281125
108 -2.642015 0.254295 -0.009446
109 -2.733526 1.274198 0.253677
110 -2.642642 0.254887 0.009294
111 -2.403593 1.724127 0.013073
112 -2.708533 1.268977 0.343907
113 -2.672723 0.194561 0.008172
114 -2.402826 1.064677 0.006894
115 -2.672828 0.225531 0.008424
116 -2.635457 1.162843 0.255055
117 -2.470065 1.026163 0.553286
118 -2.522469 1.724659 0.012079
119 -2.162546 1.124731 0.008076
120 -2.40966 0.968603 0.283804
121 -2.703178 0.225041 0.009221
122 -2.618913 1.177607 0.252665
123 -2.732179 0.194414 -0.010898
124 -2.877037 0.050604 0.314056
125 -2.490152 1.0381 0.344113
126 -2.072939 1.214428 0.007281
127 -2.161518 1.125147 -0.00448
128 -2.19311 0.734282 -0.006852
129 -2.76651 0.007912 0.313188
130 -2.192752 0.765403 0.006519
131 -2.702801 0.224014 -0.010342
132 -2.343458 1.095149 -0.004818
133 -2.223432 0.884137 0.006722
134 -2.375569 0.824111 -0.007853
135 -2.857037 0.068669 0.283575
136 -2.042478 0.825039 0.009435
137 -2.373774 0.824516 0.006646
138 -2.132904 1.213671 -0.004951
139 -2.373389 1.034465 0.005897
140 -2.522179 1.065606 0.343811
141 -2.91018 0.107458 0.28333
142 -2.635292 -0.156159 0.255101
143 -2.192473 0.914906 0.007459
144 -2.789922 -0.01081 0.313877
145 -2.132721 1.154957 0.008173
146 -2.312672 0.734779 0.00722
147 -2.132572 1.124722 0.007326
148 -2.312475 0.855659 0.007158
149 -2.312566 0.79443 0.006837
150 -2.941918 0.135989 0.253625
151 -2.648721 1.209226 0.344188
152 -2.557752 1.119106 0.25272
153 -2.373476 0.796008 -0.006688
154 -2.191907 0.70543 -0.006343
155 -2.857593 0.069387 0.31381
156 -2.22395 0.944406 -0.00428
157 -2.974031 0.162252 0.343488
158 -2.966813 0.141965 0.314062
159 -2.879329 0.077731 0.313326
160 -2.222248 0.944771 0.006701
161 -2.575305 1.101165 0.614166
162 -2.973997 0.16228 0.313488
163 -2.313635 0.855216 -0.005403
164 -2.383961 0.937044 0.373441
165 -2.102695 1.155328 0.00831
166 -2.37326 1.064901 0.006212
167 -1.952935 0.644938 0.008529
168 -2.882246 0.226329 0.007496
169 -2.014353 0.584049 -0.006183
170 -2.853415 0.224933 -0.010805
171 -2.439953 -0.264258 0.313769
172 -2.941569 0.135974 0.223471
173 -2.589781 1.148411 0.344303
174 -2.560329 1.117572 0.373986
175 -2.798093 1.359949 0.314004
176 -2.439162 0.998278 0.373081
177 -3.006424 0.19187 0.253549
178 -3.006247 0.191595 0.343556
179 -2.888495 0.099187 0.284108
180 -2.560039 1.117533 0.344006
181 -3.026646 0.19812 0.313804
182 -2.345019 -0.347708 0.253702
183 -2.49331 -0.226283 0.313622
184 -2.515396 -0.24713 0.314089
185 -2.459003 -0.280689 0.31374
186 -2.38384 0.937481 0.253482
187 -2.372537 0.793891 0.006426
188 -2.3658 -0.337335 0.283581
189 -3.027124 0.198165 0.343679
190 -3.026852 0.197882 0.253617
191 -2.72934 -0.042198 0.25329
192 -2.943359 0.194581 -0.011426
193 -2.19262 1.184804 0.007317
194 -2.400174 0.945452 0.283645
195 -1.923079 0.614833 0.008554
196 -2.397901 -0.308768 0.253655
197 -2.194279 0.764216 -0.005853
198 -2.702373 0.254668 -0.009153
199 -2.73219 0.22408 -0.010121
200 -2.399873 0.945689 0.253717
201 -2.519982 1.067344 0.253475
202 -1.922851 0.644906 0.008877
203 -2.462202 -0.254419 0.313541
204 -2.609218 0.671481 0.343619
205 -2.889048 0.098464 0.254055
206 -2.468024 1.028503 0.253837
207 -2.609511 0.671465 0.37351
208 -2.672991 0.254705 0.009482
209 -2.554505 1.093545 0.583511
210 -2.5248 -0.198355 0.253537
211 -2.679571 1.238506 0.284829
212 -2.913037 0.224291 -0.00937
213 -2.57806 0.701277 0.224153
214 -2.262201 -0.414142 0.313495
215 -2.383827 0.96547 0.281945
216 -2.494768 1.033517 0.583535
217 -3.006186 0.191712 0.373656
218 -2.560236 1.117795 0.613647
219 -2.528871 0.740337 0.283706
220 -2.621568 -0.115442 0.313635
221 -2.913808 0.225464 0.006137
222 -2.90753 0.339483 0.673228
223 -2.366245 -0.337735 0.313553
224 -2.072557 -0.075218 0.007081
225 -2.608417 0.670396 0.583448
226 -2.588722 -0.143335 0.253197
227 -2.635499 0.669046 0.344361
228 -2.397996 0.883879 0.284175
229 -2.577114 0.729465 0.253722
230 -2.547056 0.759507 0.193744
231 -2.54678 0.759316 0.283725
232 -2.383802 0.893226 0.284208
233 -2.192121 1.18398 -0.005147
234 -2.679237 1.238166 0.253836
235 -2.54888 0.731087 0.553724
236 -2.162112 1.213402 -0.005311
237 -2.617586 0.647252 0.343159
238 -2.586033 0.677714 0.553547
239 -2.468225 1.028883 0.343021
240 -2.528712 0.739928 0.553478
241 -2.439938 0.830594 0.254835
242 -2.440191 0.831375 0.343517
243 -2.643414 0.615342 0.343662
244 -2.58587 0.677293 0.583756
245 -2.45818 0.820651 0.254263
246 -2.560815 1.117485 0.40353
247 -2.49841 0.770673 0.343765
248 -2.519738 0.761747 0.343668
249 -2.519772 0.761825 0.313662
250 -2.48956 0.790772 0.343718
251 -2.637968 0.640689 0.61376
252 -2.54667 0.75906 0.313537
253 -2.578124 0.729162 0.31334
254 -2.102975 1.151016 -0.004459
255 -2.642558 0.134621 0.00751
256 -2.043154 1.214565 0.007162
257 -2.102979 1.274515 0.008764
258 -2.615373 0.646621 0.613607
259 -2.579132 0.701509 0.283577
260 -2.5496 0.731506 0.223473
261 -2.133036 1.274754 0.008592
262 -2.164812 1.152541 -0.005156
263 -2.072949 1.184517 0.007539
264 -2.042896 1.124397 0.007378
265 -2.013185 1.184348 0.007687
266 -2.043102 1.274644 0.0089
267 -2.404783 1.752582 0.013207
268 -2.403146 1.69449 0.012231
269 -2.434858 1.78323 0.012187
270 -2.402812 1.664491 0.011163
271 -2.313999 1.935352 0.013351
272 -2.373196 1.844484 0.013604
273 -1.804067 1.425139 0.010749
274 -1.772865 1.455132 0.01103
275 -2.942756 1.544425 0.010516
276 -2.429277 0.850896 0.28371
277 -2.558069 0.710514 0.313702
278 -2.701919 0.554104 0.253611
279 -2.559178 0.708517 0.223011
280 -2.643497 0.615522 0.613757
281 -2.615168 0.646275 0.583713
282 -2.617937 0.648142 0.373304
283 -2.671063 0.583773 0.3438
284 -2.789909 0.4621 0.313473
285 -2.827637 0.408837 0.253525
286 -2.671705 0.583883 0.253666
287 -2.761668 0.493806 0.253433
288 -2.620581 0.621136 0.612878
289 -2.73069 0.522235 0.343466
290 -2.64537 0.586773 0.253675
291 -2.82745 0.40898 0.343535
292 -2.847655 0.400523 0.343707
293 -2.877213 0.36981 0.343495
294 -2.789685 0.461781 0.343527
295 -2.648086 0.620035 0.853549
296 -2.675322 0.557195 0.254057
297 -2.877443 0.369949 0.673262
298 -2.907308 0.339457 0.253413
299 -2.973107 0.25589 0.283551
300 -2.967592 0.279489 0.373598
301 -2.998015 0.249259 0.283789
302 -2.847409 0.400017 0.253851
303 -2.767151 0.468918 0.313742
304 -2.885856 0.347849 0.253846
305 -2.943566 0.285608 0.373655
306 -2.856712 0.378623 0.253644
307 -2.937256 0.309752 0.253597
308 -2.885925 0.347592 0.343752
309 -2.953594 0.265456 0.671927
310 -2.944808 0.286183 0.253615
311 -2.877155 0.369546 0.253662
312 -2.766144 0.468177 0.373967
313 -2.857138 0.378782 0.283621
314 -2.920003 0.126592 0.67344
315 -2.856762 0.067439 0.673229
316 -2.707891 -0.051425 0.253859
317 -2.915323 0.316996 0.253724
318 -2.9183 0.12777 0.253806
319 -2.887429 0.099523 0.313738
320 -2.882964 0.133316 0.008234
321 -2.73852 -0.021024 0.254268
322 -2.792887 0.014865 0.34367
323 -2.675631 -0.07995 0.253519
324 -2.937474 0.310054 0.283581
325 -2.622034 -0.115065 0.344221
326 -2.651803 -0.085779 0.253236
327 -2.967167 0.27967 0.253584
328 -2.462825 -0.25509 0.253542
329 -2.856816 0.070449 0.34408
330 -2.877159 0.369435 0.283673
331 -2.502861 -0.205838 0.253489
332 -2.472236 -0.235574 0.254166
333 -2.344265 -0.347254 0.283743
334 -2.31396 -0.376661 0.283783
335 -2.439972 -0.264111 0.34369
336 -2.262067 -0.413522 0.28339
337 -2.429922 -0.280767 0.343647
338 -2.354095 -0.327205 0.284736
339 -2.407929 -0.292128 0.343739
340 -2.313628 -0.376476 0.253809
341 -2.613381 -1.094856 -0.007185
342 -2.70264 -1.15515 0.009574
343 -2.642678 -1.064433 -0.008835
344 -2.343613 -0.346732 0.313691
345 -2.259913 -0.43395 0.67373
346 -2.733284 -1.245721 -0.00967
347 -2.433315 -0.855551 -0.006228
348 -2.641589 -1.09447 -0.007104
349 -2.375265 -0.319718 0.343685
350 -2.762876 -1.243946 -0.01047
351 -2.615357 -1.066749 -0.008416
352 -2.293443 -0.386355 0.344468
353 -2.732465 -1.215923 0.011975
354 -2.431502 -0.855737 0.007176
355 -2.764584 -1.21593 -0.011958
356 -2.642379 -1.095075 0.008829
357 -2.612637 -1.065913 0.009743
358 -2.404137 -1.214315 0.005173
359 -2.432219 -1.244318 -0.006671
360 -2.372331 -1.214719 0.005273
361 -2.403261 -1.245588 -0.007473
362 -2.31449 -1.094191 0.005267
363 -2.40337 -1.245709 0.004388
364 -2.463366 -1.335425 -0.007591
365 -2.373474 -1.275085 0.004283
366 -2.432744 -1.215774 -0.006796
367 -2.403606 -1.215213 -0.007083
368 -2.373191 -1.275657 -0.007308
369 -2.252491 -0.765186 0.013184
370 -2.463333 -1.334486 0.004871
371 -2.643035 -1.066561 0.008372
372 -2.432929 -1.365278 0.00543
373 -2.672604 -1.125382 0.009217
374 -2.283044 -1.184752 -0.00587
375 -2.193349 -1.005771 -0.005364
376 -2.31362 -1.095282 -0.00605
377 -2.33362 -0.530914 0.374586
378 -2.462711 -0.975522 0.008061
379 -2.373976 -1.304283 -0.007834
380 -2.403598 -1.424493 -0.007966
381 -2.673033 -1.124319 -0.007414
382 -2.313341 -1.123927 -0.005618
383 -2.282265 -1.184797 0.005141
384 -2.073273 -0.915228 0.006958
385 -2.252844 -1.244753 0.006287
386 -2.282526 -1.275017 0.006987
387 -2.372247 -1.365591 0.006565
388 -2.434744 -1.213899 0.008611
389 -2.402639 -1.395891 0.005999
390 -2.193387 -0.9769 -0.004604
391 -2.193147 -1.005149 0.006317
392 -2.433287 -1.39528 -0.008985
393 -2.043299 -0.914667 0.006473
394 -2.373249 -1.215176 -0.006331
395 -2.28321 -1.275059 -0.00632
396 -2.191927 -1.065527 -0.004664
397 -2.134009 -0.85447 0.006388
398 -2.192865 -1.065149 0.005359
399 -2.403543 -1.394923 -0.008442
400 -2.192919 -0.974723 0.006016
401 -2.282244 -1.095151 0.005627
402 -2.25352 -1.243956 -0.00577
403 -2.313109 -1.124835 0.005288
404 -2.342432 -1.244769 0.00533
405 -2.222733 -1.005068 0.005319
406 -2.31316 -1.304858 -0.00693
407 -2.192516 -1.155244 0.005616
408 -2.462965 -0.82443 0.00566
409 -2.312909 -1.274241 0.005884
410 -2.493268 -1.274449 0.010304
411 -2.222742 -0.705197 0.010222
412 -2.162272 -1.664655 -0.008806
413 -2.012534 -0.945648 0.005657
414 -2.073369 -0.944776 0.006151
415 -2.073363 -0.794695 0.006545
416 -2.13244 -1.095417 0.005079
417 -2.375614 -0.319991 0.253708
418 -2.102919 -1.694565 -0.007229
419 -2.133149 -1.004894 0.005769
420 -2.652136 -0.939033 0.373586
421 -2.222782 -0.735345 0.011625
422 -2.665772 -0.949137 0.373685
423 -2.64049 -0.916449 0.373649
424 -2.464846 -0.853303 -0.007597
425 -2.252464 -0.735203 0.013358
426 -2.255595 -0.763428 0.029698
427 -2.103642 -0.824555 0.006393
428 -2.753551 -1.040706 0.314077
429 -2.678888 -0.972584 0.673609
430 -2.102734 -0.855029 0.006243
431 -2.102592 -0.826327 -0.003791
432 -2.335064 -0.367277 0.253332
433 -2.223326 -0.586061 0.005752
434 -2.28258 -0.765481 0.013098
435 -2.4934 -0.226448 0.34348
436 -2.75407 -1.040373 0.284082
437 -2.192823 -0.645498 0.006773
438 -2.223533 -0.584022 -0.004783
439 -2.47231 -0.235648 0.313602
440 -2.743596 -1.056956 0.673351
441 -2.624104 -0.90463 0.373477
442 -2.64017 -0.916772 0.313698
443 -2.623392 -0.905323 0.253266
444 -2.651821 -0.939706 0.253704
445 -2.820544 -1.156377 0.343616
446 -2.67571 -0.974126 0.373556
447 -2.640249 -0.916646 0.343701
448 -2.820433 -1.156517 0.373671
449 -2.651894 -0.939526 0.313539
450 -2.732891 -1.035064 0.313529
451 -2.775777 -1.113043 0.373528
452 -2.713971 -1.02381 0.313505
453 -2.623697 -0.905154 0.313757
454 -2.651899 -0.939315 0.343595
455 -2.756823 -1.068149 0.373762
456 -2.803645 -1.145856 0.373916
457 -2.392836 -0.592807 0.284361
458 -2.323922 -0.356445 0.314821
459 -2.329763 -0.507036 0.347599
460 -2.262075 -0.457462 0.373922
461 -2.288471 -0.491788 0.254047
462 -2.603767 -0.862842 0.373766
463 -2.615676 -0.883893 0.583639
464 -2.375281 -0.584338 0.283375
465 -2.793469 -1.12432 0.373606
466 -2.320642 -0.520312 0.372843
467 -2.603973 -0.862432 0.253804
468 -2.483624 -0.712852 0.284217
469 -2.742023 -1.05962 0.313497
470 -2.252564 -0.795412 0.011257
471 -2.651798 -0.939564 0.283629
472 -2.278919 -0.469008 0.34352
473 -2.603851 -0.862562 0.223641
474 -2.467289 -0.702925 0.283627
475 -2.732535 -1.035229 0.283574
476 -2.559615 -0.820373 0.253675
477 -2.25764 -0.434409 0.253501
478 -2.803625 -1.145618 0.343767
479 -2.548031 -0.799531 0.373615
480 -2.586774 -0.853454 0.253631
481 -2.586784 -0.853311 0.223607
482 -2.548505 -0.799369 0.223609
483 -2.193329 -0.642829 -0.003582
484 -2.755326 -1.069505 0.25393
485 -2.463898 -0.82547 -0.006923
486 -2.548408 -0.799398 0.25359
487 -2.548764 -0.798908 0.583716
488 -2.192638 -0.225463 0.006255
489 -2.785237 -1.100955 0.373739
490 -2.774783 -1.113921 0.252721
491 -2.742268 -1.05912 0.343517
492 -2.852236 0.134027 0.008619
493 -2.34253 -0.855278 0.007823
494 -2.888762 0.321335 0.253621
495 -2.822642 0.135044 0.00848
496 -2.912258 0.164449 -0.009626
497 -2.917698 0.28834 0.283529
498 -2.594913 -0.874017 0.253175
499 -2.744847 -1.084722 0.253055
500 -2.766527 -1.093218 0.253544
501 -2.634337 -0.89334 0.25368
502 -2.742097 -1.060026 0.253525
503 -2.714071 -1.023602 0.343388
504 -2.861727 0.352017 0.343483
505 -2.163148 -0.195486 0.006424
506 -2.83201 0.383658 0.252128
507 -2.772811 0.445112 0.313161
508 -2.832268 0.384438 0.343315
509 -2.772825 0.444009 0.283567
510 -2.86079 0.349861 0.252991
511 -2.043128 -0.465172 0.005464
512 -2.672807 0.164834 0.007628
513 -2.741921 0.474045 0.253779
514 -2.67976 0.533553 0.253511
515 -2.192975 -0.345443 0.005993
516 -2.789992 0.462519 0.28348
517 -2.738718 0.471979 0.403827
518 -2.797391 0.439262 0.343526
519 -2.797961 0.439613 0.253482
520 -2.649554 0.562137 0.25389
521 -2.705102 0.527166 0.253916
522 -2.013067 -0.135181 0.006495
523 -2.620551 0.591555 0.343123
524 -2.402314 -0.915416 0.007333
525 -2.589835 0.621107 0.252509
526 -2.592159 0.622692 0.341888
527 -2.593533 0.623058 0.372523
528 -2.560295 0.650664 0.223429
529 -2.554321 0.675566 0.313338
530 -1.953647 -0.374885 0.005656
531 -2.702987 -1.004727 0.253717
532 -2.587196 -0.853252 0.343672
533 -2.784145 -1.102176 0.254385
534 -2.384346 -0.604137 0.313933
535 -2.724747 -1.014335 0.343417
536 -2.677019 -0.972388 0.04383
537 -2.858917 -1.210837 0.25393
538 -2.803043 -1.146212 0.283242
539 -2.762852 -1.155191 0.009054
540 -2.713857 -1.024068 0.253701
541 -2.643085 -1.035033 0.00726
542 -2.878087 -1.221572 0.313724
