0 0 0 -2.5 0 0 0 1
1 -0.0205668 -0.00849663 -2.51787 -5.22241e-05 0.00152531 0.00215141 0.999997
2 0.00343126 -0.00727376 -2.52261 -0.00185954 -0.00177656 -4.74336e-05 0.999997
3 -0.0403297 0.0166446 -2.52589 0.00180377 0.0044561 0.0017633 0.999987
4 -0.0266254 -0.00895199 -2.52843 -0.00295028 0.00309013 8.86377e-05 0.999991
5 -0.0245745 -0.0179259 -2.5358 -0.00531776 0.0026114 0.00107936 0.999982
6 -0.0153609 -0.0182527 -2.51777 -0.00530993 0.00280272 0.00137304 0.999981
7 -0.0268905 0.0182933 -2.51934 0.000670001 0.00363539 0.00193553 0.999991
8 -0.0315792 0.00984946 -2.52881 -0.000524022 0.00448311 0.00131548 0.999989
9 -0.00915749 -0.00576398 -2.52538 -0.00362777 0.000853397 0.0023141 0.99999
10 -0.0357369 0.013928 -2.52238 0.000152484 0.00483549 -0.000910077 0.999988
11 -0.0350317 -0.0235215 -2.52545 -0.00343868 0.00371032 0.00251354 0.999984
12 -0.0342661 -0.0234379 -2.51642 -0.0026078 0.00458739 0.00292191 0.999982
13 -0.00120502 -0.0187247 -2.50958 -0.00238242 -0.000570242 0.00179988 0.999995
14 -0.0282079 -0.026789 -2.51672 -0.0021817 0.00283101 0.00229565 0.999991
15 -0.0117089 -0.0196713 -2.51372 -0.00128949 0.00110919 0.0014617 0.999997
16 -0.0466447 0.0229648 -2.52312 0.005974 0.00519843 0.00186736 0.999967
17 -0.0321085 -0.00473197 -2.53322 0.00135767 0.00226776 0.000293646 0.999996
18 -0.0373607 0.0163231 -2.52007 0.0042302 0.00443023 -0.000907611 0.999981
19 -0.0219613 0.000750251 -2.51762 0.00121401 0.00207585 -9.25289e-05 0.999997
20 -0.0292767 0.00415132 -2.5243 0.000503568 0.0036661 -0.00105624 0.999993
21 -0.0302508 0.00967938 -2.51546 0.00178197 0.00212477 0.000803419 0.999996
22 -0.0143181 0.00670542 -2.53099 0.000500814 0.000829319 -0.00138928 0.999999
23 -0.0220188 -0.0077622 -2.50847 -0.0018342 0.00242826 -0.00141324 0.999994
24 -0.0477801 0.00471377 -2.52721 -3.07577e-05 0.00503834 -0.000750326 0.999987
25 -0.0392912 0.00685551 -2.52441 6.92487e-05 0.00384523 -0.00179863 0.999991
26 -0.0181157 -0.0214989 -2.52287 -0.00394584 0.000276499 -0.00134483 0.999991
27 -0.0573469 -0.016567 -2.52189 -0.00298685 0.00654632 -0.00152149 0.999973
28 -0.041939 -0.0133442 -2.51521 -0.00229004 0.00468613 -0.00123617 0.999986
29 0.00417869 -0.0320686 -2.50876 -0.00544074 -0.00324408 -0.00314562 0.999975
30 -0.0110779 -0.0220906 -2.51264 -0.00435821 -0.000437185 -0.00370121 0.999984
31 -0.003795 -0.0354669 -2.50291 -0.00663408 -0.00135239 -0.0033064 0.999972
32 -0.0169273 -0.00692604 -2.52152 -0.00123338 -0.000372868 -0.00458403 0.999989
33 -0.0598321 -0.00240892 -2.52858 -0.0014989 0.00628013 -0.00400883 0.999971
34 -0.0469557 0.00516759 -2.52437 -0.00168293 0.00476562 -0.00483773 0.999976
35 -0.0480568 -0.0393403 -2.52339 -0.008335 0.00610534 -0.00340216 0.999941
36 -0.0367535 0.0070509 -2.52468 -0.00106605 0.00584943 -0.00351766 0.999976
37 -0.0365837 3.15354e-05 -2.53063 -0.00347826 0.00531361 -0.00441084 0.99997
38 -0.0824167 0.0427259 -2.52464 0.00221665 0.0122069 -0.00360302 0.999917
39 -0.10012 0.0189872 -2.52697 -0.00189436 0.0151188 -0.00289098 0.99988
40 -0.0796882 0.0240079 -2.52167 -0.00116646 0.0126879 -0.000929284 0.999918
41 -0.0647219 -0.00602187 -2.5108 -0.00588571 0.0121632 -2.31617e-05 0.999909
42 -0.056527 -0.000983529 -2.50899 -0.00516774 0.0110412 -0.00104631 0.999925
43 -0.0583558 0.0155732 -2.52565 -0.000934348 0.00974529 0.00109321 0.999951
44 -0.0212853 -0.0180692 -2.50956 -0.00726653 0.00670986 -0.00170728 0.99995
45 -0.0814123 0.0396347 -2.51766 0.000914913 0.0167956 -0.00325982 0.999853
46 -0.0754334 -0.0288017 -2.48957 -0.00992741 0.015998 -0.0020209 0.999821
47 -0.0275563 -0.00913537 -2.49537 -0.00853383 0.0103761 -0.00602831 0.999892
48 -0.0476819 0.0254713 -2.5012 -0.00425869 0.0133483 -0.00679275 0.999879
49 -0.0513115 0.00601444 -2.48858 -0.00915331 0.0135566 -0.00848058 0.99983
50 -0.0572585 -0.00221576 -2.48381 -0.01102 0.0151201 -0.0100157 0.999775
51 -0.0586415 0.00716021 -2.46351 -0.0103592 0.0158838 -0.010903 0.999761
52 -0.0260848 -0.00236545 -2.4728 -0.0139751 0.0110599 -0.0116407 0.999773
53 -0.0461474 -0.0141798 -2.45034 -0.0167069 0.0137114 -0.0143572 0.999663
54 -0.0274475 0.0117355 -2.45248 -0.0132228 0.00876602 -0.0176876 0.999718
55 -0.0427275 -0.00213557 -2.4488 -0.0156844 0.0111955 -0.0161813 0.999683
56 0.00963347 -0.0154468 -2.42076 -0.0168361 0.00215332 -0.0175538 0.999702
57 -0.064419 0.0115663 -2.43534 -0.0107356 0.0109882 -0.018659 0.999708
58 -0.0399925 0.00121227 -2.41262 -0.0110331 0.0072765 -0.0215951 0.999679
59 -0.0161753 -0.0320605 -2.40414 -0.0165572 0.00431326 -0.023199 0.999584
60 -0.0589024 0.042498 -2.41163 -0.00407769 0.00784759 -0.028085 0.999566
61 -0.0150687 0.00783524 -2.39097 -0.00858961 0.000731252 -0.0289616 0.999543
62 0.0307564 -0.0325994 -2.36109 -0.0156837 -0.00689582 -0.0302099 0.999397
63 -0.000448279 0.0157032 -2.36764 -0.00821211 -0.00532006 -0.0352448 0.999331
64 -0.00452465 0.017905 -2.3532 -0.00685795 -0.00553583 -0.0377885 0.999247
65 0.0183283 -0.0160896 -2.3463 -0.0131068 -0.0101778 -0.0396964 0.999074
66 0.0246065 -0.0266108 -2.33997 -0.0133553 -0.01238 -0.0440021 0.998865
67 0.00362448 -0.00887808 -2.33694 -0.00908283 -0.0126978 -0.0491907 0.998667
68 0.0422696 -0.0174487 -2.30333 -0.0102818 -0.0184495 -0.0506897 0.998491
69 -2.89729e-05 0.0250871 -2.31736 -0.003658 -0.015185 -0.0540598 0.998416
70 0.0147403 0.0177901 -2.30688 -0.00395645 -0.0199638 -0.0551443 0.998271
71 0.0244441 0.0425739 -2.29834 -0.000228569 -0.0237508 -0.0562162 0.998136
72 0.043493 0.00888418 -2.28998 -0.00609499 -0.0294656 -0.0562078 0.997966
73 0.0572301 -0.0241297 -2.27379 -0.00932847 -0.0343846 -0.0593474 0.997601
74 0.0700691 0.0176738 -2.26873 -0.00244262 -0.038284 -0.0616239 0.997362
75 0.118294 -0.0280636 -2.24244 -0.00985462 -0.049566 -0.0663844 0.996514
76 0.0902373 0.0020228 -2.25207 -0.00646401 -0.0470515 -0.0688578 0.996495
77 0.130674 0.0216487 -2.24485 -0.00263252 -0.0555718 -0.0746204 0.995659
78 0.0799398 0.0685735 -2.25099 0.00419936 -0.0503176 -0.0772996 0.995729
79 0.123921 0.0355342 -2.22565 -0.00102388 -0.0609925 -0.0814033 0.994813
80 0.0725487 0.0883167 -2.22925 0.00504543 -0.0549348 -0.0841735 0.994923
81 0.12692 0.0432251 -2.20858 -0.00154158 -0.068065 -0.0873185 0.993851
82 0.126937 0.0366108 -2.19749 -0.00504229 -0.0726398 -0.0898584 0.993289
83 0.0848635 0.0992453 -2.19908 0.00298135 -0.068725 -0.094425 0.993153
84 0.070983 0.0857176 -2.19987 -6.69825e-06 -0.0712101 -0.0961043 0.992821
85 0.120531 0.0747199 -2.18721 1.91474e-06 -0.0825513 -0.0997339 0.991584
86 0.109589 0.0665612 -2.18067 -0.00207963 -0.0853376 -0.104378 0.990867
87 0.144352 0.0443871 -2.15411 -0.00557913 -0.0941952 -0.106229 0.989854
88 0.159266 0.0314195 -2.12699 -0.00695186 -0.0997314 -0.107296 0.989188
89 0.161307 0.0354955 -2.11715 -0.00441728 -0.102339 -0.112457 0.988363
90 0.141809 0.0843725 -2.12978 0.00328813 -0.101331 -0.118749 0.987735
91 0.130543 0.0442854 -2.11511 -0.00475455 -0.103324 -0.117379 0.987686
92 0.146143 0.0492322 -2.10694 -0.00389761 -0.109186 -0.119964 0.986748
93 0.178311 0.0520986 -2.0833 -0.00295503 -0.118951 -0.121238 0.985466
94 0.127013 0.0108539 -2.08856 -0.0110694 -0.114451 -0.124665 0.985514
95 0.133074 0.0257832 -2.069 -0.00935462 -0.120172 -0.128822 0.984315
96 0.112669 0.0384666 -2.06037 -0.00488822 -0.12133 -0.134487 0.983447
97 0.188791 0.00309771 -2.0402 -0.00909458 -0.136704 -0.133143 0.981582
98 0.161655 -0.0376244 -2.0299 -0.0141548 -0.138452 -0.142398 0.979976
99 0.200774 0.0246104 -2.01862 -0.000595896 -0.1468 -0.14207 0.97891
100 0.238295 -0.0136914 -2.00504 -0.00455798 -0.155448 -0.141628 0.977628
101 0.250972 0.0056055 -1.98075 0.00191792 -0.162437 -0.14502 0.976002
102 0.244082 0.0242917 -1.97414 0.00704475 -0.165278 -0.145671 0.975404
103 0.230047 -0.022542 -1.97544 0.00140167 -0.166277 -0.149298 0.97471
104 0.225901 0.0624051 -1.97465 0.0175037 -0.168895 -0.145792 0.974635
105 0.222545 0.0731053 -1.9569 0.020905 -0.17257 -0.148169 0.973565
106 0.282667 0.0348016 -1.92167 0.017444 -0.185134 -0.148152 0.971325
107 0.283323 0.0505397 -1.90025 0.0231922 -0.19122 -0.150999 0.969586
108 0.27678 0.0785098 -1.93713 0.0292317 -0.192305 -0.148761 0.969554
109 0.308691 0.127756 -1.91642 0.0412325 -0.201984 -0.147241 0.967379
110 0.255115 0.0545098 -1.90848 0.0305725 -0.202275 -0.150417 0.967225
111 0.269558 0.0840546 -1.89678 0.0387971 -0.210244 -0.150492 0.965217
112 0.310451 0.0679523 -1.88234 0.0400423 -0.222731 -0.153757 0.961845
113 0.327289 0.085419 -1.86066 0.0448267 -0.231206 -0.152247 0.959872
114 0.30316 0.0990853 -1.85587 0.0473989 -0.232587 -0.150139 0.959747
115 0.234692 0.0644598 -1.87124 0.0410871 -0.227671 -0.154024 0.960601
116 0.249532 0.0819764 -1.87507 0.0461841 -0.234596 -0.155034 0.958539
117 0.238574 0.0526985 -1.8764 0.0444404 -0.240405 -0.157085 0.956846
118 0.206753 0.00464251 -1.85103 0.0376584 -0.242793 -0.161899 0.955731
119 0.207729 -0.0275869 -1.81672 0.0330395 -0.252738 -0.165016 0.952786
120 0.195411 -0.0315437 -1.83208 0.0351151 -0.255612 -0.167237 0.951557
121 0.156487 -0.0207954 -1.80767 0.034549 -0.2568 -0.167998 0.951124
122 0.208091 0.00714986 -1.8161 0.0433827 -0.267759 -0.165982 0.948089
123 0.204687 -0.0140884 -1.78841 0.0423854 -0.276137 -0.170056 0.945004
124 0.174358 -0.0159176 -1.79868 0.0420038 -0.276604 -0.168086 0.945237
125 0.202245 -0.0516359 -1.76496 0.0388655 -0.289424 -0.172528 0.940722
126 0.177194 -0.0173168 -1.77241 0.0448646 -0.28959 -0.174823 0.93998
127 0.214686 -0.0294208 -1.74894 0.045221 -0.302076 -0.174555 0.936075
128 0.215965 -0.0261641 -1.72208 0.045181 -0.308262 -0.172588 0.934423
129 0.208914 -0.00640123 -1.71579 0.0465083 -0.312983 -0.175764 0.932194
130 0.274265 0.049607 -1.676 0.0579469 -0.328377 -0.174731 0.926434
131 0.200099 -0.0669953 -1.70529 0.038188 -0.324523 -0.182387 0.927341
132 0.210513 -0.0372125 -1.70108 0.0435561 -0.330821 -0.184915 0.924374
133 0.186701 -0.0478363 -1.70758 0.0405838 -0.331355 -0.184985 0.924304
134 0.198092 -0.0966698 -1.69668 0.0316591 -0.340332 -0.190688 0.920223
135 0.218462 -0.0382346 -1.64559 0.0419475 -0.352555 -0.186943 0.915968
136 0.164681 0.00311034 -1.6956 0.0473004 -0.346258 -0.185131 0.918474
137 0.128017 0.0734064 -1.69561 0.0563376 -0.345745 -0.181799 0.918823
138 0.147319 0.0291419 -1.69769 0.0513428 -0.356432 -0.1867 0.914037
139 0.156224 -0.00440913 -1.65466 0.0422279 -0.376509 -0.185907 0.906585
140 0.159628 0.00973061 -1.63155 0.0427665 -0.385986 -0.185128 0.902725
141 0.20491 -0.0580814 -1.59914 0.0337462 -0.404361 -0.187755 0.894484
142 0.16526 -0.0351494 -1.61697 0.0341818 -0.403703 -0.186857 0.894952
143 0.144416 0.0162556 -1.62503 0.0417064 -0.404936 -0.181585 0.895162
144 0.162064 -0.0116055 -1.58664 0.0375174 -0.41759 -0.181056 0.889623
145 0.138425 0.0388277 -1.61801 0.046048 -0.41772 -0.17796 0.889786
146 0.154589 -0.0268293 -1.58331 0.0359624 -0.432589 -0.182921 0.882107
147 0.14353 -0.0027735 -1.59849 0.0399776 -0.435585 -0.184681 0.880091
148 0.126931 0.00300726 -1.57079 0.0381989 -0.444407 -0.183209 0.876058
149 0.118954 0.00289038 -1.57707 0.0383302 -0.448167 -0.185268 0.873701
150 0.129434 -0.0305148 -1.57183 0.0332922 -0.456189 -0.187441 0.869281
151 0.109991 -0.000334884 -1.57793 0.0397687 -0.460215 -0.186803 0.867021
152 0.114288 -0.0108835 -1.53606 0.0364286 -0.471664 -0.184386 0.861515
153 0.100869 -0.00364474 -1.55028 0.0386608 -0.474266 -0.187328 0.859352
154 0.117349 -0.0338985 -1.51509 0.0332439 -0.489857 -0.187204 0.850817
155 0.0836042 0.0150199 -1.53507 0.0400355 -0.489587 -0.183936 0.851393
156 0.0707354 0.0115572 -1.51849 0.0384798 -0.497204 -0.18397 0.847032
157 0.0647749 0.00551562 -1.5485 0.0368075 -0.497784 -0.186445 0.846224
158 0.0566293 0.0161391 -1.54318 0.0383173 -0.503082 -0.186412 0.843025
159 0.0693608 -0.0303095 -1.50574 0.033479 -0.513786 -0.193496 0.835142
160 0.0505989 0.0117173 -1.53689 0.0399277 -0.513157 -0.191778 0.835642
161 0.0691393 -0.0638465 -1.46756 0.023989 -0.530791 -0.196145 0.824143
162 0.0668533 -0.0258928 -1.48623 0.030388 -0.532323 -0.193085 0.823667
163 0.0965063 -0.106223 -1.40857 0.0177559 -0.551239 -0.198344 0.810234
164 0.0498548 -0.0274421 -1.48768 0.0294061 -0.541538 -0.197107 0.816714
165 0.0517806 -0.0491166 -1.44938 0.0260285 -0.552754 -0.197947 0.809075
166 0.0666751 -0.0899249 -1.43564 0.0185819 -0.5601 -0.19914 0.803919
167 0.0166446 -0.0167273 -1.46601 0.0281698 -0.557204 -0.195258 0.806601
168 0.0456128 -0.0851722 -1.39238 0.0160572 -0.575513 -0.197611 0.793396
169 0.0506077 -0.10553 -1.38577 0.0157801 -0.581283 -0.20131 0.788248
170 0.0598259 -0.0832661 -1.37846 0.0160959 -0.586925 -0.198244 0.784831
171 0.0387009 -0.118084 -1.39531 0.00880219 -0.588803 -0.202706 0.782396
172 0.0515193 -0.103594 -1.3682 0.00862967 -0.598209 -0.199452 0.776073
173 0.0430695 -0.0888892 -1.35804 0.00702489 -0.605643 -0.194999 0.771442
174 0.0677481 -0.126389 -1.30134 -0.00148606 -0.619995 -0.193841 0.760282
175 0.0570886 -0.119812 -1.31518 -0.00178737 -0.622532 -0.192985 0.758424
176 0.0533875 -0.128724 -1.33909 -0.00439059 -0.626314 -0.194655 0.754865
177 0.0698999 -0.149368 -1.28053 -0.013477 -0.640767 -0.188926 0.744005
178 0.0584053 -0.149015 -1.30396 -0.0139947 -0.642476 -0.190324 0.742162
179 0.0534459 -0.125639 -1.28424 -0.0152154 -0.650853 -0.18367 0.736495
180 0.0699637 -0.198769 -1.23058 -0.0265658 -0.665383 -0.188127 0.721919
181 0.0367786 -0.0810651 -1.33667 -0.00666764 -0.65464 -0.1828 0.733475
182 0.062074 -0.139668 -1.22671 -0.0217796 -0.685448 -0.177081 0.705924
183 0.0173964 -0.0216651 -1.25864 -0.00477923 -0.687 -0.162274 0.70829
184 0.0323196 -0.112663 -1.32213 -0.0127451 -0.684194 -0.180522 0.70649
185 0.00531932 -0.0285573 -1.35664 -0.000265526 -0.684243 -0.175561 0.707806
186 0.0159118 -0.0420671 -1.32042 -0.00439114 -0.695724 -0.173615 0.696999
187 -0.00102603 -0.0283503 -1.28142 -0.00711425 -0.706163 -0.170231 0.687244
188 -0.0351798 0.0716176 -1.28217 0.00887562 -0.706902 -0.167391 0.687162
189 -0.0289746 -0.0252741 -1.34992 -0.00279032 -0.704404 -0.184839 0.685304
190 -0.0164168 -0.0186184 -1.31415 -0.000555616 -0.716653 -0.179348 0.673975
191 -0.0118205 -0.0597213 -1.34181 -0.0047837 -0.717626 -0.189028 0.670267
192 -0.00444133 -0.0727294 -1.32755 -0.00876688 -0.724623 -0.187752 0.663018
193 -0.026952 -0.0372039 -1.32607 -0.00337477 -0.728918 -0.186937 0.658575
194 -0.00702011 -0.0580315 -1.33369 -0.00430515 -0.731731 -0.190238 0.654493
195 -0.016091 -0.0636887 -1.32261 -0.00906043 -0.739344 -0.18878 0.646258
196 0.00641397 -0.0946267 -1.33817 -0.012868 -0.741776 -0.192597 0.642269
197 -0.000450936 -0.0994835 -1.34508 -0.01218 -0.744799 -0.194421 0.638221
198 -0.0280503 -0.0212425 -1.31006 -0.0040703 -0.753707 -0.183598 0.631032
199 -0.00898792 -0.0848452 -1.29578 -0.0132158 -0.758515 -0.189659 0.623305
200 0.00132761 -0.066625 -1.3047 -0.0114249 -0.760635 -0.187277 0.621475
201 0.0165715 -0.158846 -1.34241 -0.0250569 -0.759915 -0.198417 0.618492
202 -0.0161009 -0.0970636 -1.32438 -0.0162561 -0.767482 -0.189804 0.612113
203 -0.0329294 -0.0274426 -1.30475 -0.0094996 -0.774159 -0.179932 0.606805
204 -0.00543251 -0.0882527 -1.30239 -0.0174676 -0.777634 -0.184947 0.600646
205 -0.0148526 -0.0618646 -1.31128 -0.0139093 -0.781486 -0.180086 0.597207
206 -0.0141625 -0.0629719 -1.29484 -0.0153332 -0.78705 -0.175623 0.591163
207 0.00315362 -0.0972341 -1.30771 -0.0182835 -0.788556 -0.178926 0.588073
208 -0.0187838 -0.0490703 -1.29766 -0.0115378 -0.79396 -0.172995 0.582724
209 0.000365759 -0.0494485 -1.3227 -0.0124226 -0.79443 -0.17235 0.582257
210 -0.0107939 -0.0248444 -1.31017 -0.00966527 -0.799628 -0.168156 0.57639
211 -0.0148276 -0.0630952 -1.30808 -0.0184418 -0.803075 -0.171518 0.570361
212 -0.0290936 -0.0499339 -1.31422 -0.0177118 -0.806129 -0.170001 0.566518
213 -0.0119732 -0.035462 -1.32315 -0.0125609 -0.808708 -0.16707 0.563846
214 0.0144091 -0.0344394 -1.38191 -0.011179 -0.804928 -0.168371 0.568873
215 -0.00286277 -0.0265432 -1.359 -0.0102412 -0.811266 -0.164854 0.560861
216 0.0111969 -0.039059 -1.36107 -0.0132816 -0.813249 -0.163457 0.558329
217 -0.0179189 -0.0721446 -1.34316 -0.017633 -0.818057 -0.165224 0.550611
218 -0.0124272 -0.0117442 -1.36388 -0.0103785 -0.820727 -0.156708 0.549311
219 -0.00945589 -0.0797619 -1.36602 -0.0166626 -0.822622 -0.16282 0.544522
220 0.00232174 -0.0430932 -1.3506 -0.011528 -0.826951 -0.155136 0.540326
221 0.00482998 -0.0334722 -1.39127 -0.00488144 -0.825749 -0.154817 0.542352
222 -0.0290496 -0.0719729 -1.34474 -0.0126508 -0.833001 -0.154789 0.531027
223 0.00988264 -0.0526864 -1.40226 -0.00773974 -0.829529 -0.151791 0.537384
224 -0.00298592 -0.0469789 -1.36191 -0.00638804 -0.836069 -0.14642 0.528685
225 -0.0367145 -0.04384 -1.3402 -0.0118621 -0.842602 -0.142004 0.519342
226 0.0040201 -0.0646471 -1.40177 -0.00566358 -0.838132 -0.146331 0.525442
227 -0.0163758 -0.0774533 -1.37568 -0.00808891 -0.84347 -0.144528 0.517305
228 -0.0179252 -0.0932693 -1.38814 -0.00773465 -0.844333 -0.145589 0.515602
229 -0.00730956 -0.0780921 -1.40651 -0.0060867 -0.844996 -0.141896 0.515568
230 0.0359257 -0.0721499 -1.45796 0.00197887 -0.841009 -0.140527 0.522448
231 -0.0308652 -0.0789549 -1.37069 -0.00928341 -0.85284 -0.13312 0.504833
232 -0.00954243 -0.0826116 -1.42237 -0.00350923 -0.849991 -0.13343 0.509607
233 -0.00640588 -0.0568567 -1.45175 0.00246697 -0.84906 -0.128938 0.512314
234 -0.0276077 -0.109877 -1.36114 0.00183595 0.857219 0.131121 -0.497975
235 0.0401993 -0.120289 -1.49631 0.00967338 -0.846031 -0.136462 0.515283
236 -0.0302405 -0.182771 -1.34985 -0.000179334 0.860233 0.135167 -0.49166
237 -0.0117279 -0.200368 -1.36608 -0.00131502 0.858682 0.135549 -0.494258
238 -0.0299771 -0.226437 -1.33064 -0.00141651 0.863078 0.135413 -0.486578
239 -0.0336762 -0.183365 -1.36166 -0.00870777 0.862733 0.126589 -0.489481
240 -0.0262214 -0.139299 -1.38957 -0.0152522 0.862776 0.117291 -0.491557
241 -0.0796704 -0.185286 -1.32254 -0.00874498 0.870036 0.11744 -0.478716
242 -0.0858612 -0.144722 -1.33836 -0.0130833 0.870134 0.109317 -0.48036
243 -0.0482782 -0.150268 -1.4141 -0.0172251 0.866213 0.106574 -0.487874
244 -0.0305437 -0.108099 -1.52034 -0.0239602 0.86115 0.0985464 -0.498131
245 -0.0559209 -0.09928 -1.45751 -0.0215011 0.866024 0.0930544 -0.490796
246 -0.0770867 -0.0918541 -1.4443 -0.0201272 0.869734 0.0873541 -0.485311
247 -0.0632996 -0.10846 -1.45619 -0.0216548 0.868965 0.0864347 -0.486785
248 -0.0752824 -0.107211 -1.46672 -0.0214406 0.870242 0.0822399 -0.485238
249 -0.069985 -0.128283 -1.46057 -0.0241553 0.871255 0.0822236 -0.483292
250 -0.0786155 -0.108087 -1.48103 -0.0235491 0.872265 0.0740843 -0.482816
251 -0.087838 -0.0746465 -1.48521 -0.0288707 0.874037 0.0649607 -0.480631
252 -0.097779 -0.113178 -1.48027 -0.0283709 0.876401 0.0672672 -0.476017
253 -0.081349 -0.154938 -1.4878 -0.0299399 0.876663 0.0690242 -0.475185
254 -0.0934692 -0.135542 -1.50852 -0.0341676 0.878028 0.0639162 -0.473091
255 -0.0996015 -0.1192 -1.50729 -0.0350137 0.879945 0.0556133 -0.470507
256 -0.101704 -0.10976 -1.51236 -0.0389225 0.880743 0.0527027 -0.46904
257 -0.111612 -0.105531 -1.50432 -0.0393258 0.883632 0.0495419 -0.463889
258 -0.101121 -0.132699 -1.51693 -0.0387205 0.88371 0.050389 -0.463701
259 -0.114103 -0.120493 -1.51209 -0.0395579 0.886818 0.0435108 -0.458363
260 -0.124393 -0.131125 -1.51421 -0.0418032 0.888512 0.04291 -0.454925
261 -0.117004 -0.127411 -1.51723 -0.0415542 0.890032 0.0393548 -0.452291
262 -0.108693 -0.178054 -1.52633 -0.0428298 0.89084 0.0455501 -0.449994
263 -0.131283 -0.153652 -1.52119 -0.0452282 0.894144 0.0390191 -0.443778
264 -0.106859 -0.143358 -1.54544 -0.0464981 0.893176 0.0350216 -0.445925
265 -0.105289 -0.162925 -1.56377 -0.0469052 0.894038 0.0373566 -0.443961
266 -0.136088 -0.122551 -1.54322 -0.0481467 0.898823 0.0283497 -0.434736
267 -0.117663 -0.114054 -1.56856 -0.0509745 0.897968 0.0255216 -0.436352
268 -0.117176 -0.126369 -1.56136 -0.0525268 0.899887 0.025692 -0.432186
269 -0.138956 -0.117818 -1.58828 -0.0531655 0.9009 0.0218513 -0.430203
270 -0.107936 -0.13077 -1.5923 -0.0533433 0.900246 0.022585 -0.431511
271 -0.141783 -0.154502 -1.58582 -0.0535704 0.903961 0.0241673 -0.423558
272 -0.131522 -0.139644 -1.60866 -0.0536514 0.903952 0.0202305 -0.423771
273 -0.142819 -0.175717 -1.59527 -0.0538808 0.907157 0.0248228 -0.41659
274 -0.130943 -0.156992 -1.59613 -0.053991 0.908151 0.0214177 -0.414593
275 -0.146991 -0.130699 -1.60656 -0.0578982 0.909617 0.0167403 -0.411054
276 -0.149896 -0.134486 -1.61766 -0.0571028 0.910816 0.0148 -0.408576
277 -0.15857 -0.119072 -1.60772 -0.0588549 0.912562 0.0117722 -0.404511
278 -0.149054 -0.174828 -1.63859 -0.0574395 0.912109 0.0200876 -0.405406
279 -0.134383 -0.128937 -1.63814 -0.0590189 0.912692 0.0121043 -0.404183
280 -0.166176 -0.0877855 -1.63375 -0.0608583 0.915661 0.00432249 -0.397295
281 -0.153813 -0.110331 -1.65748 -0.0584463 0.916027 0.00689249 -0.396776
282 -0.158064 -0.124794 -1.66405 -0.0567584 0.91804 0.00936025 -0.392292
283 -0.170916 -0.0937488 -1.65971 -0.0598357 0.920374 0.00501973 -0.386403
284 -0.179976 -0.101964 -1.65648 -0.0594759 0.922991 0.00623206 -0.380147
285 -0.171491 -0.121426 -1.66512 -0.0556059 0.924607 0.00904636 -0.376734
286 -0.15923 -0.125957 -1.68166 -0.0545156 0.925183 0.0109249 -0.375426
287 -0.161683 -0.114924 -1.69493 -0.0522347 0.926903 0.0098494 -0.371516
288 -0.135143 -0.124673 -1.71723 -0.0495402 0.927041 0.0111117 -0.371506
289 -0.157799 -0.0978581 -1.70707 -0.0492143 0.929971 0.00690198 -0.364259
290 -0.217849 -0.0997179 -1.69175 -0.0506793 0.934901 0.00833915 -0.351173
291 -0.220134 -0.108833 -1.71352 -0.0475641 0.935732 0.0116003 -0.349298
292 -0.228071 -0.0699905 -1.70482 -0.0472242 0.937741 0.00489068 -0.344075
293 -0.234821 -0.0985644 -1.70322 -0.0449618 0.939536 0.00945518 -0.339354
294 -0.226862 -0.088509 -1.72135 -0.0461336 0.939791 0.0084191 -0.338518
295 -0.239905 -0.0970732 -1.72434 -0.0431478 0.941758 0.00911913 -0.333388
296 -0.24193 -0.0664161 -1.72733 -0.0458771 0.942959 0.00622473 -0.329673
297 -0.270126 -0.107975 -1.74587 -0.0423194 0.944815 0.0147267 -0.324524
298 -0.274794 -0.0703625 -1.73139 -0.040749 0.947037 0.00869394 -0.318411
299 -0.2895 -0.120673 -1.75114 -0.0386739 0.948083 0.0187585 -0.315105
300 -0.294655 -0.0664679 -1.75277 -0.0388162 0.949526 0.0111115 -0.311078
301 -0.267987 -0.0868663 -1.77462 -0.0358988 0.94909 0.0154005 -0.312573
302 -0.292696 -0.0717821 -1.77055 -0.038049 0.951063 0.0158754 -0.306233
303 -0.306529 -0.0535014 -1.76731 -0.0389913 0.952917 0.0137078 -0.3004
304 -0.310005 -0.0747558 -1.77109 -0.0363829 0.954379 0.0166325 -0.295908
305 -0.318894 -0.102066 -1.80042 -0.0360948 0.955069 0.0217366 -0.293372
306 -0.349955 -0.0939244 -1.78932 -0.0392403 0.957786 0.0207642 -0.284033
307 -0.344498 -0.0931515 -1.79143 -0.0405097 0.958317 0.0235298 -0.281839
308 -0.356622 -0.0647738 -1.78376 -0.0396596 0.960225 0.0191774 -0.275731
309 -0.360785 -0.0806337 -1.78294 -0.0393041 0.961341 0.0216927 -0.271676
310 -0.391332 -0.0538802 -1.79929 -0.0416528 0.963227 0.0187292 -0.264778
311 -0.384392 -0.0892281 -1.81363 -0.0386795 0.963691 0.0252754 -0.262993
312 -0.39019 -0.0896475 -1.8143 -0.0351998 0.965569 0.023712 -0.256661
313 -0.42364 -0.0729396 -1.81643 -0.0361063 0.967753 0.0232454 -0.248213
314 -0.425101 -0.0805426 -1.81411 -0.0361067 0.969015 0.0254863 -0.243015
315 -0.441321 -0.0729885 -1.82189 -0.036835 0.970086 0.0262184 -0.238513
316 -0.437001 -0.0630928 -1.81696 -0.0378413 0.970862 0.0284914 -0.23491
317 -0.423021 -0.0993416 -1.83555 -0.032434 0.970876 0.03482 -0.234811
318 -0.450946 -0.092055 -1.83806 -0.0301699 0.972516 0.0330438 -0.228494
319 -0.458136 -0.0668023 -1.83384 -0.0336837 0.973165 0.0314229 -0.225449
320 -0.476033 -0.0654221 -1.83334 -0.0302012 0.974411 0.0323371 -0.220377
321 -0.398503 -0.0476048 -1.8401 -0.0268535 0.972704 0.0309937 -0.228396
322 -0.382127 -0.0409223 -1.8515 -0.0263056 0.972674 0.0316649 -0.228496
323 -0.429911 -0.0408161 -1.84846 -0.0263868 0.974707 0.032821 -0.219482
324 -0.427913 -0.0397997 -1.85184 -0.0274503 0.975329 0.0338754 -0.216408
325 -0.39493 -0.0184875 -1.86414 -0.0255715 0.974907 0.0321658 -0.218787
326 -0.450768 -0.0407808 -1.85585 -0.0258467 0.976768 0.0371862 -0.209461
327 -0.441674 -0.00549513 -1.86808 -0.026966 0.976456 0.0335899 -0.211373
328 -0.468908 -0.049314 -1.87237 -0.0248371 0.977218 0.0424413 -0.206462
329 -0.444338 -0.0103765 -1.88195 -0.0237838 0.976745 0.0374292 -0.209767
330 -0.451339 -0.0193264 -1.88987 -0.0232724 0.977099 0.0395476 -0.20778
331 -0.490549 -0.0217987 -1.88124 -0.0243055 0.978303 0.0436511 -0.201062
332 -0.45793 -0.0562885 -1.90679 -0.0214669 0.977034 0.0485097 -0.206375
333 -0.506011 -0.0254564 -1.89505 -0.0235015 0.978719 0.0461929 -0.19855
334 -0.477057 -0.0208413 -1.91744 -0.0249426 0.977367 0.0492854 -0.20421
335 -0.495017 -0.0292121 -1.91285 -0.0248511 0.97791 0.0527628 -0.200723
336 -0.490756 -0.0536622 -1.9228 -0.0213076 0.977517 0.058353 -0.2015
337 -0.516016 -0.0229977 -1.93012 -0.0268424 0.978263 0.0554281 -0.198012
338 -0.55903 -0.0259579 -1.94188 -0.0230331 0.979616 0.0561828 -0.191483
339 -0.509212 -0.0180936 -1.95128 -0.022275 0.978592 0.0546305 -0.197174
340 -0.49589 -0.0123801 -1.96047 -0.0205185 0.978649 0.0530634 -0.197507
341 -0.545176 -0.00141317 -1.97295 -0.02414 0.979958 0.0524509 -0.190653
342 -0.525774 -0.0366052 -1.97561 -0.0217877 0.97922 0.0598737 -0.192534
343 -0.520939 -0.00108815 -1.98615 -0.0220505 0.978998 0.0566813 -0.194589
344 -0.577225 -0.0162476 -1.98794 -0.0241457 0.980664 0.0576981 -0.185436
345 -0.552891 0.00165763 -2.00092 -0.0230924 0.98038 0.0546932 -0.187966
346 -0.537212 -0.0211005 -2.01208 -0.0202924 0.98002 0.0584825 -0.18902
347 -0.568001 -0.0116735 -2.02219 -0.0242287 0.98028 0.0581212 -0.18731
348 -0.560746 0.0046642 -2.03591 -0.0220462 0.979872 0.0572219 -0.189977
349 -0.553701 -0.0115858 -2.04648 -0.0207993 0.979434 0.062042 -0.190859
350 -0.54203 0.0086854 -2.05649 -0.0216159 0.979399 0.060894 -0.191316
351 -0.543424 -0.0268692 -2.06913 -0.0164414 0.978821 0.0663313 -0.192973
352 -0.55466 -0.00302284 -2.07901 -0.0182436 0.979583 0.0629609 -0.190051
353 -0.565984 -0.0269053 -2.09462 -0.0141035 0.979645 0.0673106 -0.188589
354 -0.556834 0.0142045 -2.09421 -0.0165259 0.979863 0.0612575 -0.189323
355 -0.542777 -0.0363044 -2.11052 -0.0119271 0.979381 0.0695059 -0.189314
356 -0.561225 -0.011945 -2.11962 -0.0129869 0.980503 0.0638181 -0.185398
357 -0.566351 -0.0254422 -2.11853 -0.0124354 0.980861 0.0648186 -0.183182
358 -0.598056 0.00422244 -2.115 -0.0120549 0.982441 0.0625677 -0.175358
359 -0.595553 -0.0287018 -2.1219 -0.00977538 0.982419 0.0695881 -0.172956
360 -0.602373 0.0133596 -2.13606 -0.012117 0.983357 0.0623351 -0.170226
361 -0.600786 -0.0249687 -2.13874 -0.00705182 0.983742 0.0699576 -0.16525
362 -0.568877 -0.0706167 -2.1558 -0.00521556 0.982665 0.0790624 -0.167603
363 -0.623424 -0.055957 -2.15335 -0.00698399 0.98449 0.0768631 -0.15755
364 -0.60201 -0.00904216 -2.16514 -0.00780132 0.985652 0.0687944 -0.153938
365 -0.656604 -0.0626264 -2.1613 -0.00989891 0.986351 0.0743943 -0.146556
366 -0.59734 -0.0384694 -2.18944 -0.00761455 0.985858 0.0735345 -0.150397
367 -0.629416 -0.00673982 -2.16675 -0.0105135 0.987794 0.0692754 -0.139117
368 -0.625959 -0.0293307 -2.18227 -0.0113043 0.988009 0.0748823 -0.134549
369 -0.625415 0.00118554 -2.19223 -0.013614 0.988872 0.0701411 -0.130489
370 -0.562349 0.0105921 -2.21528 -0.0131277 0.988161 0.0679485 -0.136923
371 -0.62308 0.0368229 -2.20025 -0.0128406 0.990716 0.0608847 -0.120874
372 -0.576585 0.016313 -2.23327 -0.0116645 0.990122 0.062937 -0.124747
373 -0.601152 0.0351216 -2.22103 -0.0124874 0.991445 0.058054 -0.116233
374 -0.552797 -0.0041523 -2.24553 -0.00855669 0.990522 0.0637937 -0.121344
375 -0.575346 0.0164448 -2.23641 -0.00622834 0.991766 0.0578318 -0.114096
376 -0.649266 0.00610328 -2.24315 -0.00799864 0.993378 0.0578026 -0.0989741
377 -0.571774 -0.000418103 -2.27011 -0.00801868 0.992442 0.0580272 -0.10783
378 -0.660655 0.0135148 -2.26411 -0.00802127 0.994492 0.0548926 -0.0889302
379 -0.604145 0.0156434 -2.27341 -0.0099073 0.99404 0.0538972 -0.0942445
380 -0.671674 0.0107385 -2.29781 -0.00549205 0.995175 0.0553552 -0.0808214
381 -0.591053 0.0251101 -2.29905 -0.00613664 0.994427 0.0514832 -0.0917925
382 -0.65684 0.0249616 -2.30517 -0.00431003 0.995605 0.0531468 -0.076986
383 -0.613099 0.0290325 -2.30894 -0.00487283 0.995348 0.0506113 -0.0818379
384 -0.717729 -0.0765646 -2.34396 0.00050753 0.995772 0.0683633 -0.0613615
385 -0.704803 -0.0609682 -2.35742 -0.000303586 0.995981 0.0663948 -0.060118
386 -0.695416 -0.0538697 -2.34091 5.09347e-05 0.996437 0.0610853 -0.0581498
387 -0.701197 -0.0420508 -2.3558 -0.00149664 0.996841 0.0580564 -0.0541792
388 -0.750088 -0.0983687 -2.38119 0.00257732 0.99674 0.0666824 -0.0453544
389 -0.720248 -0.0497669 -2.39183 0.00131925 0.997114 0.0579494 -0.0490237
390 -0.695969 -0.0240218 -2.37066 -0.00215166 0.997526 0.0492025 -0.0501707
391 -0.739932 -0.0132626 -2.36084 0.00146839 0.998061 0.0461032 -0.0417833
392 -0.732836 -0.0137544 -2.38951 -0.000625205 0.998111 0.0450018 -0.0418239
393 -0.710104 -0.0422138 -2.39833 -0.000162984 0.997788 0.0485734 -0.0453939
394 -0.739345 -0.0557353 -2.41423 0.0040542 0.997903 0.0497327 -0.0412273
395 -0.758269 -0.0313592 -2.41107 0.00225038 0.998388 0.0436377 -0.0362223
396 -0.715454 -0.00596138 -2.41651 0.00048706 0.998451 0.0362352 -0.042209
397 -0.808039 -0.0930724 -2.46279 0.00413358 0.998223 0.0530206 -0.0268712
398 -0.745117 -0.0378704 -2.42517 0.00330953 0.998542 0.0400362 -0.0360514
399 -0.801708 -0.116124 -2.50177 0.00254952 0.998214 0.0547077 -0.0238676
400 -0.73212 -0.011305 -2.44951 0.00192078 0.998912 0.0319826 -0.033898
401 -0.762257 -0.0234758 -2.45884 -0.000693484 0.999147 0.0323181 -0.0256994
402 -0.746859 -0.0561212 -2.47125 0.00190586 0.999036 0.0344977 -0.0270911
403 -0.677588 0.0556155 -2.42961 -0.00276767 0.999299 0.011141 -0.0356433
404 -0.803254 -0.0560243 -2.48721 0.000619017 0.999477 0.0294306 -0.0133532
405 -0.802719 -0.077124 -2.50216 0.00116557 0.999424 0.031638 -0.0122323
406 -0.846466 -0.0944852 -2.53313 0.00327769 0.999424 0.0336283 -0.00328693
407 -0.747581 0.0145222 -2.49184 -0.00223272 0.999776 0.0104049 -0.018322
408 -0.732047 0.0657374 -2.4666 -0.00611824 0.999829 -0.00142176 -0.0174163
409 -0.826706 -0.0574218 -2.53112 0.00303721 0.999783 0.0205631 -0.00145046
410 -0.774536 -0.0662548 -2.53368 0.00022513 0.999754 0.0197737 -0.0100167
411 -0.826658 -0.0936394 -2.54963 0.00415358 0.999739 0.0224543 -0.000500491
412 -0.722417 0.0393721 -2.52073 -0.000664185 0.999872 -0.00416283 -0.0154145
413 -0.820654 -0.12135 -2.56997 0.00469232 0.99964 0.0263682 0.0014022
414 -0.838485 -0.132528 -2.59979 0.0065847 0.999508 0.0300407 0.00611034
415 -0.792081 -0.126196 -2.5834 0.0106793 0.999646 0.0243603 -0.00116236
416 -0.825764 -0.10309 -2.58366 0.00844801 0.999762 0.0184631 0.00803621
417 -0.749253 -0.0392559 -2.56158 0.00653979 0.999976 0.000430549 -0.00238006
418 -0.81947 -0.131795 -2.62372 0.00911633 0.999756 0.017573 0.00975934
419 -0.909483 -0.288314 -2.72766 0.0156856 0.998393 0.0483268 0.025104
420 -0.866206 -0.2616 -2.70687 0.0128728 0.998926 0.0406944 0.0180082
421 -0.825551 -0.1635 -2.6865 0.0045115 0.999701 0.0206217 0.0123085
422 -0.795492 -0.123594 -2.65071 0.00556237 0.999947 0.00572986 0.0064809
423 -0.797048 -0.051652 -2.65336 0.00275291 0.999958 -0.00606059 0.00636868
424 -0.763062 -0.0596775 -2.65836 -0.00135291 0.999987 -0.00474224 -0.00163635
425 -0.780288 -0.0775287 -2.68489 -0.00461869 0.999963 -0.00726926 3.50556e-05
426 -0.765484 -0.064243 -2.70696 -0.0025967 0.999981 -0.00320907 -0.00447868
427 -0.762618 -0.10677 -2.73514 -0.00176324 0.999966 0.00393561 -0.00706861
428 -0.815263 -0.118024 -2.7451 -0.00203963 0.999984 0.00493166 0.00173384
429 -0.799561 -0.105916 -2.76256 -3.89273e-05 0.999992 0.00377603 -0.000939277
430 -0.788106 -0.0761392 -2.73854 -0.00487702 0.999979 -0.00430448 -0.000749603
431 -0.815371 -0.113749 -2.76889 -0.00432203 0.999985 0.00318764 0.00128227
432 -0.766159 -0.0643489 -2.73075 -0.00149913 0.999918 -0.00971796 -0.00816472
433 -0.780008 -0.0682462 -2.76847 -0.0047556 0.999913 -0.00926645 -0.00813814
434 -0.765271 -0.13249 -2.78853 0.000811566 0.999943 0.00323834 -0.0101491
435 -0.51854 -0.121269 -2.45585 0.0551615 0.998268 0.00377755 -0.0201022
436 -0.602574 -0.0980707 -2.65118 0.0287123 0.999196 -0.00841581 -0.0266965
437 -0.74985 -0.195772 -2.73492 0.0457542 0.99894 0.00237486 0.00435085
438 -0.550991 -0.164046 -2.49668 0.0601378 0.998076 0.00507067 -0.0142409
439 -0.592412 -0.128515 -2.61485 0.0346156 0.999188 -0.0037974 -0.0202894
440 -0.818542 -0.228987 -2.77999 0.0444108 0.998846 0.00244955 0.0181215
441 -0.51242 -0.0395422 -2.50414 0.0223848 0.999263 -0.0130874 -0.0282899
442 -0.859891 -0.221898 -2.84736 0.0436914 0.998785 -0.00446339 0.0223711
443 -0.598138 -0.134523 -2.62771 0.0371019 0.999093 -0.00553025 -0.0201727
444 -0.674506 -0.150565 -2.65993 0.0403669 0.999161 -0.00557315 -0.00400821
445 -0.672298 -0.0928502 -2.71249 0.00877675 0.999811 -0.00863051 -0.0150547
446 -0.768528 -0.170107 -2.83607 0.0340551 0.999367 -0.0099795 0.00251119
447 -0.77348 -0.195605 -2.80609 0.0391333 0.999219 -0.00327116 0.00431454
448 -0.703476 -0.184909 -2.73372 0.0413977 0.999139 0.00113135 -0.00259213
449 -0.59512 -0.081284 -2.64198 0.0159349 0.9996 -0.00567556 -0.022686
450 -0.681299 -0.109798 -2.73619 0.0220435 0.999635 -0.0112526 -0.0108092
451 -0.689263 -0.184906 -2.7345 0.0585073 0.998265 -0.00534572 -0.00390097
452 -0.735058 -0.196333 -2.75577 0.0610073 0.99808 -0.00848136 0.00650248
453 -0.766987 -0.159044 -2.91346 0.0325835 0.999234 -0.0195131 -0.00940715
454 -0.723041 -0.174529 -2.81725 0.0509092 0.99863 -0.0111806 -0.00465174
455 -0.670394 -0.0300267 -2.87056 -0.0157162 0.998702 -0.0296386 -0.0383308
456 -0.688078 -0.156521 -2.71641 0.0510711 0.998628 -0.0113164 -0.00225396
457 -0.672281 -0.141234 -2.76765 0.0413419 0.998919 -0.0157136 -0.0143023
458 -0.749428 -0.162452 -2.90855 0.0411444 0.998796 -0.0251817 -0.00890555
459 -0.583687 -0.0353495 -2.68724 0.0500548 0.99767 -0.0428424 -0.0176867
460 -0.665733 -0.136778 -2.72649 0.0586288 0.997883 -0.0278129 -0.00422747
461 -0.681156 -0.0978406 -2.80753 0.0578669 0.997221 -0.046381 -0.00706404
462 -0.638519 -0.019729 -2.81681 -0.00260712 0.998476 -0.0416804 -0.0360909
463 -0.648302 -0.0124256 -2.8479 -0.00837933 0.998285 -0.0441749 -0.0374766
464 -0.773102 -0.107514 -2.9394 0.0238515 0.998628 -0.0459976 -0.00759776
465 -0.755334 -0.238837 -2.93736 0.0521533 0.998457 -0.0152175 -0.0114817
466 -0.7136 -0.110326 -2.91815 0.0302753 0.998403 -0.042621 -0.021422
467 -0.631746 -0.116831 -2.83224 0.0350475 0.998283 -0.0336352 -0.0327274
468 -0.802023 -0.146215 -3.07137 0.0209065 0.998496 -0.0476656 -0.0172354
469 -0.738474 -0.173009 -2.89306 0.0543141 0.997829 -0.0362686 -0.00843316
470 -0.679101 -0.184168 -2.86803 0.0543505 0.997582 -0.0365097 -0.023303
471 -0.674624 -0.133276 -2.88599 0.048729 0.99699 -0.0539042 -0.0270319
472 -0.72293 -0.150528 -2.99819 0.0510948 0.99655 -0.0586233 -0.0289783
473 -0.752258 -0.147714 -3.02981 0.0221932 0.997498 -0.0578703 -0.0340133
474 -0.954616 -0.289388 -3.14432 0.0606987 0.997232 -0.0410313 0.0126814
475 -0.71123 -0.190563 -2.94687 0.0468112 0.997138 -0.0510531 -0.0302949
476 -0.740897 -0.15194 -2.98709 0.026466 0.997445 -0.0587271 -0.0308912
477 -0.81081 -0.157581 -3.08657 0.0387908 0.99609 -0.0760535 -0.022694
478 -0.744017 -0.0767874 -3.03469 -0.00276112 0.995992 -0.0772366 -0.0450138
479 -0.815949 -0.148887 -3.14533 0.0153758 0.996265 -0.0796473 -0.0295952
480 -0.940302 -0.185771 -3.24921 0.00783404 0.996473 -0.0833172 -0.00624903
481 -0.770725 -0.16262 -3.11331 0.0181582 0.996359 -0.0750653 -0.0361198
482 -0.811431 -0.187703 -3.14692 0.0313902 0.996246 -0.0764488 -0.0257806
483 -0.722748 -0.129427 -3.00749 0.0358235 0.995759 -0.0802773 -0.0271415
484 -0.826307 -0.205509 -3.12012 0.0284633 0.997117 -0.067605 -0.0194118
485 -0.700108 -0.156073 -3.0274 0.0477763 0.995325 -0.0771835 -0.0329795
486 -0.719775 -0.177784 -3.02461 0.0518173 0.995524 -0.0748964 -0.0252368
487 -0.87226 -0.207359 -3.1748 0.0291341 0.99671 -0.0756271 -0.00124016
488 -0.706541 -0.152274 -3.00268 0.0441307 0.995244 -0.0846201 -0.019507
489 -0.730738 -0.210352 -3.05664 0.0815963 0.993075 -0.0842644 -0.00652798
490 -0.704489 -0.189023 -3.00872 0.0797418 0.993267 -0.0838474 -0.00563495
491 -0.534621 -0.110767 -2.85169 0.0438856 0.995359 -0.0812933 -0.0269556
492 -0.762502 -0.294464 -3.07634 0.0636311 0.996335 -0.0571249 0.00225095
493 -0.690233 -0.096236 -3.06814 -0.0146368 0.996106 -0.0839361 -0.0226609
494 -0.815714 -0.239481 -3.2054 0.0392926 0.996381 -0.0740771 0.0139159
495 -1.00704 -0.358827 -3.40787 0.0455516 0.995271 -0.0687259 0.051359
496 -0.780582 -0.132992 -3.21388 -0.00942676 0.995793 -0.0911301 -0.00144476
497 -0.865059 -0.15571 -3.19682 -0.010055 0.99613 -0.0823449 0.0290457
498 -0.962168 -0.263949 -3.47298 0.0252501 0.993821 -0.100398 0.0400431
499 -0.654109 -0.112805 -3.07057 0.0421874 0.994914 -0.0913467 0.00471336
500 -0.959298 -0.249198 -3.47351 0.0385754 0.992255 -0.107302 0.0492687
501 -0.969163 -0.246834 -3.50263 0.0253104 0.99254 -0.10875 0.0489713
502 -0.98608 -0.228425 -3.45063 0.00623226 0.993557 -0.100411 0.0521907
503 -0.998612 -0.25062 -3.6217 -0.00705521 0.992072 -0.119619 0.0378706
504 -0.675634 0.0607486 -3.13893 -0.0245982 0.992211 -0.121997 0.00540111
505 -0.917675 -0.155197 -3.42485 -0.0421088 0.993798 -0.0974175 0.0332082
506 -0.917675 -0.155197 -3.42485 -0.0421088 0.993798 -0.0974175 0.0332082
507 -0.917675 -0.155197 -3.42485 -0.0421088 0.993798 -0.0974175 0.0332082
508 -0.917675 -0.155197 -3.42485 -0.0421088 0.993798 -0.0974175 0.0332082
509 -0.917675 -0.155197 -3.42485 -0.0421088 0.993798 -0.0974175 0.0332082
510 -0.879198 -0.27175 -3.48893 0.0703469 0.990031 -0.0941352 0.077649
511 -0.879198 -0.27175 -3.48893 0.0703469 0.990031 -0.0941352 0.077649
512 -0.879198 -0.27175 -3.48893 0.0703469 0.990031 -0.0941352 0.077649
513 0.236804 -2.89783 -1.37818 0.404562 0.888353 0.208377 -0.0611356
514 0.236804 -2.89783 -1.37818 0.404562 0.888353 0.208377 -0.0611356
515 0.236804 -2.89783 -1.37818 0.404562 0.888353 0.208377 -0.0611356
516 0.236804 -2.89783 -1.37818 0.404562 0.888353 0.208377 -0.0611356
517 -0.75118 -0.655392 -2.67971 0.322301 0.93755 -0.0129401 0.130208
518 -0.75118 -0.655392 -2.67971 0.322301 0.93755 -0.0129401 0.130208
519 -0.75118 -0.655392 -2.67971 0.322301 0.93755 -0.0129401 0.130208
520 -0.75118 -0.655392 -2.67971 0.322301 0.93755 -0.0129401 0.130208
521 -0.75118 -0.655392 -2.67971 0.322301 0.93755 -0.0129401 0.130208
522 -0.75118 -0.655392 -2.67971 0.322301 0.93755 -0.0129401 0.130208
523 -0.75118 -0.655392 -2.67971 0.322301 0.93755 -0.0129401 0.130208
524 -0.75118 -0.655392 -2.67971 0.322301 0.93755 -0.0129401 0.130208
525 -0.75118 -0.655392 -2.67971 0.322301 0.93755 -0.0129401 0.130208
526 -0.75118 -0.655392 -2.67971 0.322301 0.93755 -0.0129401 0.130208
527 -0.75118 -0.655392 -2.67971 0.322301 0.93755 -0.0129401 0.130208
528 -0.75118 -0.655392 -2.67971 0.322301 0.93755 -0.0129401 0.130208
529 -0.75118 -0.655392 -2.67971 0.322301 0.93755 -0.0129401 0.130208
530 -0.75118 -0.655392 -2.67971 0.322301 0.93755 -0.0129401 0.130208
531 -0.75118 -0.655392 -2.67971 0.322301 0.93755 -0.0129401 0.130208
532 -0.75118 -0.655392 -2.67971 0.322301 0.93755 -0.0129401 0.130208
533 -0.75118 -0.655392 -2.67971 0.322301 0.93755 -0.0129401 0.130208
534 -0.75118 -0.655392 -2.67971 0.322301 0.93755 -0.0129401 0.130208
535 -0.75118 -0.655392 -2.67971 0.322301 0.93755 -0.0129401 0.130208
536 -0.75118 -0.655392 -2.67971 0.322301 0.93755 -0.0129401 0.130208
537 -0.75118 -0.655392 -2.67971 0.322301 0.93755 -0.0129401 0.130208
538 -0.75118 -0.655392 -2.67971 0.322301 0.93755 -0.0129401 0.130208
539 -0.75118 -0.655392 -2.67971 0.322301 0.93755 -0.0129401 0.130208
540 -0.75118 -0.655392 -2.67971 0.322301 0.93755 -0.0129401 0.130208
541 -0.75118 -0.655392 -2.67971 0.322301 0.93755 -0.0129401 0.130208
542 -0.75118 -0.655392 -2.67971 0.322301 0.93755 -0.0129401 0.130208
543 -0.75118 -0.655392 -2.67971 0.322301 0.93755 -0.0129401 0.130208
544 -0.75118 -0.655392 -2.67971 0.322301 0.93755 -0.0129401 0.130208
545 -0.75118 -0.655392 -2.67971 0.322301 0.93755 -0.0129401 0.130208
546 -0.75118 -0.655392 -2.67971 0.322301 0.93755 -0.0129401 0.130208
547 -0.75118 -0.655392 -2.67971 0.322301 0.93755 -0.0129401 0.130208
548 -0.75118 -0.655392 -2.67971 0.322301 0.93755 -0.0129401 0.130208
549 -0.75118 -0.655392 -2.67971 0.322301 0.93755 -0.0129401 0.130208
550 -0.75118 -0.655392 -2.67971 0.322301 0.93755 -0.0129401 0.130208
551 -0.75118 -0.655392 -2.67971 0.322301 0.93755 -0.0129401 0.130208
552 -0.75118 -0.655392 -2.67971 0.322301 0.93755 -0.0129401 0.130208
553 -0.75118 -0.655392 -2.67971 0.322301 0.93755 -0.0129401 0.130208
554 -0.75118 -0.655392 -2.67971 0.322301 0.93755 -0.0129401 0.130208
555 -0.75118 -0.655392 -2.67971 0.322301 0.93755 -0.0129401 0.130208
556 -0.75118 -0.655392 -2.67971 0.322301 0.93755 -0.0129401 0.130208
557 -0.75118 -0.655392 -2.67971 0.322301 0.93755 -0.0129401 0.130208
558 -0.75118 -0.655392 -2.67971 0.322301 0.93755 -0.0129401 0.130208
559 -0.75118 -0.655392 -2.67971 0.322301 0.93755 -0.0129401 0.130208
560 -0.75118 -0.655392 -2.67971 0.322301 0.93755 -0.0129401 0.130208
561 -0.75118 -0.655392 -2.67971 0.322301 0.93755 -0.0129401 0.130208
562 -0.75118 -0.655392 -2.67971 0.322301 0.93755 -0.0129401 0.130208
563 -0.75118 -0.655392 -2.67971 0.322301 0.93755 -0.0129401 0.130208
564 -0.75118 -0.655392 -2.67971 0.322301 0.93755 -0.0129401 0.130208
565 -0.75118 -0.655392 -2.67971 0.322301 0.93755 -0.0129401 0.130208
566 -0.75118 -0.655392 -2.67971 0.322301 0.93755 -0.0129401 0.130208
567 -0.75118 -0.655392 -2.67971 0.322301 0.93755 -0.0129401 0.130208
568 -0.75118 -0.655392 -2.67971 0.322301 0.93755 -0.0129401 0.130208
569 -0.75118 -0.655392 -2.67971 0.322301 0.93755 -0.0129401 0.130208
570 -0.75118 -0.655392 -2.67971 0.322301 0.93755 -0.0129401 0.130208
571 -0.75118 -0.655392 -2.67971 0.322301 0.93755 -0.0129401 0.130208
572 -0.75118 -0.655392 -2.67971 0.322301 0.93755 -0.0129401 0.130208
573 -0.75118 -0.655392 -2.67971 0.322301 0.93755 -0.0129401 0.130208
574 -0.75118 -0.655392 -2.67971 0.322301 0.93755 -0.0129401 0.130208
575 -0.75118 -0.655392 -2.67971 0.322301 0.93755 -0.0129401 0.130208
576 -0.75118 -0.655392 -2.67971 0.322301 0.93755 -0.0129401 0.130208
577 -0.75118 -0.655392 -2.67971 0.322301 0.93755 -0.0129401 0.130208
578 -0.75118 -0.655392 -2.67971 0.322301 0.93755 -0.0129401 0.130208
579 -0.75118 -0.655392 -2.67971 0.322301 0.93755 -0.0129401 0.130208
580 -0.75118 -0.655392 -2.67971 0.322301 0.93755 -0.0129401 0.130208
581 -1.70127 -0.420568 -4.07197 0.000714665 0.922351 0.0396681 0.384311
582 1.60423 -0.270516 -8.50782 -0.0192022 0.302399 0.0475642 0.9518
583 1.9448 -0.22895 -8.60276 -0.0105075 0.242925 0.0129929 0.969901
584 -1.22156 0.0600266 -4.20991 0.0422912 0.91693 0.00256238 0.396793
585 -1.05156 0.0842038 -4.00625 0.0412611 0.929446 -0.0034036 0.366627
586 -0.859257 0.105557 -3.80395 0.0441549 0.941235 -0.00604719 0.3348
587 -0.892126 -0.189363 -3.69409 0.0101923 0.945805 0.0224349 0.323799
588 -0.911374 -0.473063 -3.44547 -0.0305267 0.953541 0.0423224 0.296711
589 -0.721334 -0.436017 -3.25902 -0.0237743 0.963511 0.0444236 0.262883
590 -0.661619 -0.338902 -3.23202 -0.0209813 0.965379 0.0318033 0.258055
591 -0.827467 -0.2791 -3.50665 -0.00734319 0.950277 0.0357213 0.309263
592 -0.544397 -0.573787 -3.08561 -0.0555326 0.968657 0.0542092 0.235969
593 -0.440246 -0.499145 -2.96798 -0.0573289 0.974006 0.0409855 0.215283
594 -0.856268 -0.503172 -3.64996 -0.0198414 0.938084 0.0832169 0.335677
595 -0.771049 -0.43587 -3.50964 -0.0223631 0.946254 0.0654589 0.315941
596 -0.560403 -0.676911 -3.21631 -0.0564898 0.959488 0.0853749 0.262495
597 -0.705103 -0.373548 -3.3631 -0.0259055 0.952683 0.0505801 0.298608
598 -0.585938 -0.56554 -3.1255 -0.0502218 0.961621 0.0688294 0.260816
599 -0.640151 -0.665837 -3.24465 -0.0548271 0.953976 0.0881639 0.281337
600 -0.664581 -0.21941 -3.21133 -0.0244916 0.958092 0.0230737 0.284476
601 -0.776418 -0.267033 -3.44187 -0.00842964 0.943826 0.0520126 0.326216
602 -0.621778 -0.444734 -3.18234 -0.0375748 0.955953 0.0638791 0.28401
603 -0.771419 -0.241606 -3.47314 -0.00654393 0.939954 0.0526513 0.337151
604 -0.629742 -0.294467 -3.15547 -0.0278795 0.956054 0.0427192 0.288717
605 -0.579129 -0.381908 -3.06749 -0.0414146 0.958455 0.0495869 0.277832
606 -0.722889 -0.266242 -3.35406 -0.0146392 0.943329 0.0524067 0.327368
607 -0.652041 -0.328092 -3.20362 -0.0319499 0.949927 0.0522645 0.306408
608 -0.556506 -0.392704 -3.05584 -0.0462744 0.956617 0.0549064 0.282361
609 -0.624335 -0.252141 -3.15335 -0.0300874 0.95116 0.0411764 0.304457
610 -0.581065 -0.363298 -3.10263 -0.0402161 0.952104 0.0568675 0.297738
611 -0.659618 -0.440242 -3.19935 -0.0354403 0.943996 0.0767214 0.318951
612 -0.617104 -0.339098 -3.13362 -0.0371502 0.94736 0.0565057 0.312946
613 -0.660701 -0.219728 -3.20881 -0.0201356 0.942758 0.0435842 0.330005
614 -0.740473 -0.297653 -3.37656 -0.0122105 0.930023 0.0683005 0.360893
615 -0.696871 -0.315044 -3.30025 -0.0173795 0.932461 0.0720903 0.353579
616 -0.675177 -0.29086 -3.25213 -0.0212686 0.934195 0.0648611 0.350171
617 -0.661062 -0.342037 -3.22514 -0.0230513 0.933768 0.0772518 0.348681
618 -0.656164 -0.272195 -3.23024 -0.0235668 0.931974 0.0677345 0.35536
619 -0.772472 -0.154186 -3.55291 -0.000210181 0.908529 0.0701244 0.411894
620 -0.810809 -0.00544464 -3.69274 0.0208506 0.897658 0.0567084 0.436531
621 -0.760878 -0.118715 -3.53751 0.00224097 0.907802 0.0637669 0.414517
622 -0.765923 0.0573466 -3.6821 0.0215412 0.897191 0.0446058 0.438856
623 -0.764209 0.0443356 -3.67405 0.0176607 0.89551 0.047482 0.442149
624 -0.760059 -0.0388391 -3.64334 0.0108838 0.895806 0.0605312 0.44017
625 -0.751166 0.040217 -3.72695 0.0197751 0.885665 0.056232 0.460482
626 -0.732078 0.067735 -3.67469 0.0202747 0.890915 0.0449106 0.451489
627 -0.729553 0.0758918 -3.64853 0.018577 0.892039 0.0394249 0.449853
628 -0.728647 0.118486 -3.73354 0.0260106 0.883224 0.0376342 0.466716
629 -0.724768 0.0968769 -3.68945 0.0238518 0.886802 0.0370936 0.460041
630 -0.738132 0.0174135 -3.71536 0.0208993 0.882183 0.0529485 0.467453
631 -0.74894 0.0471067 -3.72583 0.0256302 0.877979 0.048796 0.475516
632 -0.718525 0.0432809 -3.72393 0.0249278 0.877823 0.0492787 0.475791
633 -0.721744 0.0645543 -3.7278 0.0289208 0.876208 0.046209 0.478839
634 -0.720847 0.0467407 -3.74381 0.0268684 0.873224 0.0474985 0.484253
635 -0.713041 0.0988883 -3.74605 0.029922 0.87101 0.0366723 0.488981
636 -0.687425 0.110371 -3.76216 0.0305373 0.868687 0.0341525 0.493238
637 -0.680312 0.148719 -3.78936 0.0359938 0.86379 0.0288745 0.501735
638 -0.684997 0.0954265 -3.76972 0.0305496 0.863831 0.0378545 0.501428
639 -0.639716 0.0794718 -3.70413 0.0280597 0.868716 0.0377456 0.493072
640 -0.659493 0.0677556 -3.71693 0.0284609 0.86532 0.0398067 0.498826
641 -0.65187 0.0846035 -3.73573 0.0296904 0.862022 0.0368486 0.504657
642 -0.630716 0.0699092 -3.72437 0.0293127 0.861996 0.0381475 0.504627
643 -0.650238 0.0730551 -3.71772 0.0296018 0.8608 0.03811 0.506651
644 -0.631053 0.0719359 -3.71839 0.0269588 0.859735 0.0372637 0.508665
645 -0.601942 0.0817962 -3.67634 0.024128 0.862943 0.0329128 0.503651
646 -0.637432 0.0935795 -3.75934 0.0291926 0.853134 0.0332687 0.519811
647 -0.630951 0.0855769 -3.77242 0.0300986 0.8504 0.0377871 0.523914
648 -0.623777 0.1478 -3.78233 0.0374934 0.848232 0.028707 0.527515
649 -0.596617 0.111481 -3.74625 0.0303876 0.851396 0.0320214 0.522662
650 -0.585478 0.0968563 -3.76375 0.0296379 0.849379 0.0343765 0.525828
651 -0.586015 0.0906831 -3.75814 0.028386 0.848763 0.035397 0.526823
652 -0.54867 0.0946996 -3.74125 0.0269879 0.850804 0.0320662 0.52381
653 -0.560271 0.115369 -3.79147 0.0314956 0.844647 0.0323113 0.533418
654 -0.53512 0.0693293 -3.75274 0.0254709 0.849193 0.0380055 0.526097
655 -0.5132 0.0771829 -3.72648 0.0223124 0.852258 0.0340887 0.521532
656 -0.50114 0.143861 -3.71494 0.0314019 0.852527 0.0255577 0.521113
657 -0.510581 0.125473 -3.75045 0.0303119 0.847993 0.0292847 0.528329
658 -0.489644 0.0856887 -3.70243 0.0251257 0.852055 0.0352007 0.521663
659 -0.502631 0.124908 -3.74065 0.0303986 0.847299 0.0304418 0.529371
660 -0.490128 0.0637542 -3.72081 0.0275316 0.849026 0.0420445 0.525956
661 -0.468793 0.0480989 -3.70297 0.0220289 0.851032 0.043101 0.522879
662 -0.477056 0.0715104 -3.7151 0.0246655 0.849479 0.0403596 0.525497
663 -0.469225 0.169282 -3.73866 0.0311596 0.848072 0.0282571 0.528209
664 -0.479803 0.116766 -3.73765 0.0297743 0.846955 0.0416284 0.529195
665 -0.495878 0.141394 -3.7927 0.0323836 0.840476 0.0419856 0.539249
666 -0.426697 0.0730279 -3.6367 0.0141008 0.857097 0.0456519 0.512935
667 -0.438509 0.142901 -3.6975 0.020211 0.85067 0.0378573 0.523946
668 -0.424581 0.0465577 -3.63316 0.00830194 0.857072 0.0532418 0.512371
669 -0.469957 -0.00295369 -3.67491 0.00886358 0.850189 0.067851 0.522012
670 -0.421265 0.00760076 -3.68657 0.00478238 0.851525 0.0649189 0.520257
671 -0.433013 0.0306218 -3.67405 0.00671955 0.851292 0.065144 0.520589
672 -0.407417 0.00954968 -3.62525 -0.00104044 0.856383 0.0665749 0.51203
673 -0.398588 0.0190598 -3.6457 0.00238519 0.854366 0.0681422 0.515179
674 -0.403702 0.142355 -3.73792 0.0149626 0.846156 0.0509261 0.530285
675 -0.365526 0.0348438 -3.63841 -0.00309044 0.855324 0.0640179 0.514113
676 -0.36733 0.0672303 -3.66518 -0.000369943 0.852544 0.0591192 0.519301
677 -0.332154 -0.0395383 -3.5619 -0.0101522 0.86039 0.0785969 0.503436
678 -0.332738 -0.0552521 -3.58098 -0.00888653 0.857785 0.0842281 0.506982
679 -0.315634 -0.0515307 -3.5452 -0.00946434 0.860021 0.0809997 0.5037
680 -0.303838 0.0161619 -3.5993 -0.0013225 0.855296 0.0717553 0.513145
681 -0.277658 -0.080605 -3.54058 -0.0111015 0.858032 0.0876228 0.505944
682 -0.283645 -0.132094 -3.56797 -0.0102437 0.854131 0.0996523 0.510318
683 -0.20569 -0.0297738 -3.45051 -0.00975836 0.868264 0.0772918 0.489947
684 -0.312213 0.17272 -3.747 0.0160039 0.838603 0.0508564 0.542127
685 -0.236746 0.00134499 -3.56582 -0.00238359 0.857171 0.0818837 0.508476
686 -0.177708 -0.145854 -3.49606 -0.0194857 0.865284 0.104234 0.489938
687 -0.253297 0.0613983 -3.7148 0.0024595 0.84469 0.0775606 0.5296
688 -0.222666 0.060214 -3.64016 -0.00445814 0.854314 0.073753 0.514478
689 -0.191949 -0.0566677 -3.61281 -0.0136994 0.856969 0.095967 0.506168
690 -0.219167 0.0967373 -3.74104 0.00466538 0.846587 0.07152 0.527403
691 -0.209263 -0.00209829 -3.69791 -0.00188792 0.850136 0.0895045 0.518897
692 -0.0757687 -0.148724 -3.46399 -0.0282764 0.875734 0.105025 0.470383
693 -0.182299 -0.0668612 -3.65581 -0.012155 0.854594 0.102382 0.508959
694 -0.0428687 -0.024468 -3.50365 -0.0275445 0.877931 0.0823239 0.470851
695 -0.177953 0.00972803 -3.75452 -0.0043678 0.848015 0.0938654 0.521576
696 -0.0822417 0.031582 -3.59343 -0.0209002 0.870646 0.0777114 0.485283
697 -0.025676 -0.158463 -3.51811 -0.0380192 0.877079 0.113013 0.465312
698 -0.127549 -0.0490989 -3.71378 -0.0153489 0.856158 0.107748 0.505122
699 -0.0738087 0.0117556 -3.65891 -0.0195606 0.866108 0.090453 0.491215
700 -0.123847 0.0608402 -3.78177 -0.00793261 0.852206 0.091749 0.515038
701 -0.10175 -0.0388512 -3.74214 -0.020183 0.855859 0.110996 0.504755
702 -0.154429 0.0349196 -3.80659 -0.00686671 0.846688 0.104267 0.521729
703 0.0165483 -0.0839321 -3.56543 -0.0380234 0.878946 0.113877 0.461563
704 -0.0212202 -0.0125767 -3.66245 -0.0273981 0.869856 0.108191 0.480515
705 -0.0313702 -0.104087 -3.66819 -0.0314404 0.866567 0.129373 0.480975
706 0.000462898 -0.13215 -3.66566 -0.0355461 0.868019 0.13585 0.47626
707 0.113434 -0.0527619 -3.49818 -0.048564 0.889966 0.108095 0.440362
708 -0.00571712 -0.0584782 -3.70101 -0.0301645 0.866757 0.124743 0.481935
709 0.0445594 -0.0498842 -3.60416 -0.0387508 0.880279 0.114388 0.458828
710 -0.000722986 0.0443458 -3.73058 -0.0235729 0.868393 0.104208 0.48423
711 0.152066 -0.053486 -3.4765 -0.0509854 0.896428 0.111492 0.425895
712 0.07827 -0.0512104 -3.62186 -0.0421715 0.880997 0.121163 0.455396
713 0.0573514 0.048717 -3.70345 -0.0336409 0.875956 0.103729 0.469903
714 0.0809679 0.124889 -3.68403 -0.0349631 0.879402 0.0861086 0.466921
715 -0.0780889 0.260531 -4.00552 0.00528067 0.844077 0.0763714 0.53073
716 0.0919677 0.0142589 -3.69959 -0.0345241 0.882729 0.1088 0.455806
717 0.110014 0.0113772 -3.68043 -0.0364679 0.886448 0.109113 0.448301
718 0.146181 0.0405314 -3.64529 -0.0384042 0.893169 0.102528 0.436191
719 0.118124 0.111677 -3.63224 -0.0378966 0.89295 0.08826 0.439789
720 0.117111 -0.0333353 -3.72154 -0.0355288 0.885424 0.124517 0.446382
721 0.171078 -0.0262519 -3.63939 -0.0374734 0.897324 0.119274 0.423295
722 0.205499 0.151318 -3.62098 -0.0401385 0.904416 0.0727838 0.418477
723 0.279123 -0.00246552 -3.5435 -0.0482146 0.910851 0.107714 0.395504
724 0.145923 0.102865 -3.76013 -0.0289734 0.891509 0.0946547 0.442054
725 0.218535 0.0121754 -3.65425 -0.0394489 0.901652 0.11383 0.415345
726 0.130127 -0.113405 -3.54134 -0.050401 0.898713 0.13732 0.413423
727 0.287381 0.155293 -3.60483 -0.0408529 0.914522 0.0746856 0.395478
728 0.218104 0.0835965 -3.68887 -0.0269358 0.902983 0.104004 0.416028
729 0.264102 0.00981654 -3.66164 -0.0317892 0.906702 0.121394 0.402672
730 0.28524 -0.153494 -3.65474 -0.0403542 0.90472 0.157899 0.393601
731 0.469957 -0.10565 -3.45778 -0.0590879 0.928525 0.14016 0.338681
732 0.240994 -0.156265 -3.74894 -0.0319808 0.895029 0.173142 0.409783
733 0.0151258 0.0213813 -3.90727 0.00101352 0.873035 0.147271 0.464887
734 0.237173 0.0912693 -3.76192 -0.0122541 0.905787 0.113006 0.408203
735 0.533247 -0.240033 -3.49122 -0.0549868 0.931223 0.177346 0.313606
736 0.754187 -0.0437069 -3.26554 -0.0718727 0.960676 0.117722 0.240992
737 0.657186 -0.209088 -3.42564 -0.0628265 0.945409 0.163902 0.274574
738 0.315425 0.157423 -3.65601 -0.0233153 0.925276 0.0906221 0.367572
739 0.63679 0.189406 -3.32121 -0.0772569 0.954 0.0811847 0.278073
740 0.995819 0.134362 -3.14629 -0.0846254 0.977346 0.0853009 0.174232
741 0.401319 0.0744377 -3.60929 -0.0308473 0.930747 0.122854 0.343025
742 0.931315 0.174839 -3.19334 -0.095352 0.973904 0.0824774 0.188725
743 0.683783 0.121986 -3.32391 -0.0691417 0.957859 0.101122 0.259809
744 0.0590858 0.0918178 -4.02366 0.0160721 0.877423 0.158936 0.452339
745 0.389077 -0.108766 -3.67393 -0.0408544 0.921058 0.169726 0.348105
746 0.57101 0.185588 -3.44629 -0.0581601 0.950521 0.0930675 0.290628
747 0.432762 0.208313 -3.63494 -0.0364818 0.935827 0.0923834 0.338175
748 0.51219 0.0526894 -3.53538 -0.0455937 0.942076 0.128955 0.306242
749 0.708696 0.260822 -3.34932 -0.0721566 0.963473 0.0673893 0.24894
750 0.813268 0.230471 -3.2932 -0.0722063 0.96676 0.0812303 0.231439
751 0.432418 0.419802 -3.68411 -0.0235611 0.938035 0.0347515 0.343987
752 0.523433 0.344926 -3.53399 -0.0422123 0.946076 0.0592517 0.31567
753 0.5094 0.416484 -3.56428 -0.0435604 0.946164 0.0408545 0.318129
754 0.633028 0.493257 -3.4802 -0.0503321 0.960384 0.0172348 0.273555
755 0.473746 0.343188 -3.60309 -0.0281116 0.947248 0.0571315 0.314112
756 0.375372 0.308487 -3.76521 -0.0143161 0.929978 0.0848797 0.357396
757 0.56269 0.366756 -3.56716 -0.034328 0.954256 0.0610692 0.290668
758 0.30591 0.0909199 -3.86858 -0.00255524 0.917782 0.148828 0.368129
759 0.378548 0.170506 -3.74596 -0.00506758 0.93465 0.123405 0.333429
760 0.456691 0.288256 -3.65409 -0.0187782 0.947436 0.0887084 0.306829
761 0.317331 0.0681674 -3.84011 0.000866889 0.923082 0.164357 0.347716
762 0.654836 0.4868 -3.48174 -0.0396284 0.968426 0.0362588 0.243447
763 0.43879 0.372943 -3.75103 -0.00606652 0.944803 0.0833431 0.316804
764 0.570829 0.458628 -3.57814 -0.0329673 0.961415 0.0580392 0.26688
765 0.47374 -0.474104 -3.60479 -0.0413171 0.924967 0.267805 0.266475
766 0.579072 0.547311 -3.59308 -0.0190306 0.966242 0.0375076 0.254178
767 0.432352 0.320226 -3.76006 0.00359211 0.952389 0.0952662 0.289597
768 0.563479 0.444725 -3.60361 -0.0128042 0.96421 0.0666626 0.256302
769 0.439764 0.117923 -3.70515 0.00150394 0.946757 0.152789 0.283379
770 0.293671 -0.994988 -4.60867 -0.038261 0.792904 0.47762 0.376455
771 0.144312 -0.746673 -4.51248 -0.00178622 0.803472 0.434601 0.406881
772 0.383465 -0.018592 -3.82091 0.00355442 0.926544 0.208221 0.313284
773 0.095723 -0.100011 -4.45491 0.0586195 0.823943 0.325842 0.459901
774 0.616384 0.326123 -3.59958 0.00130088 0.968442 0.0875207 0.233364
775 0.472591 0.221443 -3.76317 0.0174663 0.949906 0.125525 0.285686
776 0.76109 0.412013 -3.48355 -0.0202028 0.978219 0.062922 0.196773
777 0.497953 0.241516 -3.70669 0.00707167 0.955349 0.10898 0.274557
778 0.812797 0.703824 -3.51806 -0.0358055 0.977657 -0.00635011 0.207039
779 0.760472 0.459371 -3.52733 -0.027529 0.975752 0.0404341 0.213344
780 0.519046 0.106426 -3.69518 -0.00358061 0.951046 0.131067 0.279856
781 0.939028 0.498982 -3.42881 -0.0330579 0.985481 0.0206956 0.165247
782 0.764816 0.444867 -3.50867 -0.0326671 0.973174 0.0385342 0.224455
783 0.630986 0.392359 -3.64241 -0.00693496 0.963821 0.0457879 0.262495
784 0.974782 0.466687 -3.40668 -0.0310727 0.985518 0.0246926 0.164859
785 0.852564 0.614333 -3.52632 -0.0280551 0.979143 -0.0211981 0.200106
786 1.11459 0.515485 -3.37771 -0.0422211 0.99027 0.004762 0.132513
787 -0.0382812 0.0730772 -4.01329 0.0358907 0.888241 0.166819 0.42651
788 0.679022 0.0613892 -3.63901 -0.0252359 0.956535 0.125939 0.261808
789 0.621722 0.102336 -3.68227 -0.0173176 0.954828 0.107738 0.2764
790 0.455125 -0.235293 -3.49312 -0.0285111 0.945251 0.173332 0.275032
791 0.188246 0.213421 -4.00256 0.0256439 0.906657 0.107955 0.407015
792 0.614501 0.109342 -3.67759 -0.0107776 0.954984 0.0957787 0.280562
793 0.200292 0.728472 -4.55646 0.0986773 0.844572 0.00529346 0.526243
794 0.346992 -0.224977 -3.78799 -0.0148526 0.92289 0.180813 0.339647
795 1.068 -0.00896278 -3.49452 -0.0282728 0.981796 0.0951188 0.161953
796 0.635608 -0.275094 -4.8509 0.000379732 0.758607 0.301504 0.577591
797 0.222905 0.626191 -4.57351 0.0869681 0.8373 0.00204117 0.539778
798 0.25077 0.156624 -3.95619 0.00810436 0.913545 0.0745574 0.399763
799 0.546156 -0.155358 -3.6464 -0.0266066 0.943863 0.130533 0.302284
800 0.573286 -0.0488288 -3.70495 -0.0224773 0.944073 0.0986346 0.313835
801 0.445746 0.0950129 -6.00853 -0.0484737 0.582733 0.0451413 0.80996
802 0.279161 0.131769 -4.04073 -0.00871873 0.902911 0.0553104 0.426166
803 0.502824 -0.181026 -6.08184 -0.101608 0.553801 0.0836512 0.822182
804 0.487634 -0.0463442 -3.52496 -0.0102516 0.945509 0.0988505 0.310057
805 0.334847 -0.152318 -5.89841 -0.091003 0.593586 0.0797182 0.795625
806 1.27282 0.585864 -6.50114 0.0739076 0.346587 0.00783545 0.935069
807 0.453783 -0.0205571 -3.60732 -0.00825272 0.93436 0.0924288 0.344034
808 0.363949 -0.210517 -3.56417 -0.0469412 0.929522 0.11928 0.345771
809 0.383671 -0.156415 -6.12089 -0.100152 0.540817 0.0546802 0.833364
810 0.321551 0.48843 -4.42087 0.0371766 0.841794 -0.0431958 0.536782
811 -0.196731 -0.149591 -4.45751 -0.0686962 0.815244 0.0910876 0.567768
812 0.426215 -0.0101263 -3.58448 -0.00547295 0.924631 0.0927203 0.369364
813 0.51215 -0.174403 -3.587 -0.0320177 0.924557 0.123191 0.359156
814 0.496751 0.263895 -3.537 0.0316241 0.929023 0.0409134 0.366392
815 0.272152 0.063094 -3.72236 -0.0151293 0.901601 0.0759468 0.425581
816 0.505786 0.0131551 -6.00226 -0.0690447 0.511983 0.0464892 0.854953
817 0.540505 -0.344906 -3.57236 -0.0726986 0.913936 0.158465 0.366504
818 0.554226 -0.298291 -6.03788 -0.138863 0.483522 0.102732 0.85812
819 0.498811 -0.093309 -6.01426 -0.0905673 0.493323 0.0863735 0.860796
820 1.03517 0.914974 -6.04562 0.147287 0.398158 -0.0529049 0.903868
821 0.35566 0.724801 -4.17762 0.0315081 0.848613 -0.0821214 0.521651
822 0.82814 0.569874 -6.25317 0.0451918 0.388769 0.0133962 0.920129
823 0.891108 0.896935 -6.1792 0.117581 0.384594 -0.0200208 0.915348
824 0.541185 0.0937306 -6.06484 -0.0733213 0.462894 0.0462223 0.882166
825 0.694664 0.863968 -5.98334 0.106042 0.442268 -0.0157764 0.890452
826 0.356121 0.776171 -3.96377 0.0346244 0.862131 -0.0647493 0.501337
827 0.816817 1.01867 -6.13006 0.129426 0.387845 -0.0266933 0.912202
828 -0.168714 0.471194 -4.89413 -0.0155012 0.708079 0.0203977 0.705668
829 0.401262 0.0528072 -6.05201 -0.0945832 0.462892 0.0668543 0.878815
830 0.493018 -0.0974669 -6.16923 -0.135124 0.428504 0.0638789 0.891092
831 0.595261 1.11588 -5.89432 0.135102 0.45169 -0.0452305 0.880726
832 0.399348 1.08332 -5.9015 0.0984181 0.479545 -0.0532476 0.870354
833 0.4278 -0.188887 -3.65443 -0.0672496 0.869872 0.159204 0.46201
834 0.567144 0.27456 -6.1557 -0.0553627 0.410847 0.021894 0.909758
835 0.112211 0.211065 -3.71519 -0.0126663 0.846868 0.0916985 0.523685
836 0.677754 1.2126 -5.69674 0.170443 0.448619 -0.0580595 0.875396
837 0.698861 1.3639 -5.74947 0.182994 0.437865 -0.0832632 0.876273
838 0.892912 0.829154 -3.49196 0.0371602 0.919491 -0.0747804 0.384139
839 0.150184 -0.045689 -3.77831 -0.059331 0.832903 0.135452 0.533297
840 0.360487 1.18506 -3.93738 0.0821483 0.82319 -0.10286 0.552295
841 0.0617362 0.221566 -3.90264 -0.0293898 0.81309 0.0918635 0.574092
842 0.284748 0.364232 -5.8999 -0.0530306 0.461599 0.0233746 0.885193
843 0.262685 -0.196161 -3.59025 -0.0717889 0.843226 0.174563 0.503333
844 0.352936 0.0582753 -3.61861 -0.0308693 0.849567 0.133343 0.509414
845 -0.0410358 0.270918 -3.90505 -0.0115871 0.793608 0.0986492 0.600267
846 0.220816 -0.187317 -3.61783 -0.0836234 0.831072 0.165983 0.524191
847 0.50034 1.59972 -5.13333 0.21924 0.528771 -0.109206 0.812656
848 0.487925 0.52228 -6.11668 -0.0317129 0.37283 -0.00822452 0.927321
849 0.0434182 0.172176 -3.78968 -0.0511708 0.799114 0.0956546 0.591311
850 -0.110519 0.039628 -4.02553 -0.0916335 0.758225 0.103611 0.637152
851 0.0302877 -0.244049 -3.82329 -0.107384 0.776634 0.163409 0.598837
852 0.395078 0.440032 -6.10961 -0.0474408 0.357481 0.00388978 0.932707
853 -0.0122425 0.161721 -5.78394 -0.0971293 0.446641 0.0517813 0.887917
854 0.397802 0.355289 -6.27055 -0.0764915 0.320006 -0.00126854 0.944322
855 0.424111 0.40385 -6.3224 -0.0657 0.300279 0.00311796 0.951581
856 -0.316496 0.313673 -4.65468 -0.0370667 0.630913 0.0743481 0.771393
857 -0.259752 0.0954702 -4.4754 -0.0905029 0.66012 0.090829 0.740136
858 -0.264156 0.420991 -5.62685 -0.0611757 0.465939 0.0299876 0.88219
859 -0.39841 0.123004 -5.59939 -0.10798 0.470411 0.0670137 0.873249
860 -0.288839 0.687367 -5.42523 -0.0287371 0.496291 -0.00975775 0.867626
861 -0.321054 0.143356 -5.16305 -0.080536 0.52906 0.0844846 0.840518
862 0.799987 -0.195047 -3.93016 -0.221697 0.79016 0.139014 0.554232
863 0.98292 1.291 -4.57449 0.183322 0.621295 -0.206595 0.733283
864 0.526399 -0.262024 -4.12874 -0.198688 0.72413 0.146943 0.643868
865 0.243436 1.13127 -4.0054 0.100084 0.717118 -0.0726747 0.685889
866 1.34766 -0.963443 -5.0204 -0.334315 0.411291 0.441393 0.724048
867 0.348687 0.495866 -4.22019 0.0030389 0.696821 0.0139763 0.717102
868 0.375047 0.105494 -4.14561 -0.100968 0.717134 0.0756228 0.685424
869 0.585729 -0.182326 -3.96661 -0.205342 0.759236 0.111093 0.607498
870 0.435327 -0.00356705 -4.00253 -0.129538 0.743812 0.0861363 0.650034
871 1.214 -1.0605 -4.93839 -0.326594 0.433036 0.423643 0.725494
872 0.723487 1.1233 -4.34808 0.110669 0.662888 -0.152343 0.724654
873 0.912171 -0.971338 -4.78126 -0.297665 0.502809 0.342492 0.735716
874 0.809411 1.04121 -4.67206 0.0891441 0.604178 -0.17529 0.772202
875 0.785514 -0.757929 -4.85558 -0.256503 0.503749 0.28435 0.77433
876 0.825772 0.897701 -4.80816 0.0540932 0.573888 -0.161356 0.801056
877 0.685742 0.998856 -4.58263 0.0761938 0.6177 -0.148502 0.768497
878 0.23051 0.0921848 -3.92967 -0.100582 0.737233 0.0661203 0.66483
879 0.585524 1.00546 -4.39458 0.0961098 0.641602 -0.136163 0.748712
880 0.951284 -1.18021 -4.69526 -0.306431 0.49966 0.365636 0.723015
881 0.600205 0.977332 -4.50636 0.0695992 0.624367 -0.13803 0.765682
882 0.189287 0.157565 -3.91907 -0.0644666 0.722049 0.0492991 0.687066
883 0.817836 -1.02812 -4.77442 -0.278801 0.490857 0.330716 0.756278
884 0.260177 -0.0886159 -3.65965 -0.143615 0.771438 0.0718234 0.615711
885 0.671661 -0.957714 -4.69407 -0.263667 0.513186 0.293907 0.762062
886 0.47579 -0.886438 -4.43036 -0.233325 0.575278 0.259222 0.739878
887 0.213012 -0.280214 -3.44202 -0.187773 0.786996 0.0882489 0.581026
888 0.154202 0.406094 -3.55918 -0.0312912 0.771614 -0.000953243 0.63532
889 0.8159 -1.17422 -4.71194 -0.279141 0.476056 0.35302 0.755532
890 0.0811161 -0.133696 -3.40717 -0.123182 0.772071 0.0759593 0.61884
891 0.0879066 -0.151072 -4.05759 -0.117328 0.650449 0.106581 0.742826
892 0.116055 0.234481 -3.66737 -0.0486195 0.709689 0.0449245 0.701398
893 0.101673 0.293555 -3.50855 -0.0106286 0.727509 0.0346502 0.68514
894 0.0495116 -0.0623278 -3.44791 -0.084949 0.737411 0.0763556 0.665717
895 0.156322 0.335208 -3.5874 -0.0195204 0.705283 0.0179811 0.708429
896 0.190467 0.368677 -3.41544 0.0105234 0.725238 0.0159921 0.688232
897 0.163231 0.229381 -3.39403 -0.0122365 0.724078 0.0380493 0.688559
898 0.125356 0.411355 -3.42379 0.0208735 0.71332 0.0132342 0.700403
899 0.127114 0.537638 -3.45472 0.0395522 0.703982 -0.00809429 0.709069
900 0.0320835 -0.243621 -3.47517 -0.0798666 0.690963 0.135051 0.705657
901 0.100045 -0.531085 -3.42061 -0.11971 0.688452 0.190473 0.68951
902 0.173703 0.940577 -3.12609 0.142812 0.729768 -0.0502794 0.66672
903 -0.0170383 -0.18838 -3.27726 -0.0573839 0.711821 0.129768 0.68788
904 -0.0440588 -0.387942 -3.22858 -0.085434 0.713638 0.164748 0.675485
905 0.0193421 -0.388321 -3.23801 -0.0906295 0.70631 0.158704 0.683905
906 -0.0377017 -0.210967 -3.22361 -0.0631704 0.711147 0.12425 0.689087
907 -0.0154081 -0.526367 -2.93914 -0.0980819 0.742264 0.186361 0.636156
908 0.158328 0.767114 -3.09738 0.10649 0.717783 -0.0424932 0.686762
909 -0.0866291 -0.190907 -3.28679 -0.0643994 0.689777 0.116723 0.711643
910 -0.0376861 0.204047 -3.12606 0.00740523 0.714598 0.0549453 0.697335
911 -0.0984904 -0.205034 -3.00768 -0.0552899 0.727595 0.124751 0.672299
912 -0.144769 0.000208251 -3.05679 -0.0196322 0.718822 0.0923282 0.688757
913 -0.0672355 -0.25103 -2.70561 -0.0522874 0.767025 0.132683 0.625567
914 -0.0842752 -0.0876152 -3.37031 -0.0456694 0.662745 0.0953061 0.74135
915 -0.0939306 0.265517 -2.92895 0.0208324 0.731382 0.0438694 0.680237
916 -0.0698447 -0.346172 -3.41045 -0.0781198 0.647019 0.147678 0.743946
917 -0.143992 0.217813 -3.15411 0.00590421 0.692084 0.048737 0.720145
918 -0.034482 -0.426664 -3.49279 -0.0814062 0.624666 0.172058 0.757338
919 -0.149405 -0.247004 -3.10304 -0.0572987 0.691913 0.127245 0.708365
920 -0.168933 0.243236 -2.92963 0.0184564 0.719486 0.0453706 0.692777
921 -0.266187 -0.1191 -3.43694 -0.04725 0.64077 0.0928023 0.760637
922 -0.139237 -0.00273662 -3.16078 -0.0222573 0.681735 0.0757491 0.727326
923 -0.170524 -0.0833594 -3.19592 -0.0291365 0.67408 0.0929037 0.732213
924 -0.0282867 0.126576 -2.34657 0.0247152 0.797879 0.0651273 0.59878
925 -0.162304 0.0808067 -3.08843 -0.00402796 0.688617 0.0629301 0.722378
926 -0.226227 0.164873 -3.12023 0.00647572 0.682131 0.0469498 0.729692
927 -0.158359 0.0402849 -3.01073 -0.00340073 0.697078 0.0687366 0.713685
928 -0.167375 -0.0642681 -3.18569 -0.0223103 0.66782 0.0810955 0.739555
929 -0.184545 0.0816365 -3.03301 0.00598232 0.690523 0.0597491 0.720813
930 -0.0720305 -0.124434 -3.54793 -0.0349897 0.603436 0.0882906 0.791735
931 -0.215182 0.0423321 -3.02678 0.0024455 0.691517 0.0624786 0.719649
932 0.135757 -0.398913 -3.79753 -0.0720142 0.545949 0.144723 0.822076
933 -0.196493 -0.166963 -2.95298 -0.0220526 0.701725 0.09364 0.705923
934 -0.191044 -0.0435569 -2.93261 -0.00173811 0.705632 0.0729891 0.704808
935 0.38485 -0.489997 -3.98056 -0.0895339 0.491302 0.166634 0.850199
936 -0.193148 0.000527025 -2.93628 0.00513368 0.705237 0.0623667 0.706205
937 -0.214554 0.0216939 -3.01756 0.00842967 0.692712 0.0579275 0.718834
938 -0.181182 0.0890985 -2.99312 0.0162478 0.69826 0.0423098 0.714408
939 0.339146 -0.503732 -3.91968 -0.0910916 0.510325 0.155163 0.840949
940 0.068978 -0.334251 -3.7243 -0.0552333 0.568937 0.114906 0.812439
941 -0.149159 -0.0534444 -3.17746 -0.00149917 0.671471 0.0664057 0.738048
942 -0.18344 0.231349 -3.24588 0.0275484 0.661779 0.00727282 0.749157
943 -0.19882 0.0121656 -3.05842 0.0125678 0.691046 0.0524127 0.720798
944 -0.190208 0.0655316 -2.98033 0.0196032 0.703881 0.0404979 0.708891
945 -0.139466 0.184319 -2.89495 0.0419074 0.716503 0.0176878 0.6961
946 -0.166097 0.111428 -3.13507 0.0231134 0.681422 0.0239542 0.731134
947 -0.17577 0.170793 -3.23321 0.0285884 0.666003 0.0108461 0.745323
948 0.0351595 0.0312249 -2.50515 0.0445055 0.779157 0.0432077 0.623752
949 -0.194393 0.191101 -3.02263 0.0385721 0.699654 0.0116495 0.713344
950 -0.224981 0.150601 -2.80382 0.0447054 0.732179 0.0197783 0.679355
951 -0.00414923 0.441093 -2.87872 0.092532 0.718628 -0.0335419 0.688394
952 -0.109917 0.270851 -3.18568 0.0492498 0.674336 -0.0149645 0.736628
953 -0.181337 0.150818 -3.09297 0.0370536 0.690631 0.0131994 0.722137
954 -0.12071 0.165745 -2.872 0.0467363 0.724618 0.0102449 0.687488
955 -0.168679 0.0997394 -3.00734 0.0361983 0.704574 0.0232814 0.708324
956 -0.144914 0.248217 -3.02027 0.0540169 0.702438 -0.00363821 0.709683
957 -0.202694 0.147565 -3.01058 0.0434574 0.705556 0.0164324 0.707129
958 -0.190855 0.230847 -3.0329 0.0546277 0.701096 0.00298048 0.710966
959 -0.147531 0.177828 -3.09621 0.044762 0.692538 0.00572641 0.719968
960 -0.179441 0.154612 -3.17611 0.0412345 0.681579 0.0125186 0.730475
961 -0.168501 -0.0737704 -3.22708 0.0111005 0.674615 0.0514347 0.736292
962 -0.168996 0.301588 -3.2598 0.0608452 0.667142 -0.0109931 0.74236
963 -0.184124 -0.0400295 -3.23316 0.0219118 0.673932 0.0510021 0.736705
964 -0.0515644 0.0795484 -2.69595 0.0542348 0.757676 0.0307111 0.649648
