0 -3.8418 1.4227 1.0628 -0.4943 0.8313 -0.2218 0.124 
1 -3.8415 1.4229 1.0627 -0.4944 0.8307 -0.2232 0.1253 
2 -3.8413 1.4233 1.0628 -0.4951 0.831 -0.2199 0.1262 
3 -3.841 1.4234 1.0623 -0.4955 0.8314 -0.2186 0.1246 
4 -3.8409 1.4234 1.0616 -0.4955 0.8312 -0.2206 0.1227 
5 -3.8407 1.4235 1.0613 -0.4956 0.8318 -0.2185 0.1217 
6 -3.8402 1.4236 1.0613 -0.4946 0.8319 -0.219 0.1242 
7 -3.8399 1.4237 1.0609 -0.4953 0.8312 -0.2197 0.1244 
8 -3.8395 1.4236 1.0605 -0.4963 0.8312 -0.2187 0.1218 
9 -3.8391 1.4235 1.0603 -0.4966 0.8308 -0.2197 0.1222 
10 -3.8385 1.4243 1.06 -0.4943 0.832 -0.2187 0.125 
11 -3.8382 1.424 1.06 -0.4953 0.8317 -0.218 0.1241 
12 -3.8379 1.4234 1.0602 -0.4955 0.8314 -0.2199 0.1218 
13 -3.8374 1.4233 1.0602 -0.4947 0.8321 -0.2193 0.1216 
14 -3.8369 1.4233 1.0604 -0.4941 0.8323 -0.2185 0.1241 
15 -3.8366 1.423 1.0605 -0.4939 0.8321 -0.2192 0.1249 
16 -3.8365 1.4229 1.0605 -0.4939 0.8324 -0.2193 0.1226 
17 -3.8362 1.4228 1.0603 -0.4943 0.8326 -0.2184 0.1216 
18 -3.8359 1.4231 1.0603 -0.4955 0.832 -0.2175 0.1224 
19 -3.8356 1.4232 1.0603 -0.4958 0.8311 -0.2197 0.123 
20 -3.8355 1.4234 1.0604 -0.4961 0.8312 -0.219 0.1224 
21 -3.8352 1.4233 1.0599 -0.4963 0.8315 -0.2177 0.1222 
22 -3.8351 1.4233 1.0599 -0.4959 0.8317 -0.2179 0.1222 
23 -3.8349 1.4234 1.0599 -0.4951 0.8319 -0.2185 0.1229 
24 -3.8349 1.4233 1.0598 -0.4957 0.8319 -0.2172 0.1229 
25 -3.8348 1.4232 1.0596 -0.496 0.832 -0.2168 0.1213 
26 -3.8346 1.423 1.0596 -0.496 0.8315 -0.2187 0.1216 
27 -3.8346 1.4233 1.0593 -0.4962 0.8315 -0.2183 0.1213 
28 -3.8346 1.4235 1.0593 -0.4967 0.8316 -0.2172 0.1206 
29 -3.8347 1.4237 1.0593 -0.497 0.8308 -0.2191 0.1213 
30 -3.8348 1.424 1.0591 -0.4964 0.8313 -0.2191 0.1205 
31 -3.8348 1.4245 1.0588 -0.4948 0.8324 -0.2185 0.1203 
32 -3.8353 1.4252 1.0585 -0.4936 0.8336 -0.2179 0.1185 
33 -3.8352 1.4257 1.058 -0.4937 0.833 -0.22 0.1183 
34 -3.8351 1.4276 1.0565 -0.4905 0.8351 -0.2195 0.118 
35 -3.8347 1.429 1.0555 -0.491 0.8347 -0.221 0.1153 
36 -3.8341 1.4306 1.0549 -0.4892 0.8349 -0.2241 0.1156 
37 -3.8331 1.4326 1.0538 -0.4864 0.8366 -0.2247 0.1142 
38 -3.8322 1.4355 1.0519 -0.481 0.8394 -0.2247 0.1163 
39 -3.8314 1.4375 1.0505 -0.4808 0.8392 -0.2262 0.1155 
40 -3.8305 1.4409 1.0495 -0.4802 0.8398 -0.2275 0.1112 
41 -3.8296 1.4456 1.0478 -0.4764 0.8428 -0.2242 0.1118 
42 -3.8295 1.4495 1.0464 -0.4768 0.8429 -0.2239 0.1099 
43 -3.8287 1.4551 1.0448 -0.4727 0.8448 -0.2259 0.1085 
44 -3.8278 1.4629 1.0434 -0.4708 0.8459 -0.227 0.1063 
45 -3.8264 1.4695 1.0429 -0.4696 0.8471 -0.2255 0.1051 
46 -3.8237 1.4784 1.0426 -0.4684 0.8469 -0.2287 0.1054 
47 -3.8215 1.4846 1.0441 -0.4693 0.8469 -0.2289 0.1008 
48 -3.8184 1.4928 1.0445 -0.4627 0.8496 -0.2312 0.1034 
49 -3.8113 1.5107 1.0487 -0.456 0.8512 -0.2364 0.1083 
50 -3.8085 1.5179 1.0495 -0.4532 0.8527 -0.2364 0.1078 
51 -3.806 1.5254 1.0493 -0.4511 0.8548 -0.233 0.107 
52 -3.8023 1.5348 1.0493 -0.4457 0.8579 -0.234 0.1028 
53 -3.7996 1.5419 1.0504 -0.4395 0.8607 -0.2356 0.1027 
54 -3.7948 1.5522 1.0507 -0.4339 0.8622 -0.2381 0.1083 
55 -3.7915 1.562 1.0511 -0.4326 0.8637 -0.2359 0.1059 
56 -3.7888 1.5697 1.051 -0.4294 0.8645 -0.2396 0.1039 
57 -3.7868 1.5776 1.0507 -0.4274 0.8658 -0.2393 0.102 
58 -3.7836 1.5883 1.0496 -0.4269 0.8659 -0.2394 0.103 
59 -3.7812 1.5963 1.0495 -0.4276 0.8661 -0.2386 0.1001 
60 -3.7781 1.6045 1.0489 -0.4269 0.8657 -0.2405 0.1025 
61 -3.7742 1.6151 1.0488 -0.4266 0.8669 -0.2369 0.1016 
62 -3.7715 1.6235 1.0492 -0.4248 0.8682 -0.2358 0.1004 
63 -3.7683 1.6311 1.0496 -0.4213 0.8688 -0.2399 0.1004 
64 -3.7631 1.641 1.0506 -0.4223 0.8681 -0.2391 0.1045 
65 -3.7598 1.6473 1.0514 -0.4207 0.8691 -0.238 0.1047 
66 -3.7539 1.6559 1.0524 -0.4149 0.8702 -0.2421 0.1096 
67 -3.7505 1.6622 1.0529 -0.4129 0.8711 -0.242 0.11 
68 -3.7466 1.6687 1.0532 -0.4125 0.8728 -0.2373 0.1082 
69 -3.7408 1.6754 1.0527 -0.4147 0.8721 -0.2372 0.1061 
70 -3.7371 1.6812 1.0532 -0.4156 0.8715 -0.2391 0.1026 
71 -3.7325 1.6866 1.0532 -0.4152 0.872 -0.2376 0.1037 
72 -3.726 1.6928 1.0526 -0.4175 0.8708 -0.237 0.1062 
73 -3.7212 1.6975 1.0523 -0.4201 0.8693 -0.2383 0.1048 
74 -3.7168 1.7018 1.0524 -0.4157 0.8717 -0.2395 0.1004 
75 -3.7105 1.7084 1.0523 -0.4155 0.8735 -0.2342 0.0977 
76 -3.7056 1.7125 1.0528 -0.4152 0.8736 -0.2336 0.0992 
77 -3.7008 1.7171 1.0522 -0.4157 0.873 -0.235 0.0993 
78 -3.6935 1.7228 1.0514 -0.4142 0.8736 -0.2358 0.0983 
79 -3.6884 1.7281 1.0518 -0.4141 0.8743 -0.2349 0.0949 
80 -3.6821 1.7325 1.0514 -0.4148 0.8724 -0.2387 0.0995 
81 -3.6745 1.7391 1.0513 -0.4126 0.8746 -0.2368 0.0939 
82 -3.6682 1.744 1.0507 -0.412 0.875 -0.2367 0.0924 
83 -3.6617 1.7491 1.0507 -0.4115 0.8749 -0.2377 0.0934 
84 -3.6529 1.757 1.0506 -0.4107 0.8755 -0.2366 0.0941 
85 -3.6464 1.7628 1.0498 -0.4101 0.8763 -0.2351 0.0931 
86 -3.6412 1.77 1.0497 -0.4089 0.8769 -0.2362 0.0901 
87 -3.6339 1.7796 1.0501 -0.4064 0.8779 -0.2352 0.0939 
88 -3.628 1.7865 1.0496 -0.4041 0.8793 -0.2323 0.0976 
89 -3.6206 1.7948 1.0492 -0.401 0.8822 -0.2298 0.0903 
90 -3.6141 1.7998 1.049 -0.4011 0.8819 -0.2317 0.0879 
91 -3.6079 1.8055 1.0502 -0.3991 0.8827 -0.2324 0.0867 
92 -3.5989 1.8121 1.0519 -0.3985 0.8816 -0.2349 0.0931 
93 -3.5942 1.8178 1.0537 -0.3923 0.8848 -0.2348 0.0903 
94 -3.5875 1.8219 1.0545 -0.3865 0.8863 -0.2384 0.0915 
95 -3.5812 1.8289 1.0552 -0.3803 0.8898 -0.2357 0.0895 
96 -3.5697 1.8381 1.0565 -0.3749 0.8916 -0.2383 0.0874 
97 -3.5652 1.843 1.0561 -0.3747 0.8929 -0.2353 0.0836 
98 -3.557 1.849 1.0569 -0.3741 0.8921 -0.2386 0.0855 
99 -3.5507 1.8535 1.0574 -0.3712 0.8927 -0.2401 0.0875 
100 -3.5447 1.8581 1.0572 -0.3676 0.8944 -0.2401 0.086 
101 -3.5392 1.864 1.0553 -0.3702 0.8935 -0.2407 0.0813 
102 -3.533 1.868 1.0558 -0.3693 0.8951 -0.2375 0.0777 
103 -3.5273 1.8726 1.0557 -0.3698 0.8947 -0.2376 0.0788 
104 -3.5198 1.8782 1.0559 -0.3706 0.8934 -0.2401 0.0824 
105 -3.5153 1.8822 1.0553 -0.3688 0.8945 -0.2397 0.0803 
106 -3.5111 1.8871 1.0546 -0.3656 0.8965 -0.2377 0.0782 
107 -3.5049 1.8938 1.0531 -0.3616 0.8985 -0.2357 0.0797 
108 -3.5006 1.8981 1.0527 -0.3616 0.8987 -0.2346 0.081 
109 -3.4949 1.9037 1.0517 -0.3614 0.8988 -0.2361 0.076 
110 -3.4904 1.9084 1.0509 -0.3588 0.9003 -0.2348 0.075 
111 -3.4858 1.9134 1.0504 -0.3569 0.9013 -0.2327 0.0783 
112 -3.481 1.9192 1.0497 -0.3572 0.9012 -0.2328 0.078 
113 -3.4758 1.923 1.0488 -0.3525 0.9028 -0.2344 0.076 
114 -3.4705 1.9277 1.0484 -0.3478 0.9053 -0.2319 0.0748 
115 -3.4636 1.9343 1.0477 -0.3451 0.9059 -0.2328 0.0781 
116 -3.4588 1.9389 1.0471 -0.3438 0.9065 -0.2333 0.0755 
117 -3.4539 1.9437 1.0455 -0.3442 0.9073 -0.2313 0.0694 
118 -3.4466 1.9508 1.0455 -0.3444 0.9077 -0.23 0.0669 
119 -3.4404 1.9558 1.046 -0.3423 0.9074 -0.2338 0.0688 
120 -3.4338 1.9608 1.0469 -0.3371 0.9095 -0.2332 0.0699 
121 -3.4253 1.967 1.0473 -0.3312 0.9114 -0.2345 0.0687 
122 -3.4186 1.9714 1.0479 -0.3267 0.9126 -0.2362 0.0673 
123 -3.4116 1.9764 1.0494 -0.3202 0.9149 -0.2363 0.0675 
124 -3.4018 1.982 1.0517 -0.3136 0.9143 -0.2459 0.0721 
125 -3.3948 1.9868 1.0534 -0.3099 0.9157 -0.246 0.0699 
126 -3.3876 1.9913 1.0547 -0.3054 0.9169 -0.2474 0.0701 
127 -3.378 1.9977 1.0564 -0.2953 0.9186 -0.252 0.0745 
128 -3.3701 2.0031 1.0579 -0.2865 0.922 -0.2491 0.0758 
129 -3.3626 2.0085 1.06 -0.2818 0.9236 -0.2485 0.0763 
130 -3.3522 2.0151 1.0631 -0.2771 0.9221 -0.2581 0.0792 
131 -3.3452 2.0204 1.065 -0.2752 0.9225 -0.2596 0.0773 
132 -3.3387 2.0247 1.0657 -0.2752 0.9214 -0.2636 0.076 
133 -3.3295 2.0312 1.0687 -0.2699 0.9219 -0.2673 0.0764 
134 -3.3232 2.036 1.0702 -0.2685 0.9229 -0.2654 0.0755 
135 -3.3175 2.0407 1.0718 -0.2668 0.9226 -0.2688 0.073 
136 -3.3098 2.0464 1.0739 -0.2628 0.9194 -0.2842 0.07 
137 -3.3047 2.0505 1.0763 -0.2635 0.9194 -0.2845 0.0661 
138 -3.2985 2.0568 1.0779 -0.2616 0.9209 -0.2819 0.064 
139 -3.2935 2.0607 1.0791 -0.2589 0.9216 -0.283 0.0601 
140 -3.2884 2.0641 1.0809 -0.2569 0.9203 -0.289 0.0595 
141 -3.2821 2.0698 1.0826 -0.2513 0.9213 -0.2903 0.0615 
142 -3.2777 2.0736 1.0832 -0.2482 0.9232 -0.2874 0.0593 
143 -3.2733 2.0776 1.0845 -0.2447 0.9234 -0.2906 0.0547 
144 -3.2667 2.0825 1.0853 -0.2423 0.923 -0.294 0.0536 
145 -3.2611 2.0865 1.0861 -0.2424 0.9237 -0.2916 0.0543 
146 -3.2535 2.0907 1.0858 -0.2422 0.9205 -0.3017 0.0548 
147 -3.2483 2.0938 1.0862 -0.2427 0.9214 -0.2996 0.0494 
148 -3.2425 2.0973 1.086 -0.2432 0.9219 -0.2975 0.0504 
149 -3.2345 2.1016 1.0866 -0.24 0.9223 -0.2985 0.0528 
150 -3.229 2.1042 1.0866 -0.2356 0.9232 -0.2994 0.0497 
151 -3.223 2.1069 1.0859 -0.2333 0.9249 -0.2962 0.0497 
152 -3.215 2.1105 1.0849 -0.23 0.9254 -0.2964 0.0537 
153 -3.209 2.1131 1.0836 -0.2271 0.9258 -0.2978 0.0521 
154 -3.2007 2.116 1.0815 -0.2275 0.9259 -0.2975 0.0494 
155 -3.1947 2.1187 1.0804 -0.229 0.9268 -0.2941 0.046 
156 -3.1878 2.1211 1.0795 -0.2288 0.9274 -0.2928 0.0441 
157 -3.1782 2.1234 1.0782 -0.2283 0.925 -0.3003 0.0453 
158 -3.1713 2.125 1.0778 -0.2298 0.9244 -0.3014 0.0434 
159 -3.164 2.1267 1.0772 -0.2285 0.9263 -0.2967 0.0416 
160 -3.1536 2.1276 1.0769 -0.2239 0.9263 -0.2998 0.044 
161 -3.1456 2.1282 1.0765 -0.2183 0.926 -0.3048 0.0434 
162 -3.1339 2.1294 1.0757 -0.2137 0.928 -0.302 0.0438 
163 -3.1249 2.1305 1.0749 -0.2119 0.9279 -0.3034 0.0457 
164 -3.1156 2.132 1.0751 -0.2138 0.9271 -0.305 0.0421 
165 -3.1028 2.1353 1.0754 -0.2155 0.9272 -0.3036 0.0402 
166 -3.093 2.1389 1.0761 -0.2142 0.9264 -0.3066 0.043 
167 -3.0806 2.1443 1.0763 -0.2112 0.9268 -0.3072 0.045 
168 -3.0714 2.148 1.0759 -0.2066 0.9288 -0.3045 0.0438 
169 -3.0619 2.1519 1.0753 -0.2038 0.9306 -0.3012 0.0423 
170 -3.0492 2.1569 1.0761 -0.2027 0.93 -0.3037 0.0414 
171 -3.039 2.1608 1.0764 -0.2011 0.9303 -0.304 0.0412 
172 -3.0287 2.1645 1.0768 -0.2004 0.931 -0.3023 0.0417 
173 -3.0156 2.1692 1.0782 -0.1995 0.9307 -0.3039 0.0413 
174 -3.0058 2.1727 1.0787 -0.1947 0.931 -0.3058 0.0416 
175 -2.9962 2.1759 1.0792 -0.1902 0.9325 -0.3041 0.0421 
176 -2.9842 2.18 1.0798 -0.1882 0.9323 -0.3059 0.0424 
177 -2.9755 2.1831 1.0797 -0.1833 0.9331 -0.3065 0.0417 
178 -2.9672 2.1866 1.0801 -0.1782 0.9344 -0.3058 0.0394 
179 -2.9561 2.1912 1.0803 -0.1728 0.9352 -0.3059 0.0433 
180 -2.9484 2.194 1.0807 -0.1702 0.9352 -0.3076 0.0424 
181 -2.9408 2.1963 1.0806 -0.167 0.9357 -0.3084 0.0389 
182 -2.9305 2.1992 1.0802 -0.1621 0.937 -0.3073 0.0375 
183 -2.9228 2.2012 1.0806 -0.1596 0.9371 -0.3081 0.0382 
184 -2.9152 2.2025 1.0813 -0.1583 0.9362 -0.3112 0.039 
185 -2.9061 2.2049 1.083 -0.1548 0.9366 -0.312 0.0372 
186 -2.8996 2.2063 1.0844 -0.1533 0.9364 -0.3133 0.0377 
187 -2.8935 2.2075 1.0849 -0.1503 0.9371 -0.313 0.0369 
188 -2.8857 2.2086 1.0853 -0.1461 0.9381 -0.312 0.0349 
189 -2.8749 2.2099 1.0861 -0.1429 0.9388 -0.312 0.0305 
190 -2.8618 2.2117 1.0854 -0.1427 0.9392 -0.3113 0.0269 
191 -2.8561 2.2128 1.0853 -0.1427 0.9388 -0.3126 0.0226 
192 -2.85 2.2142 1.0847 -0.1404 0.9392 -0.3125 0.0233 
193 -2.8414 2.2167 1.0826 -0.1369 0.9408 -0.309 0.0261 
194 -2.8353 2.2192 1.0818 -0.1344 0.9417 -0.3075 0.0236 
195 -2.8292 2.2217 1.0805 -0.1309 0.9417 -0.3092 0.0214 
196 -2.82 2.2251 1.0783 -0.1276 0.944 -0.3037 0.0197 
197 -2.8128 2.2278 1.0773 -0.127 0.9448 -0.3014 0.0195 
198 -2.8057 2.23 1.0767 -0.1277 0.9434 -0.3057 0.0179 
199 -2.7958 2.2328 1.0757 -0.1283 0.9442 -0.3031 0.0128 
200 -2.7877 2.2351 1.0752 -0.1275 0.944 -0.304 0.0125 
201 -2.7803 2.2376 1.0757 -0.1266 0.9445 -0.303 0.0116 
202 -2.7692 2.2401 1.0758 -0.1217 0.945 -0.3035 0.0089 
203 -2.7609 2.243 1.0764 -0.1151 0.9458 -0.3035 0.008 
204 -2.752 2.2459 1.0766 -0.1103 0.9455 -0.3062 0.0138 
205 -2.7399 2.2502 1.0766 -0.1045 0.9469 -0.3038 0.0129 
206 -2.7309 2.254 1.0762 -0.1006 0.9486 -0.2999 0.0088 
207 -2.7212 2.2585 1.0764 -0.0972 0.9482 -0.3021 0.0107 
208 -2.7075 2.2639 1.076 -0.0938 0.949 -0.3007 0.0142 
209 -2.6973 2.2678 1.0754 -0.0929 0.9503 -0.2969 0.0112 
210 -2.6827 2.2736 1.0752 -0.09 0.95 -0.2988 0.0112 
211 -2.6718 2.2783 1.0749 -0.0894 0.9506 -0.2971 0.013 
212 -2.6611 2.2823 1.0742 -0.0874 0.9512 -0.2958 0.013 
213 -2.6472 2.2874 1.0737 -0.084 0.9517 -0.2952 0.0107 
214 -2.6368 2.2913 1.0731 -0.0822 0.9522 -0.294 0.01 
215 -2.6262 2.295 1.0728 -0.0799 0.9533 -0.2912 0.0102 
216 -2.612 2.2997 1.0729 -0.0765 0.9525 -0.2946 0.0121 
217 -2.6018 2.3031 1.0728 -0.0761 0.9527 -0.2941 0.0111 
218 -2.5884 2.3076 1.0727 -0.0764 0.9531 -0.2928 0.0092 
219 -2.5787 2.3111 1.073 -0.0754 0.9525 -0.295 0.0107 
220 -2.569 2.3145 1.0729 -0.073 0.9525 -0.2954 0.0125 
221 -2.5568 2.3185 1.0728 -0.071 0.9534 -0.2931 0.0121 
222 -2.5485 2.3215 1.0725 -0.0701 0.9531 -0.2942 0.0125 
223 -2.5401 2.3241 1.0722 -0.0679 0.9531 -0.2948 0.0137 
224 -2.5292 2.3278 1.0721 -0.0671 0.9538 -0.2924 0.0148 
225 -2.5218 2.3299 1.0721 -0.068 0.9532 -0.2942 0.0137 
226 -2.5148 2.3319 1.0721 -0.0673 0.9541 -0.2917 0.0114 
227 -2.5052 2.3337 1.0721 -0.0643 0.9542 -0.2919 0.0135 
228 -2.4984 2.3349 1.0725 -0.0632 0.9539 -0.293 0.0151 
229 -2.4926 2.3355 1.0726 -0.0624 0.9537 -0.2938 0.0127 
230 -2.4845 2.3366 1.0723 -0.0596 0.9544 -0.2925 0.0106 
231 -2.4785 2.3372 1.0721 -0.0572 0.9543 -0.2932 0.0111 
232 -2.4735 2.3381 1.0717 -0.0574 0.9548 -0.2916 0.01 
233 -2.4659 2.3386 1.0707 -0.0547 0.9556 -0.2896 0.0065 
234 -2.4605 2.3388 1.0698 -0.0535 0.9559 -0.2887 0.0029 
235 -2.4543 2.3391 1.0691 -0.0493 0.9561 -0.289 0.0037 
236 -2.4459 2.3391 1.0683 -0.0438 0.9566 -0.2879 0.004 
237 -2.4398 2.3384 1.0674 -0.0412 0.9558 -0.291 0.0016 
238 -2.4332 2.3378 1.0658 -0.0374 0.9562 -0.2902 -0.0015 
239 -2.4231 2.3372 1.0637 -0.0324 0.9574 -0.287 -0.0028 
240 -2.4154 2.3365 1.0625 -0.0306 0.9561 -0.2915 -0.0032 
241 -2.4078 2.3359 1.0596 -0.0282 0.9555 -0.2935 -0.0043 
242 -2.3962 2.3347 1.0565 -0.021 0.9571 -0.289 -0.0067 
243 -2.3879 2.3338 1.055 -0.0174 0.9568 -0.2901 -0.0066 
244 -2.3794 2.3342 1.0546 -0.0111 0.9575 -0.288 -0.007 
245 -2.3677 2.3354 1.0544 0.0014 0.9579 -0.2871 -0.0062 
246 -2.3593 2.3362 1.0548 0.0077 0.9575 -0.2881 -0.0047 
247 -2.3518 2.3373 1.0551 0.0149 0.9575 -0.2879 -0.0053 
248 -2.3411 2.3384 1.0558 0.0249 0.9581 -0.2853 -0.0083 
249 -2.3333 2.3389 1.056 0.0284 0.9577 -0.2863 -0.0093 
250 -2.3224 2.3403 1.0576 0.0335 0.9573 -0.287 -0.0104 
251 -2.3139 2.3409 1.0576 0.0378 0.9567 -0.2884 -0.0087 
252 -2.3056 2.3417 1.058 0.0411 0.9567 -0.288 -0.0086 
253 -2.2953 2.3424 1.0585 0.0454 0.9568 -0.287 -0.012 
254 -2.2872 2.3421 1.0585 0.0483 0.9559 -0.2893 -0.0121 
255 -2.2765 2.3418 1.0588 0.0495 0.9556 -0.29 -0.0141 
256 -2.2691 2.3414 1.0587 0.0494 0.9554 -0.2906 -0.0159 
257 -2.2617 2.3415 1.0587 0.0529 0.9552 -0.2906 -0.0181 
258 -2.2518 2.341 1.0581 0.0596 0.955 -0.29 -0.0166 
259 -2.2448 2.3403 1.0577 0.062 0.9551 -0.2893 -0.018 
260 -2.2386 2.3399 1.0574 0.0647 0.9546 -0.2897 -0.0233 
261 -2.2298 2.3384 1.0574 0.0673 0.9536 -0.2923 -0.027 
262 -2.2228 2.3372 1.057 0.0706 0.9536 -0.2916 -0.0256 
263 -2.216 2.3354 1.0565 0.0713 0.9529 -0.2936 -0.0248 
264 -2.2077 2.3331 1.0551 0.0727 0.9519 -0.2963 -0.0301 
265 -2.201 2.3316 1.0537 0.0741 0.9527 -0.2929 -0.0316 
266 -2.1945 2.3301 1.0522 0.0739 0.9531 -0.2917 -0.0316 
267 -2.186 2.3275 1.0502 0.0728 0.9529 -0.2924 -0.0358 
268 -2.1798 2.3253 1.0488 0.0739 0.9529 -0.2916 -0.0394 
269 -2.1727 2.3234 1.0476 0.0761 0.9538 -0.288 -0.0391 
270 -2.1632 2.32 1.0469 0.0805 0.9535 -0.2882 -0.0356 
271 -2.1559 2.3176 1.0465 0.0835 0.9531 -0.2888 -0.0359 
272 -2.1486 2.3146 1.0458 0.0843 0.9534 -0.2872 -0.0383 
273 -2.1391 2.3108 1.0454 0.0829 0.9539 -0.2855 -0.0401 
274 -2.1315 2.3083 1.0455 0.0841 0.9533 -0.2873 -0.04 
275 -2.1239 2.3056 1.0456 0.0854 0.9527 -0.2886 -0.0418 
276 -2.1144 2.3016 1.0452 0.086 0.9531 -0.2871 -0.0426 
277 -2.107 2.2982 1.0446 0.0906 0.9528 -0.2865 -0.044 
278 -2.0989 2.2948 1.0445 0.0978 0.9524 -0.2854 -0.0437 
279 -2.0882 2.2895 1.045 0.1037 0.9504 -0.29 -0.0437 
280 -2.08 2.2858 1.0451 0.1047 0.9499 -0.2911 -0.0441 
281 -2.0713 2.2821 1.0446 0.1085 0.9496 -0.2907 -0.0442 
282 -2.0594 2.2777 1.0447 0.115 0.9488 -0.291 -0.0428 
283 -2.0508 2.2751 1.0445 0.1185 0.947 -0.2956 -0.0427 
284 -2.0399 2.2709 1.0436 0.1253 0.9477 -0.29 -0.0464 
285 -2.0315 2.2679 1.0436 0.1315 0.9489 -0.2828 -0.0486 
286 -2.0221 2.2643 1.0448 0.1387 0.9465 -0.2878 -0.0455 
287 -2.0103 2.2598 1.0471 0.1451 0.9456 -0.288 -0.0417 
288 -2.0015 2.2562 1.0479 0.1515 0.9458 -0.2841 -0.0434 
289 -1.9929 2.2528 1.0483 0.1563 0.9456 -0.2819 -0.0443 
290 -1.9802 2.2484 1.0494 0.165 0.9433 -0.2847 -0.044 
291 -1.9706 2.2453 1.0495 0.1683 0.9431 -0.283 -0.0462 
292 -1.9581 2.2411 1.0491 0.1658 0.9439 -0.2812 -0.049 
293 -1.9403 2.2361 1.049 0.1697 0.9431 -0.2808 -0.0543 
294 -1.9287 2.2325 1.0487 0.1766 0.9423 -0.2792 -0.0541 
295 -1.9212 2.2294 1.0485 0.1812 0.9412 -0.2802 -0.0535 
296 -1.913 2.2267 1.0485 0.19 0.9395 -0.2803 -0.0525 
297 -1.9023 2.2242 1.0489 0.1959 0.9389 -0.2782 -0.0519 
298 -1.8949 2.2223 1.0489 0.1966 0.9382 -0.2796 -0.0548 
299 -1.8877 2.2202 1.0485 0.1976 0.9369 -0.2824 -0.058 
300 -1.8779 2.2189 1.0489 0.1979 0.9392 -0.2744 -0.0581 
301 -1.8715 2.2175 1.0492 0.1993 0.9381 -0.2765 -0.0614 
302 -1.8649 2.2159 1.0497 0.2014 0.9366 -0.2792 -0.0651 
303 -1.8569 2.2132 1.0498 0.202 0.9379 -0.2742 -0.0659 
304 -1.8513 2.2112 1.0507 0.2032 0.9374 -0.275 -0.0661 
305 -1.8454 2.208 1.0509 0.2069 0.9352 -0.2795 -0.0668 
306 -1.8381 2.2044 1.0516 0.2108 0.9341 -0.2794 -0.0699 
307 -1.8322 2.2019 1.052 0.2112 0.9334 -0.2808 -0.0729 
308 -1.8267 2.1999 1.0517 0.2111 0.9344 -0.2769 -0.0751 
309 -1.8182 2.1964 1.0506 0.2173 0.934 -0.2726 -0.0775 
310 -1.8117 2.1933 1.0496 0.2185 0.9334 -0.2736 -0.078 
311 -1.8052 2.1907 1.0487 0.2187 0.9329 -0.2752 -0.0782 
312 -1.7952 2.1866 1.0469 0.2201 0.9327 -0.2748 -0.0784 
313 -1.7876 2.1836 1.0451 0.2217 0.9338 -0.2689 -0.081 
314 -1.7768 2.1787 1.0427 0.2208 0.9339 -0.2693 -0.0814 
315 -1.7591 2.1714 1.0389 0.2251 0.9337 -0.266 -0.0826 
316 -1.7473 2.1657 1.036 0.2251 0.9343 -0.264 -0.0822 
317 -1.7386 2.1612 1.0346 0.2264 0.9339 -0.2634 -0.0844 
318 -1.7301 2.1564 1.0331 0.2304 0.9327 -0.2638 -0.0862 
319 -1.7184 2.1498 1.0312 0.2327 0.9337 -0.2585 -0.0854 
320 -1.7098 2.146 1.0308 0.2343 0.9337 -0.2571 -0.0853 
321 -1.7006 2.1428 1.0308 0.2415 0.9317 -0.2576 -0.0859 
322 -1.6882 2.1393 1.031 0.2512 0.9295 -0.2575 -0.0819 
323 -1.6799 2.1367 1.0305 0.2558 0.9288 -0.2558 -0.0802 
324 -1.6688 2.1323 1.0292 0.2649 0.9271 -0.2515 -0.0842 
325 -1.6603 2.1284 1.0282 0.2689 0.926 -0.251 -0.085 
326 -1.6519 2.1245 1.0274 0.2687 0.9267 -0.249 -0.0842 
327 -1.6403 2.1194 1.0267 0.2702 0.9266 -0.2471 -0.0856 
328 -1.6316 2.1157 1.0268 0.2735 0.9255 -0.2475 -0.0858 
329 -1.6231 2.1115 1.0264 0.276 0.9249 -0.2472 -0.085 
330 -1.6126 2.1063 1.0271 0.2794 0.924 -0.2461 -0.0868 
331 -1.6049 2.1019 1.0276 0.2825 0.923 -0.2468 -0.086 
332 -1.5978 2.0976 1.0284 0.283 0.9223 -0.2485 -0.087 
333 -1.5898 2.0916 1.0298 0.2836 0.9215 -0.2497 -0.0898 
334 -1.5852 2.0879 1.0305 0.2879 0.9203 -0.2481 -0.0929 
335 -1.5802 2.083 1.0315 0.29 0.919 -0.2504 -0.0936 
336 -1.5733 2.0769 1.0328 0.2935 0.9175 -0.2517 -0.093 
337 -1.5678 2.0729 1.034 0.2989 0.9159 -0.2512 -0.0927 
338 -1.5622 2.0687 1.0351 0.3026 0.914 -0.2539 -0.0924 
339 -1.5555 2.0639 1.0362 0.3014 0.9137 -0.2561 -0.0933 
340 -1.5507 2.0603 1.0368 0.3025 0.9139 -0.2532 -0.0957 
341 -1.5459 2.0567 1.0373 0.304 0.9136 -0.251 -0.1 
342 -1.5392 2.0515 1.0391 0.3029 0.9128 -0.2546 -0.1015 
343 -1.5343 2.0477 1.0404 0.3025 0.9118 -0.2575 -0.1036 
344 -1.5292 2.0441 1.041 0.3039 0.9116 -0.2552 -0.1072 
345 -1.5225 2.0401 1.0423 0.3061 0.9116 -0.2509 -0.1115 
346 -1.5171 2.0367 1.0436 0.3091 0.9096 -0.2539 -0.1128 
347 -1.5119 2.033 1.0446 0.314 0.9072 -0.2561 -0.1132 
348 -1.5031 2.0282 1.0447 0.3224 0.9039 -0.2571 -0.1136 
349 -1.4964 2.025 1.0453 0.3259 0.9028 -0.2563 -0.1139 
350 -1.4897 2.0219 1.0455 0.3284 0.9015 -0.257 -0.1156 
351 -1.4792 2.0171 1.0448 0.334 0.9003 -0.2529 -0.118 
352 -1.4711 2.0129 1.045 0.3366 0.8986 -0.2544 -0.1202 
353 -1.4625 2.0087 1.0458 0.3396 0.8967 -0.2571 -0.1204 
354 -1.4496 2.0029 1.0464 0.3484 0.8937 -0.2562 -0.1195 
355 -1.4391 1.9983 1.047 0.3526 0.893 -0.2547 -0.1158 
356 -1.4247 1.9934 1.0484 0.3571 0.8899 -0.258 -0.1186 
357 -1.4141 1.9894 1.0484 0.3596 0.8886 -0.2583 -0.1197 
358 -1.4031 1.9856 1.0484 0.3615 0.8891 -0.2533 -0.1211 
359 -1.388 1.9809 1.0489 0.3641 0.8888 -0.2493 -0.1239 
360 -1.3767 1.9772 1.0503 0.3684 0.8865 -0.2511 -0.1236 
361 -1.3655 1.9735 1.0514 0.3727 0.8851 -0.2509 -0.1217 
362 -1.3516 1.9687 1.0531 0.3792 0.8831 -0.2477 -0.1224 
363 -1.3414 1.9656 1.0534 0.3854 0.8806 -0.2455 -0.1256 
364 -1.3276 1.9597 1.0539 0.3894 0.8789 -0.2467 -0.1231 
365 -1.318 1.955 1.0549 0.39 0.8784 -0.2471 -0.1235 
366 -1.2979 1.9439 1.0558 0.3902 0.878 -0.2459 -0.1281 
367 -1.2902 1.939 1.0569 0.3919 0.8772 -0.2454 -0.1292 
368 -1.2831 1.9335 1.0576 0.3942 0.8751 -0.2503 -0.127 
369 -1.2665 1.9235 1.0595 0.401 0.873 -0.2475 -0.1258 
370 -1.261 1.9191 1.0601 0.402 0.8717 -0.2498 -0.1274 
371 -1.2535 1.9136 1.0609 0.4044 0.8708 -0.2476 -0.1299 
372 -1.2484 1.9092 1.062 0.4054 0.8708 -0.2446 -0.1324 
373 -1.2436 1.9049 1.0627 0.4061 0.8699 -0.2458 -0.134 
374 -1.2379 1.8985 1.0623 0.4089 0.8677 -0.2488 -0.1338 
375 -1.2333 1.8947 1.0621 0.4143 0.8666 -0.2439 -0.1336 
376 -1.2291 1.8906 1.0622 0.4186 0.8641 -0.2438 -0.1364 
377 -1.2234 1.8839 1.0608 0.4223 0.8611 -0.2487 -0.1354 
378 -1.2181 1.8792 1.06 0.4237 0.8604 -0.2486 -0.1358 
379 -1.213 1.8751 1.0591 0.4236 0.8606 -0.2463 -0.1389 
380 -1.2069 1.8695 1.057 0.4221 0.8616 -0.2421 -0.1443 
381 -1.202 1.8645 1.0559 0.4255 0.8603 -0.2401 -0.1453 
382 -1.1974 1.8592 1.055 0.4288 0.8576 -0.2433 -0.1462 
383 -1.1919 1.8521 1.0536 0.4326 0.8562 -0.2405 -0.1484 
384 -1.1872 1.8461 1.0522 0.4375 0.8544 -0.2366 -0.1503 
385 -1.1819 1.8397 1.0513 0.4418 0.8521 -0.2369 -0.1505 
386 -1.175 1.8303 1.0502 0.4432 0.8502 -0.2401 -0.152 
387 -1.1697 1.823 1.0487 0.4448 0.8499 -0.2373 -0.1532 
388 -1.1625 1.8128 1.0468 0.4476 0.849 -0.2342 -0.1551 
389 -1.157 1.8051 1.0462 0.4482 0.8488 -0.235 -0.1532 
390 -1.1514 1.7982 1.0461 0.4516 0.8475 -0.2324 -0.1543 
391 -1.1455 1.791 1.0458 0.4577 0.8443 -0.2309 -0.1558 
392 -1.1368 1.7822 1.0469 0.4662 0.8407 -0.2287 -0.1537 
393 -1.1219 1.7664 1.0487 0.4767 0.8347 -0.2291 -0.1538 
394 -1.1153 1.7593 1.0488 0.4798 0.8336 -0.2255 -0.1551 
395 -1.1068 1.7498 1.0493 0.4799 0.833 -0.2258 -0.1574 
396 -1.1002 1.7422 1.0496 0.4803 0.8328 -0.2257 -0.1575 
397 -1.0934 1.7347 1.0497 0.4834 0.8313 -0.2244 -0.1576 
398 -1.085 1.7249 1.0498 0.4875 0.8292 -0.2232 -0.1582 
399 -1.0786 1.717 1.0502 0.4929 0.8266 -0.2213 -0.1576 
400 -1.0728 1.7096 1.0514 0.494 0.8262 -0.2218 -0.1554 
401 -1.0643 1.7 1.0531 0.4949 0.8244 -0.2261 -0.1558 
402 -1.0578 1.693 1.0535 0.495 0.8242 -0.2251 -0.1579 
403 -1.0518 1.6869 1.0537 0.4931 0.8263 -0.2212 -0.1586 
404 -1.0441 1.6784 1.0551 0.4897 0.827 -0.2245 -0.1606 
405 -1.0386 1.6721 1.0559 0.4895 0.8262 -0.227 -0.1618 
406 -1.0333 1.6664 1.0566 0.4912 0.8257 -0.2247 -0.1624 
407 -1.0266 1.6595 1.0571 0.4923 0.8243 -0.2256 -0.165 
408 -1.0219 1.6548 1.0573 0.4916 0.8244 -0.226 -0.1663 
409 -1.0162 1.6502 1.0574 0.4927 0.8241 -0.2242 -0.1671 
410 -1.009 1.6442 1.0571 0.4924 0.8241 -0.2233 -0.169 
411 -1.0037 1.64 1.057 0.4914 0.8242 -0.2229 -0.1717 
412 -0.9975 1.6359 1.0564 0.4949 0.8218 -0.2219 -0.1743 
413 -0.989 1.6302 1.0557 0.4978 0.8212 -0.2195 -0.1722 
414 -0.9826 1.6261 1.0551 0.4982 0.8207 -0.2188 -0.1741 
415 -0.9762 1.6216 1.0543 0.4985 0.8208 -0.2168 -0.1754 
416 -0.9672 1.6152 1.0529 0.4947 0.8231 -0.215 -0.1776 
417 -0.9609 1.6101 1.0527 0.4906 0.824 -0.2178 -0.1815 
418 -0.954 1.6045 1.0525 0.4897 0.8235 -0.2193 -0.1841 
419 -0.9449 1.5965 1.0524 0.492 0.8237 -0.2144 -0.183 
420 -0.9383 1.5911 1.0528 0.4912 0.8237 -0.2162 -0.1832 
421 -0.9309 1.5852 1.0531 0.4942 0.8203 -0.2209 -0.1848 
422 -0.9194 1.5769 1.0531 0.5028 0.8173 -0.2146 -0.1817 
423 -0.911 1.5712 1.0533 0.5042 0.8164 -0.2147 -0.1821 
424 -0.8987 1.5636 1.0536 0.5055 0.8148 -0.2168 -0.1835 
425 -0.8885 1.5576 1.053 0.5069 0.8149 -0.2146 -0.1818 
426 -0.8779 1.5517 1.0528 0.5073 0.8155 -0.2126 -0.1802 
427 -0.8648 1.544 1.0524 0.5074 0.8152 -0.2111 -0.1831 
428 -0.8544 1.5375 1.0526 0.5096 0.815 -0.2074 -0.1819 
429 -0.8443 1.5306 1.0536 0.5108 0.8139 -0.2099 -0.1802 
430 -0.8305 1.5212 1.0551 0.5139 0.8119 -0.2115 -0.1787 
431 -0.8211 1.5142 1.0549 0.5149 0.8113 -0.2106 -0.1798 
432 -0.7991 1.4976 1.0554 0.5152 0.811 -0.2115 -0.1791 
433 -0.7897 1.4898 1.0553 0.516 0.8103 -0.2115 -0.1801 
434 -0.7782 1.4798 1.0548 0.5154 0.8114 -0.2098 -0.179 
435 -0.7695 1.4722 1.0548 0.5161 0.8107 -0.2113 -0.1783 
436 -0.761 1.4648 1.0539 0.5186 0.8095 -0.2115 -0.1761 
437 -0.7496 1.4549 1.0525 0.52 0.8098 -0.2095 -0.1732 
438 -0.7414 1.4478 1.0513 0.519 0.8106 -0.2097 -0.1722 
439 -0.7331 1.4407 1.05 0.5197 0.8102 -0.2093 -0.1723 
440 -0.7223 1.4315 1.048 0.5184 0.8116 -0.2082 -0.1709 
441 -0.7151 1.425 1.0467 0.5162 0.8133 -0.2069 -0.1712 
442 -0.7086 1.4191 1.0454 0.515 0.8141 -0.2058 -0.1721 
443 -0.7001 1.4105 1.0441 0.517 0.8135 -0.204 -0.1712 
444 -0.6953 1.4049 1.043 0.5159 0.8144 -0.2041 -0.1702 
445 -0.6904 1.3991 1.0423 0.5173 0.8131 -0.2048 -0.1712 
446 -0.684 1.391 1.0403 0.5227 0.8103 -0.2033 -0.1701 
447 -0.6799 1.3853 1.0389 0.5235 0.8102 -0.2022 -0.1693 
448 -0.676 1.3794 1.038 0.5233 0.8101 -0.2011 -0.1714 
449 -0.6708 1.371 1.0367 0.5243 0.8094 -0.2002 -0.1729 
450 -0.6638 1.3584 1.035 0.5222 0.811 -0.1995 -0.1723 
451 -0.6569 1.3427 1.033 0.5286 0.8072 -0.1969 -0.174 
452 -0.654 1.3355 1.0321 0.5301 0.8065 -0.1968 -0.1725 
453 -0.6504 1.3257 1.0305 0.5325 0.8041 -0.1974 -0.1759 
454 -0.6476 1.318 1.0282 0.5337 0.8036 -0.1941 -0.1782 
455 -0.6414 1.2977 1.0251 0.5307 0.8048 -0.1945 -0.1813 
456 -0.6383 1.2885 1.0241 0.5315 0.8055 -0.1912 -0.1795 
457 -0.6357 1.2766 1.0221 0.5307 0.8057 -0.1906 -0.1814 
458 -0.6335 1.2681 1.0215 0.5338 0.8041 -0.1898 -0.1803 
459 -0.6306 1.2591 1.0208 0.5422 0.7994 -0.1881 -0.1778 
460 -0.6265 1.2482 1.0208 0.5512 0.7937 -0.1895 -0.1739 
461 -0.6229 1.2403 1.0208 0.5561 0.7905 -0.188 -0.1746 
462 -0.6184 1.232 1.021 0.5614 0.7873 -0.1873 -0.173 
463 -0.6122 1.2215 1.0205 0.5612 0.7879 -0.1859 -0.1724 
464 -0.6079 1.2138 1.0204 0.5587 0.7906 -0.181 -0.1735 
465 -0.6025 1.2035 1.0202 0.5595 0.7901 -0.1779 -0.1765 
466 -0.599 1.1957 1.0204 0.5636 0.7871 -0.1781 -0.1763 
467 -0.5954 1.1876 1.0208 0.5679 0.7832 -0.1811 -0.1769 
468 -0.5925 1.1796 1.0209 0.5722 0.7802 -0.1804 -0.177 
469 -0.5883 1.1684 1.0209 0.5776 0.7766 -0.1783 -0.1773 
470 -0.585 1.1599 1.0213 0.577 0.7766 -0.1799 -0.1779 
471 -0.5811 1.1492 1.0223 0.5757 0.777 -0.1814 -0.1788 
472 -0.5782 1.1414 1.0226 0.5768 0.7764 -0.1791 -0.1803 
473 -0.5742 1.1316 1.023 0.5774 0.7757 -0.1784 -0.1818 
474 -0.5691 1.1176 1.0238 0.5839 0.7694 -0.1817 -0.1846 
475 -0.5661 1.1108 1.0243 0.5874 0.7676 -0.1805 -0.1821 
476 -0.5621 1.1023 1.0248 0.5876 0.7658 -0.1836 -0.186 
477 -0.5585 1.0962 1.0249 0.5886 0.7645 -0.1847 -0.1869 
478 -0.5547 1.0901 1.0251 0.5882 0.7663 -0.1813 -0.1842 
479 -0.5506 1.0831 1.0252 0.5843 0.7688 -0.1805 -0.1872 
480 -0.5479 1.0778 1.0255 0.5845 0.7682 -0.1797 -0.1893 
481 -0.5456 1.0724 1.0247 0.5878 0.766 -0.1782 -0.1899 
482 -0.5423 1.0656 1.0253 0.5881 0.766 -0.1768 -0.1901 
483 -0.5401 1.0603 1.0253 0.5898 0.7635 -0.1772 -0.1944 
484 -0.537 1.0543 1.0255 0.5919 0.7622 -0.1777 -0.1926 
485 -0.5333 1.0468 1.0256 0.5919 0.7619 -0.1787 -0.1929 
486 -0.5299 1.0409 1.0254 0.5918 0.7613 -0.1774 -0.1969 
487 -0.526 1.0345 1.0258 0.5934 0.7599 -0.1776 -0.1972 
488 -0.5208 1.0247 1.0262 0.5936 0.7588 -0.1832 -0.1958 
489 -0.5172 1.0171 1.026 0.5917 0.7592 -0.1854 -0.1981 
490 -0.5135 1.0097 1.0253 0.5922 0.7583 -0.1829 -0.2022 
491 -0.5083 0.9988 1.0243 0.5926 0.7582 -0.1809 -0.2033 
492 -0.5042 0.9904 1.0243 0.5915 0.7597 -0.1815 -0.1999 
493 -0.4995 0.9786 1.0252 0.5926 0.7552 -0.1871 -0.2086 
494 -0.4949 0.9689 1.0268 0.592 0.7551 -0.1905 -0.2072 
495 -0.4911 0.9599 1.0286 0.5896 0.7558 -0.194 -0.2086 
496 -0.4851 0.948 1.0313 0.5855 0.7548 -0.2009 -0.217 
497 -0.4798 0.9389 1.0327 0.582 0.7563 -0.2026 -0.2196 
498 -0.4744 0.9302 1.0339 0.5772 0.7583 -0.2069 -0.2215 
499 -0.4676 0.9181 1.0345 0.5735 0.7592 -0.2102 -0.2249 
500 -0.4626 0.9088 1.0351 0.5722 0.7598 -0.2096 -0.2266 
501 -0.4553 0.8962 1.0364 0.5694 0.7594 -0.2167 -0.2283 
502 -0.4498 0.8864 1.0369 0.5687 0.7564 -0.2265 -0.2306 
503 -0.4439 0.8767 1.0374 0.5698 0.7546 -0.2299 -0.2303 
504 -0.4366 0.8637 1.0392 0.5647 0.7529 -0.2443 -0.2336 
505 -0.4309 0.8543 1.0402 0.5588 0.7534 -0.252 -0.238 
506 -0.4256 0.8447 1.0412 0.5551 0.7535 -0.2559 -0.2419 
507 -0.4192 0.8333 1.0416 0.5487 0.7535 -0.2664 -0.2454 
508 -0.4145 0.8259 1.0424 0.5472 0.7529 -0.268 -0.2488 
509 -0.4115 0.8192 1.0439 0.5476 0.7483 -0.2742 -0.255 
510 -0.4082 0.8103 1.0455 0.558 0.7387 -0.2772 -0.2572 
511 -0.4066 0.8043 1.046 0.5653 0.7336 -0.2804 -0.2523 
512 -0.4045 0.7988 1.0465 0.5688 0.7293 -0.2833 -0.2536 
513 -0.4014 0.7915 1.0462 0.5733 0.7266 -0.2819 -0.2527 
514 -0.3985 0.7855 1.0451 0.5755 0.7268 -0.2791 -0.2505 
515 -0.3962 0.7797 1.0445 0.5715 0.7291 -0.2803 -0.2514 
516 -0.3937 0.7724 1.0432 0.5677 0.7324 -0.2768 -0.2545 
517 -0.3921 0.7667 1.042 0.572 0.7305 -0.2747 -0.2526 
518 -0.3904 0.7609 1.0408 0.5758 0.7292 -0.2742 -0.248 
519 -0.3885 0.7548 1.0394 0.5782 0.7283 -0.2703 -0.2493 
520 -0.3874 0.7497 1.038 0.5822 0.7263 -0.2675 -0.249 
521 -0.3868 0.7442 1.0361 0.5836 0.7262 -0.2657 -0.2479 
522 -0.3871 0.7379 1.0343 0.5835 0.7275 -0.2607 -0.2498 
523 -0.3875 0.7326 1.0326 0.5865 0.7244 -0.262 -0.2503 
524 -0.3879 0.7274 1.0312 0.5923 0.722 -0.2574 -0.2484 
525 -0.3886 0.7202 1.0293 0.5963 0.7216 -0.2526 -0.2448 
526 -0.3897 0.7148 1.0265 0.5973 0.7204 -0.25 -0.2485 
527 -0.391 0.7088 1.0242 0.5983 0.72 -0.2479 -0.2492 
528 -0.3926 0.6998 1.0217 0.5977 0.72 -0.2479 -0.251 
529 -0.395 0.6933 1.0196 0.5984 0.7192 -0.2466 -0.2528 
530 -0.3978 0.6831 1.0172 0.6014 0.7169 -0.2451 -0.2538 
531 -0.3998 0.6753 1.0162 0.6039 0.7149 -0.2441 -0.2542 
532 -0.4007 0.6671 1.0157 0.6069 0.7134 -0.2416 -0.2536 
533 -0.4013 0.6559 1.0156 0.6102 0.7102 -0.244 -0.2524 
534 -0.4016 0.6477 1.0146 0.6161 0.7055 -0.243 -0.2523 
535 -0.4012 0.6398 1.0135 0.6201 0.7033 -0.2406 -0.2507 
536 -0.4013 0.6289 1.0128 0.6256 0.7001 -0.2388 -0.248 
537 -0.4015 0.6214 1.012 0.6296 0.6966 -0.2366 -0.2499 
538 -0.4011 0.613 1.0116 0.6327 0.6956 -0.2336 -0.2475 
539 -0.4011 0.6029 1.0115 0.6345 0.6946 -0.2326 -0.2467 
540 -0.401 0.5957 1.0109 0.6386 0.691 -0.2297 -0.2487 
541 -0.4007 0.585 1.0094 0.6441 0.6883 -0.2259 -0.2458 
542 -0.4007 0.5777 1.0087 0.6424 0.6891 -0.2263 -0.2473 
543 -0.4011 0.5705 1.0086 0.6436 0.6889 -0.2234 -0.2476 
544 -0.402 0.5612 1.0089 0.6488 0.6866 -0.2178 -0.2455 
545 -0.4029 0.5546 1.0092 0.6495 0.6846 -0.2203 -0.2469 
546 -0.4035 0.5484 1.0095 0.652 0.6826 -0.218 -0.248 
547 -0.4044 0.5421 1.0087 0.6558 0.6809 -0.213 -0.2469 
548 -0.4058 0.5342 1.0077 0.6581 0.6795 -0.2115 -0.2459 
549 -0.407 0.5283 1.0078 0.6597 0.6781 -0.21 -0.2467 
550 -0.4079 0.5201 1.0077 0.6615 0.6769 -0.2082 -0.2468 
551 -0.4081 0.5084 1.0074 0.6615 0.677 -0.2077 -0.2469 
552 -0.4078 0.5014 1.0063 0.6637 0.6754 -0.206 -0.2467 
553 -0.4075 0.4938 1.0054 0.6671 0.6735 -0.2029 -0.2456 
554 -0.4076 0.488 1.0053 0.667 0.6732 -0.2026 -0.2467 
555 -0.4078 0.4825 1.0047 0.6686 0.6723 -0.2008 -0.2465 
556 -0.4079 0.4759 1.0034 0.6696 0.673 -0.1955 -0.246 
557 -0.4082 0.4706 1.0031 0.6696 0.6715 -0.1976 -0.2483 
558 -0.4084 0.4653 1.0026 0.6699 0.6702 -0.1996 -0.2496 
559 -0.4078 0.4583 1.0019 0.6739 0.6687 -0.1924 -0.2482 
560 -0.407 0.4531 1.0014 0.6751 0.6676 -0.1913 -0.2489 
561 -0.4058 0.4478 1.0006 0.677 0.6653 -0.1911 -0.2499 
562 -0.404 0.4395 0.9997 0.6814 0.6635 -0.1874 -0.2456 
563 -0.4024 0.4336 0.9991 0.6816 0.6629 -0.188 -0.246 
564 -0.4008 0.4258 0.9979 0.6811 0.6632 -0.1857 -0.2487 
565 -0.3998 0.4196 0.9969 0.6834 0.6622 -0.1827 -0.2473 
566 -0.3985 0.4132 0.9971 0.6855 0.6608 -0.1813 -0.246 
567 -0.3966 0.4042 0.9969 0.6867 0.6586 -0.1823 -0.2477 
568 -0.395 0.3976 0.9969 0.6896 0.6567 -0.1778 -0.2483 
569 -0.393 0.3879 0.9975 0.6937 0.6529 -0.1776 -0.2467 
570 -0.391 0.3799 0.9986 0.6966 0.6487 -0.1785 -0.2491 
571 -0.389 0.3717 0.9995 0.7009 0.6445 -0.1783 -0.2481 
572 -0.386 0.3609 1.0003 0.7039 0.6415 -0.1783 -0.2474 
573 -0.3833 0.3519 1.0009 0.7055 0.6402 -0.1761 -0.2479 
574 -0.3806 0.3425 1.0013 0.7074 0.6394 -0.1723 -0.2471 
575 -0.3765 0.3292 1.0029 0.7098 0.6367 -0.1735 -0.2463 
576 -0.3735 0.3196 1.0039 0.711 0.6349 -0.1749 -0.2463 
577 -0.3712 0.3094 1.0046 0.7118 0.6351 -0.1718 -0.2459 
578 -0.368 0.2956 1.005 0.713 0.6346 -0.1695 -0.2452 
579 -0.3657 0.2851 1.0063 0.714 0.633 -0.1728 -0.2443 
580 -0.364 0.2742 1.0068 0.7159 0.6302 -0.1755 -0.2441 
581 -0.3618 0.2609 1.0062 0.7168 0.6305 -0.1719 -0.2432 
582 -0.3605 0.2508 1.006 0.7171 0.6302 -0.1724 -0.2429 
583 -0.3589 0.2409 1.0056 0.7187 0.6284 -0.1732 -0.242 
584 -0.3574 0.2279 1.005 0.7205 0.6264 -0.1741 -0.2412 
585 -0.3558 0.2183 1.0044 0.7204 0.6271 -0.1732 -0.2403 
586 -0.3541 0.2092 1.0033 0.721 0.6257 -0.1749 -0.2408 
587 -0.3522 0.2004 1.0021 0.724 0.624 -0.1737 -0.2374 
588 -0.35 0.189 1.0007 0.7277 0.6193 -0.1744 -0.2377 
589 -0.3477 0.1804 1.0003 0.7318 0.6153 -0.1737 -0.2362 
590 -0.3454 0.1714 1.0 0.735 0.6128 -0.1729 -0.2331 
591 -0.3426 0.16 0.9999 0.7376 0.6082 -0.1765 -0.2343 
592 -0.3399 0.1513 0.9993 0.7413 0.6051 -0.1761 -0.2312 
593 -0.3376 0.1399 0.9982 0.7468 0.6008 -0.1723 -0.2273 
594 -0.3357 0.1306 0.9977 0.7502 0.5961 -0.175 -0.2264 
595 -0.3342 0.1214 0.9971 0.7526 0.5932 -0.1777 -0.224 
596 -0.3331 0.1126 0.9966 0.7531 0.5939 -0.1762 -0.2216 
597 -0.3322 0.1026 0.9954 0.7526 0.5946 -0.1724 -0.2243 
598 -0.332 0.0948 0.9944 0.754 0.5938 -0.1692 -0.2242 
599 -0.3325 0.0842 0.9946 0.7574 0.5907 -0.1694 -0.2208 
600 -0.3336 0.0772 0.9956 0.7592 0.587 -0.1713 -0.2228 
601 -0.3349 0.07 0.9963 0.7598 0.5847 -0.171 -0.2271 
602 -0.3363 0.0602 0.9966 0.7588 0.5874 -0.1665 -0.2269 
603 -0.337 0.0534 0.9975 0.756 0.5907 -0.1656 -0.2283 
604 -0.338 0.0467 0.9988 0.7544 0.5922 -0.1641 -0.2308 
605 -0.3401 0.0381 1.0007 0.7547 0.5913 -0.1637 -0.2324 
606 -0.3416 0.0323 1.0029 0.7559 0.5888 -0.1654 -0.2336 
607 -0.3435 0.0227 1.0054 0.7595 0.5817 -0.17 -0.2365 
608 -0.3453 0.0166 1.0065 0.7618 0.5783 -0.17 -0.2374 
609 -0.3472 0.0092 1.0073 0.7657 0.5739 -0.1692 -0.2362 
610 -0.3495 -0.0012 1.0087 0.7664 0.5711 -0.1708 -0.2394 
611 -0.351 -0.0091 1.0095 0.7631 0.5732 -0.1716 -0.2441 
612 -0.3525 -0.0207 1.0099 0.761 0.5775 -0.1689 -0.2424 
613 -0.354 -0.0293 1.0099 0.7581 0.5812 -0.1664 -0.2444 
614 -0.3556 -0.0376 1.0099 0.7541 0.5843 -0.1653 -0.2503 
615 -0.357 -0.0461 1.0104 0.7538 0.5852 -0.1615 -0.2515 
616 -0.3586 -0.0577 1.0117 0.7537 0.5844 -0.1617 -0.2536 
617 -0.3594 -0.065 1.0132 0.7525 0.5847 -0.1615 -0.2564 
618 -0.3598 -0.0726 1.0145 0.7563 0.5802 -0.1574 -0.258 
619 -0.3606 -0.0827 1.0165 0.7626 0.5718 -0.1556 -0.2593 
620 -0.3617 -0.09 1.0178 0.7642 0.5687 -0.1571 -0.2605 
621 -0.3641 -0.0995 1.0191 0.7674 0.5658 -0.1521 -0.2604 
622 -0.3661 -0.1071 1.0205 0.7698 0.5629 -0.1507 -0.2606 
623 -0.3676 -0.1142 1.0221 0.7718 0.5574 -0.1562 -0.263 
624 -0.3691 -0.1222 1.0228 0.7759 0.5519 -0.157 -0.2623 
625 -0.3716 -0.1321 1.0226 0.7767 0.5525 -0.1549 -0.2596 
626 -0.3729 -0.1385 1.0223 0.7758 0.5539 -0.1539 -0.2602 
627 -0.3745 -0.1475 1.0213 0.7799 0.5492 -0.1511 -0.2594 
628 -0.3754 -0.1538 1.0214 0.7817 0.5462 -0.1531 -0.2593 
629 -0.3759 -0.1588 1.0218 0.7816 0.544 -0.1573 -0.2617 
630 -0.3761 -0.1664 1.021 0.7854 0.5408 -0.1536 -0.2592 
631 -0.3758 -0.1711 1.0206 0.7871 0.539 -0.1518 -0.2587 
632 -0.3752 -0.1767 1.0207 0.7878 0.5364 -0.1546 -0.2601 
633 -0.3753 -0.1804 1.02 0.7901 0.5328 -0.1536 -0.2613 
634 -0.376 -0.1844 1.0186 0.7924 0.5314 -0.1498 -0.2592 
635 -0.3758 -0.1898 1.0182 0.7925 0.5327 -0.1477 -0.2576 
636 -0.3761 -0.1943 1.0194 0.7908 0.5319 -0.1508 -0.2626 
637 -0.3756 -0.1989 1.0194 0.7903 0.5332 -0.1497 -0.2621 
638 -0.3751 -0.2046 1.0187 0.7902 0.5356 -0.1439 -0.2609 
639 -0.3751 -0.209 1.0184 0.7906 0.5346 -0.1423 -0.2625 
640 -0.3751 -0.2142 1.0193 0.792 0.5326 -0.1432 -0.2616 
641 -0.3759 -0.2212 1.021 0.7922 0.5318 -0.1458 -0.2614 
642 -0.3767 -0.2268 1.0223 0.7926 0.5292 -0.1467 -0.265 
643 -0.3774 -0.2347 1.0237 0.7938 0.5274 -0.1467 -0.2651 
644 -0.3781 -0.2414 1.0245 0.7942 0.5269 -0.146 -0.2652 
645 -0.3796 -0.2459 1.0248 0.7932 0.5267 -0.1492 -0.267 
646 -0.3806 -0.2582 1.0272 0.7968 0.5223 -0.1459 -0.2667 
647 -0.3837 -0.2749 1.0301 0.7974 0.518 -0.1518 -0.2698 
648 -0.3848 -0.2838 1.0309 0.7984 0.5166 -0.1517 -0.2694 
649 -0.3858 -0.293 1.0314 0.8009 0.5137 -0.1511 -0.268 
650 -0.3865 -0.3062 1.0327 0.802 0.5112 -0.1544 -0.2677 
651 -0.3865 -0.3297 1.0352 0.8044 0.5054 -0.1568 -0.2701 
652 -0.3866 -0.3496 1.0364 0.8014 0.5102 -0.1549 -0.2711 
653 -0.3867 -0.3591 1.0372 0.8013 0.5108 -0.1534 -0.2711 
654 -0.3882 -0.3717 1.0383 0.8045 0.5052 -0.1532 -0.2723 
655 -0.3891 -0.3849 1.04 0.806 0.5022 -0.1556 -0.272 
656 -0.3898 -0.4027 1.0408 0.8061 0.5021 -0.1516 -0.2739 
657 -0.3901 -0.412 1.0408 0.8068 0.5017 -0.15 -0.2737 
658 -0.3903 -0.421 1.0409 0.8067 0.5009 -0.1515 -0.2745 
659 -0.3922 -0.4467 1.0396 0.8194 0.4816 -0.1514 -0.2716 
660 -0.3932 -0.4561 1.0381 0.8213 0.4761 -0.155 -0.2734 
661 -0.393 -0.4633 1.0379 0.8238 0.4719 -0.1522 -0.2748 
662 -0.3939 -0.4792 1.0366 0.8242 0.4728 -0.1492 -0.2737 
663 -0.3949 -0.4851 1.036 0.8217 0.4735 -0.1505 -0.279 
664 -0.3962 -0.4915 1.0344 0.8235 0.4697 -0.1493 -0.2809 
665 -0.3971 -0.499 1.0338 0.8271 0.4661 -0.1477 -0.277 
666 -0.3983 -0.504 1.0334 0.828 0.4633 -0.1483 -0.2789 
667 -0.3993 -0.5088 1.0332 0.8305 0.4577 -0.1466 -0.2816 
668 -0.4018 -0.5157 1.0326 0.8343 0.4529 -0.1456 -0.2787 
669 -0.403 -0.5204 1.0328 0.835 0.4519 -0.1447 -0.2785 
670 -0.4065 -0.5266 1.0327 0.8346 0.4503 -0.1467 -0.2813 
671 -0.4089 -0.5306 1.0324 0.836 0.4494 -0.1435 -0.2804 
672 -0.4119 -0.5347 1.0323 0.8374 0.4471 -0.143 -0.2799 
673 -0.4162 -0.5403 1.0329 0.8388 0.4439 -0.1438 -0.2806 
674 -0.4198 -0.544 1.0329 0.8388 0.4432 -0.1424 -0.2824 
675 -0.4233 -0.5481 1.0327 0.8395 0.4422 -0.1399 -0.2832 
676 -0.4281 -0.5548 1.032 0.8397 0.4411 -0.1402 -0.2842 
677 -0.4318 -0.5597 1.0313 0.8382 0.4427 -0.1404 -0.2859 
678 -0.4368 -0.5661 1.0297 0.8383 0.443 -0.1363 -0.2869 
679 -0.4409 -0.5713 1.0287 0.8401 0.4418 -0.1342 -0.2848 
680 -0.4452 -0.5766 1.0276 0.8408 0.4401 -0.1351 -0.2848 
681 -0.4499 -0.582 1.0265 0.841 0.4381 -0.136 -0.2869 
682 -0.4562 -0.5887 1.0251 0.8417 0.4379 -0.1336 -0.2863 
683 -0.4607 -0.5947 1.0238 0.844 0.4355 -0.1312 -0.2843 
684 -0.4666 -0.6025 1.023 0.8442 0.4361 -0.1283 -0.2841 
685 -0.4707 -0.6081 1.0232 0.8431 0.4371 -0.1273 -0.2861 
686 -0.4747 -0.6135 1.0237 0.845 0.4338 -0.1275 -0.2855 
687 -0.4797 -0.6212 1.0241 0.8517 0.4218 -0.1285 -0.2833 
688 -0.4845 -0.627 1.0247 0.8552 0.4137 -0.1275 -0.285 
689 -0.4927 -0.6349 1.0257 0.8611 0.4039 -0.1208 -0.2843 
690 -0.4971 -0.6395 1.0269 0.861 0.4025 -0.1233 -0.2855 
691 -0.5015 -0.6443 1.0282 0.8606 0.4002 -0.1249 -0.2891 
692 -0.5065 -0.6517 1.0289 0.8615 0.3988 -0.1234 -0.2892 
693 -0.5103 -0.657 1.03 0.8614 0.4 -0.1243 -0.2873 
694 -0.5133 -0.6622 1.0317 0.8619 0.3972 -0.1265 -0.2885 
695 -0.5171 -0.6696 1.0342 0.8653 0.3868 -0.1318 -0.2903 
696 -0.5199 -0.6754 1.0358 0.8679 0.3802 -0.1376 -0.2884 
697 -0.5216 -0.6811 1.0376 0.8689 0.3758 -0.1431 -0.2887 
698 -0.5231 -0.688 1.0386 0.8696 0.3742 -0.142 -0.289 
699 -0.5245 -0.6936 1.0393 0.8696 0.3749 -0.14 -0.289 
700 -0.5262 -0.6987 1.0408 0.8667 0.3793 -0.1415 -0.2916 
701 -0.5265 -0.7059 1.0426 0.8609 0.3896 -0.1401 -0.2958 
702 -0.5251 -0.7175 1.0431 0.8568 0.3997 -0.1344 -0.2969 
703 -0.5221 -0.7264 1.0425 0.8577 0.3981 -0.1312 -0.2979 
704 -0.5191 -0.7317 1.0415 0.8579 0.4002 -0.1282 -0.2957 
705 -0.517 -0.7358 1.0408 0.8581 0.3979 -0.1276 -0.2984 
706 -0.5155 -0.7394 1.0396 0.8584 0.3971 -0.1244 -0.3001 
707 -0.5136 -0.7449 1.0377 0.8579 0.4004 -0.1204 -0.2986 
708 -0.5123 -0.7489 1.0359 0.8555 0.4052 -0.1185 -0.2998 
709 -0.5114 -0.7542 1.0317 0.8558 0.408 -0.1127 -0.2974 
710 -0.5115 -0.7586 1.0292 0.8574 0.4069 -0.1102 -0.2953 
711 -0.5121 -0.7628 1.0279 0.8563 0.4056 -0.1137 -0.2989 
712 -0.5142 -0.7685 1.0246 0.8589 0.4005 -0.1136 -0.2982 
713 -0.5159 -0.7732 1.0221 0.8628 0.3964 -0.1103 -0.2938 
714 -0.5188 -0.7778 1.0209 0.8646 0.3922 -0.1104 -0.2942 
715 -0.5236 -0.7845 1.0194 0.8659 0.3858 -0.1161 -0.2965 
716 -0.5282 -0.7888 1.0169 0.8657 0.3855 -0.1168 -0.2971 
717 -0.5317 -0.7928 1.0145 0.8656 0.3883 -0.1128 -0.2954 
718 -0.5364 -0.7987 1.011 0.8647 0.3845 -0.1156 -0.3018 
719 -0.5398 -0.8028 1.0064 0.8686 0.3775 -0.1169 -0.299 
720 -0.5436 -0.8067 1.002 0.8745 0.3715 -0.1115 -0.2913 
721 -0.5492 -0.8122 0.9971 0.8764 0.365 -0.1103 -0.2943 
722 -0.5536 -0.8169 0.9937 0.8769 0.3632 -0.1134 -0.2937 
723 -0.5581 -0.8219 0.9893 0.8757 0.367 -0.1136 -0.2926 
724 -0.5627 -0.8284 0.983 0.8737 0.3742 -0.1059 -0.2921 
725 -0.5658 -0.8336 0.9782 0.8738 0.3785 -0.1008 -0.2883 
726 -0.569 -0.8388 0.9744 0.8743 0.3792 -0.0984 -0.2866 
727 -0.5738 -0.846 0.9714 0.8753 0.3753 -0.0985 -0.2887 
728 -0.5769 -0.8516 0.9696 0.8761 0.375 -0.097 -0.2869 
729 -0.5798 -0.8582 0.968 0.8778 0.3747 -0.0943 -0.2833 
730 -0.5835 -0.8677 0.9674 0.8776 0.3745 -0.0943 -0.2839 
731 -0.5863 -0.8761 0.9679 0.8781 0.3715 -0.0962 -0.2858 
732 -0.5894 -0.885 0.9691 0.88 0.3682 -0.0981 -0.2835 
733 -0.5939 -0.8973 0.9711 0.8803 0.3681 -0.0989 -0.2823 
734 -0.5978 -0.907 0.9739 0.8792 0.3676 -0.1038 -0.2849 
735 -0.6022 -0.9177 0.9759 0.8776 0.3689 -0.1059 -0.2872 
736 -0.6084 -0.9313 0.9781 0.8746 0.3778 -0.1019 -0.2864 
737 -0.6238 -0.967 0.9845 0.8768 0.3722 -0.1044 -0.286 
738 -0.6287 -0.9773 0.987 0.8773 0.3693 -0.1066 -0.2875 
739 -0.6357 -0.9911 0.9893 0.8785 0.366 -0.1088 -0.2871 
740 -0.6408 -1.0014 0.9907 0.8795 0.3671 -0.107 -0.2833 
741 -0.6456 -1.01 0.9922 0.8756 0.3733 -0.1093 -0.2864 
742 -0.6509 -1.0213 0.9944 0.8749 0.3727 -0.1107 -0.2889 
743 -0.6545 -1.0291 0.9946 0.877 0.3698 -0.109 -0.2867 
744 -0.6587 -1.0382 0.9953 0.8789 0.3667 -0.1073 -0.2855 
745 -0.662 -1.0446 0.9963 0.8796 0.3642 -0.1073 -0.2866 
746 -0.6658 -1.0505 0.9969 0.8802 0.363 -0.1075 -0.2863 
747 -0.6707 -1.0578 0.9981 0.8785 0.3674 -0.1058 -0.2864 
748 -0.674 -1.0625 0.9985 0.8752 0.3719 -0.1058 -0.2908 
749 -0.6773 -1.0669 0.9987 0.8749 0.3734 -0.103 -0.2907 
750 -0.6819 -1.0719 0.9988 0.8751 0.3729 -0.1002 -0.2917 
751 -0.6854 -1.0749 0.9997 0.8736 0.3736 -0.1007 -0.2951 
752 -0.689 -1.0776 1.0005 0.8739 0.3715 -0.101 -0.2967 
753 -0.6942 -1.081 1.0008 0.8771 0.365 -0.0988 -0.2961 
754 -0.6982 -1.0838 1.0006 0.8776 0.3623 -0.1005 -0.2974 
755 -0.7024 -1.0863 1.0005 0.8761 0.3636 -0.102 -0.2999 
756 -0.7083 -1.0888 0.9992 0.8757 0.365 -0.0974 -0.3008 
757 -0.7136 -1.0908 0.9987 0.8763 0.3647 -0.0931 -0.3007 
758 -0.7193 -1.093 0.9991 0.873 0.3674 -0.0956 -0.3064 
759 -0.7262 -1.095 1.0002 0.8705 0.3692 -0.0989 -0.31 
760 -0.7309 -1.0967 1.0006 0.8722 0.3681 -0.0949 -0.3078 
761 -0.7358 -1.0995 1.0017 0.873 0.3641 -0.0934 -0.3107 
762 -0.7406 -1.1026 1.0047 0.8716 0.3583 -0.1016 -0.3188 
763 -0.7446 -1.1053 1.0055 0.8735 0.352 -0.1033 -0.3201 
764 -0.7536 -1.1126 1.0103 0.8706 0.351 -0.1037 -0.3287 
765 -0.7578 -1.1168 1.0136 0.8656 0.3511 -0.1148 -0.3381 
766 -0.7639 -1.1226 1.0155 0.8657 0.3519 -0.1134 -0.3374 
767 -0.7678 -1.1262 1.0167 0.862 0.3561 -0.1103 -0.3434 
768 -0.7711 -1.1301 1.0178 0.8573 0.36 -0.1124 -0.3504 
769 -0.7752 -1.1351 1.0182 0.8578 0.3606 -0.1137 -0.3483 
770 -0.78 -1.1419 1.0189 0.8578 0.36 -0.1157 -0.348 
771 -0.7837 -1.1467 1.02 0.8559 0.3575 -0.1198 -0.354 
772 -0.7924 -1.1582 1.0208 0.8569 0.348 -0.1295 -0.3576 
773 -0.7961 -1.1626 1.0208 0.8581 0.3439 -0.1287 -0.3588 
774 -0.8011 -1.1682 1.022 0.8586 0.3372 -0.1325 -0.3627 
775 -0.805 -1.1732 1.0224 0.8591 0.3346 -0.1355 -0.3627 
776 -0.8078 -1.1778 1.0218 0.8576 0.3388 -0.132 -0.3637 
777 -0.8126 -1.1832 1.022 0.8543 0.3397 -0.1297 -0.3716 
778 -0.8164 -1.1874 1.0221 0.8538 0.34 -0.1314 -0.3717 
779 -0.8212 -1.1933 1.0215 0.8554 0.3379 -0.1311 -0.3701 
780 -0.8243 -1.1971 1.0216 0.8561 0.3343 -0.1309 -0.3718 
781 -0.827 -1.2015 1.0209 0.8574 0.3314 -0.1328 -0.3706 
782 -0.8303 -1.2076 1.0195 0.8618 0.3264 -0.1314 -0.3654 
783 -0.8321 -1.212 1.0193 0.861 0.3261 -0.1296 -0.368 
784 -0.8342 -1.2165 1.0186 0.8604 0.3273 -0.1296 -0.3684 
785 -0.8369 -1.2211 1.0175 0.8608 0.3303 -0.127 -0.3659 
786 -0.8405 -1.2268 1.0164 0.8589 0.3369 -0.1231 -0.3656 
787 -0.8429 -1.231 1.0156 0.8578 0.3406 -0.1211 -0.3654 
788 -0.8461 -1.2376 1.0143 0.8609 0.3384 -0.1183 -0.3609 
789 -0.8485 -1.2422 1.014 0.8612 0.3375 -0.1194 -0.3607 
790 -0.8505 -1.2472 1.0138 0.8619 0.336 -0.1177 -0.3611 
791 -0.854 -1.2547 1.0129 0.8638 0.3354 -0.1147 -0.358 
792 -0.8566 -1.2613 1.0127 0.8642 0.3377 -0.1148 -0.3548 
793 -0.8588 -1.2677 1.0128 0.8622 0.3404 -0.1153 -0.3571 
794 -0.8621 -1.2762 1.0122 0.8632 0.3406 -0.1112 -0.3558 
795 -0.8647 -1.2834 1.0122 0.8636 0.3415 -0.1118 -0.3538 
796 -0.8673 -1.2901 1.0127 0.8618 0.3409 -0.1137 -0.3579 
797 -0.8701 -1.3006 1.0133 0.8642 0.339 -0.1106 -0.3549 
798 -0.8746 -1.3182 1.014 0.8634 0.3428 -0.1105 -0.3533 
799 -0.8769 -1.3308 1.0152 0.8619 0.3467 -0.1053 -0.3548 
800 -0.879 -1.3402 1.0166 0.8632 0.3442 -0.1035 -0.3546 
801 -0.8809 -1.3501 1.0183 0.8628 0.3429 -0.1067 -0.3557 
802 -0.8836 -1.3618 1.0195 0.8627 0.342 -0.1068 -0.3569 
803 -0.886 -1.3705 1.0198 0.8663 0.3389 -0.1003 -0.353 
804 -0.8891 -1.3793 1.0208 0.8683 0.3349 -0.101 -0.3516 
805 -0.8937 -1.3915 1.0228 0.868 0.3319 -0.1068 -0.3535 
806 -0.8972 -1.4007 1.0236 0.8682 0.3306 -0.1054 -0.3547 
807 -0.9011 -1.4137 1.0243 0.8676 0.3326 -0.1058 -0.3541 
808 -0.9043 -1.4237 1.0245 0.868 0.333 -0.1063 -0.3528 
809 -0.9073 -1.4337 1.0244 0.8682 0.3334 -0.1054 -0.3521 
810 -0.9113 -1.4472 1.0243 0.8678 0.3378 -0.1039 -0.3493 
811 -0.9142 -1.4567 1.0248 0.8677 0.3414 -0.1028 -0.3464 
812 -0.9171 -1.4664 1.0249 0.8679 0.3413 -0.1019 -0.3463 
813 -0.921 -1.4793 1.025 0.87 0.3382 -0.1018 -0.3441 
814 -0.9238 -1.4879 1.0261 0.8704 0.3357 -0.1025 -0.3452 
815 -0.9277 -1.5001 1.0264 0.8715 0.334 -0.1014 -0.3446 
816 -0.9307 -1.5086 1.0267 0.8719 0.3343 -0.1008 -0.3433 
817 -0.9337 -1.5171 1.027 0.8706 0.3363 -0.1015 -0.3444 
818 -0.9372 -1.528 1.0279 0.8703 0.3388 -0.0996 -0.3435 
819 -0.9402 -1.5356 1.0281 0.8713 0.3355 -0.0983 -0.3444 
820 -0.943 -1.5443 1.029 0.8722 0.333 -0.1015 -0.3436 
821 -0.9464 -1.5552 1.0299 0.8712 0.332 -0.1055 -0.3458 
822 -0.949 -1.5628 1.0299 0.8719 0.3321 -0.1038 -0.3445 
823 -0.9517 -1.5705 1.0294 0.8722 0.3336 -0.1028 -0.3427 
824 -0.9555 -1.5799 1.0288 0.8698 0.3384 -0.1043 -0.3435 
825 -0.9584 -1.5875 1.0282 0.8699 0.3392 -0.1035 -0.3427 
826 -0.9614 -1.5947 1.0267 0.8712 0.3393 -0.1017 -0.3397 
827 -0.9644 -1.6033 1.025 0.8702 0.3427 -0.1022 -0.339 
828 -0.9674 -1.6104 1.0228 0.8719 0.339 -0.1028 -0.3381 
829 -0.9703 -1.6166 1.0207 0.8751 0.3356 -0.1019 -0.3335 
830 -0.9748 -1.6253 1.0174 0.8768 0.3344 -0.1028 -0.3298 
831 -0.9782 -1.6313 1.0153 0.8759 0.3363 -0.1002 -0.3312 
832 -0.9817 -1.6369 1.0129 0.876 0.3367 -0.0979 -0.3311 
833 -0.9852 -1.6422 1.0102 0.8775 0.3385 -0.0943 -0.3265 
834 -0.99 -1.6493 1.0083 0.877 0.34 -0.0933 -0.3266 
835 -0.9954 -1.6558 1.0064 0.8779 0.3368 -0.0928 -0.3276 
836 -0.9998 -1.6612 1.0047 0.8798 0.3343 -0.0925 -0.325 
837 -1.0037 -1.6665 1.0026 0.8801 0.3342 -0.0922 -0.3245 
838 -1.0081 -1.6723 0.9999 0.8798 0.3353 -0.0904 -0.3245 
839 -1.0139 -1.6801 0.9957 0.8808 0.3357 -0.087 -0.3223 
840 -1.0183 -1.686 0.9929 0.8816 0.3358 -0.0854 -0.3206 
841 -1.0238 -1.693 0.9899 0.8833 0.3333 -0.0875 -0.3178 
842 -1.0301 -1.7015 0.9863 0.885 0.334 -0.0833 -0.3135 
843 -1.0356 -1.709 0.9839 0.887 0.3313 -0.0833 -0.3106 
844 -1.0424 -1.7198 0.9817 0.8888 0.3274 -0.084 -0.3094 
845 -1.0472 -1.7268 0.981 0.8904 0.3241 -0.0827 -0.3086 
846 -1.0603 -1.7431 0.9782 0.8969 0.3139 -0.0784 -0.3015 
847 -1.0667 -1.7505 0.9786 0.8981 0.3087 -0.081 -0.3024 
848 -1.0732 -1.7574 0.9788 0.8991 0.3049 -0.0823 -0.3032 
849 -1.0817 -1.7681 0.9785 0.9003 0.306 -0.0783 -0.2996 
850 -1.0879 -1.7752 0.9784 0.9004 0.3069 -0.0759 -0.2988 
851 -1.0964 -1.7849 0.9783 0.9013 0.3049 -0.0752 -0.2985 
852 -1.103 -1.7919 0.9787 0.9013 0.3036 -0.0748 -0.2997 
853 -1.109 -1.7983 0.9791 0.9013 0.3018 -0.0732 -0.3021 
854 -1.1181 -1.8084 0.9794 0.9035 0.2985 -0.0734 -0.2987 
855 -1.1239 -1.8154 0.98 0.9046 0.294 -0.0739 -0.2997 
856 -1.1296 -1.8224 0.9805 0.9046 0.2923 -0.075 -0.3011 
857 -1.1366 -1.8323 0.9802 0.9056 0.2901 -0.0717 -0.301 
858 -1.142 -1.8397 0.9798 0.9079 0.2894 -0.0668 -0.2959 
859 -1.1471 -1.8472 0.9795 0.9083 0.2893 -0.0658 -0.2949 
860 -1.1542 -1.8566 0.9801 0.9084 0.2889 -0.0649 -0.2951 
861 -1.1594 -1.8632 0.9805 0.9081 0.2898 -0.0631 -0.2956 
862 -1.1645 -1.8695 0.981 0.9075 0.2918 -0.0626 -0.2957 
863 -1.1709 -1.8776 0.982 0.9075 0.2914 -0.0607 -0.2964 
864 -1.1759 -1.8838 0.9827 0.9084 0.2879 -0.0618 -0.2968 
865 -1.1805 -1.889 0.983 0.9077 0.2888 -0.0628 -0.2978 
866 -1.1865 -1.8954 0.9822 0.9065 0.2903 -0.0595 -0.3008 
867 -1.1911 -1.901 0.9817 0.9084 0.2891 -0.055 -0.297 
868 -1.1957 -1.9069 0.9815 0.9074 0.2902 -0.0568 -0.2987 
869 -1.2018 -1.9146 0.9816 0.906 0.2914 -0.0591 -0.3011 
870 -1.2067 -1.9209 0.9814 0.9082 0.2884 -0.056 -0.298 
871 -1.2111 -1.9271 0.9808 0.9092 0.2876 -0.0543 -0.296 
872 -1.2163 -1.935 0.9802 0.9088 0.2874 -0.0544 -0.2977 
873 -1.2204 -1.9411 0.9795 0.9104 0.2825 -0.0531 -0.2976 
874 -1.2249 -1.9473 0.979 0.9129 0.2755 -0.0529 -0.2964 
875 -1.2303 -1.9554 0.9789 0.9133 0.2723 -0.0545 -0.2981 
876 -1.2341 -1.9617 0.9784 0.9139 0.2701 -0.0529 -0.2984 
877 -1.238 -1.9682 0.9781 0.9153 0.2664 -0.0503 -0.2979 
878 -1.2439 -1.9781 0.9778 0.9158 0.2654 -0.0479 -0.2976 
879 -1.2489 -1.985 0.9781 0.9156 0.265 -0.0468 -0.2989 
880 -1.2559 -1.9947 0.9794 0.9174 0.2593 -0.0457 -0.2986 
881 -1.2635 -2.0046 0.981 0.9188 0.254 -0.0463 -0.2985 
882 -1.2747 -2.0194 0.9843 0.9188 0.2477 -0.0482 -0.3034 
883 -1.2797 -2.0268 0.985 0.9207 0.2427 -0.0443 -0.3024 
884 -1.2849 -2.034 0.9853 0.9217 0.2381 -0.0413 -0.3036 
885 -1.2922 -2.0442 0.9876 0.9232 0.2296 -0.0414 -0.3055 
886 -1.2986 -2.0524 0.9897 0.9251 0.2231 -0.0413 -0.3046 
887 -1.3071 -2.0626 0.991 0.9258 0.221 -0.0414 -0.3039 
888 -1.3132 -2.0705 0.9921 0.926 0.2188 -0.0402 -0.305 
889 -1.3195 -2.0789 0.9935 0.9264 0.2152 -0.0419 -0.3063 
890 -1.3279 -2.09 0.9947 0.9275 0.213 -0.0438 -0.3039 
891 -1.3344 -2.0975 0.995 0.928 0.2114 -0.0409 -0.304 
892 -1.3406 -2.1053 0.9962 0.9286 0.21 -0.039 -0.3036 
893 -1.3492 -2.1148 0.9968 0.928 0.2046 -0.0398 -0.3087 
894 -1.3549 -2.1219 0.998 0.9293 0.202 -0.0375 -0.307 
895 -1.3603 -2.1272 0.9988 0.9274 0.199 -0.0324 -0.3152 
896 -1.3668 -2.1346 0.9991 0.9281 0.1952 -0.0274 -0.316 
897 -1.3723 -2.1402 0.9987 0.9304 0.1891 -0.0275 -0.3127 
898 -1.3779 -2.1458 0.9987 0.9312 0.1835 -0.0287 -0.3136 
899 -1.3842 -2.153 0.9982 0.9304 0.1834 -0.0267 -0.3163 
900 -1.3928 -2.1629 0.9967 0.9295 0.1888 -0.021 -0.3161 
901 -1.3986 -2.1688 0.996 0.9285 0.1869 -0.0158 -0.3204 
902 -1.4028 -2.1724 0.9959 0.9276 0.1872 -0.0163 -0.3228 
903 -1.4067 -2.1755 0.995 0.9283 0.1828 -0.0166 -0.3234 
904 -1.4127 -2.1805 0.9935 0.9304 0.1746 -0.0146 -0.3221 
905 -1.4169 -2.1844 0.9926 0.9321 0.1724 -0.0143 -0.3183 
906 -1.421 -2.1873 0.992 0.9323 0.1726 -0.0136 -0.3177 
907 -1.4276 -2.1916 0.9907 0.9332 0.1704 -0.0129 -0.3161 
908 -1.4332 -2.1945 0.99 0.934 0.1682 -0.0114 -0.3149 
909 -1.4383 -2.197 0.9895 0.9345 0.1669 -0.0121 -0.3142 
910 -1.4461 -2.201 0.9887 0.9343 0.1631 -0.0142 -0.3168 
911 -1.4517 -2.2034 0.9868 0.9347 0.1606 -0.0121 -0.317 
912 -1.4572 -2.2058 0.9849 0.9351 0.1597 -0.0098 -0.3163 
913 -1.4655 -2.2101 0.9826 0.9361 0.154 -0.0072 -0.3161 
914 -1.4728 -2.213 0.9813 0.9367 0.1502 -0.0078 -0.3161 
915 -1.4824 -2.2165 0.9788 0.9372 0.1502 -0.0041 -0.3147 
916 -1.4911 -2.2189 0.9779 0.9378 0.1463 -0.0055 -0.3148 
917 -1.4997 -2.2217 0.9774 0.9383 0.1444 -0.0069 -0.3142 
918 -1.5118 -2.2245 0.9773 0.9382 0.1417 -0.0078 -0.3158 
919 -1.5192 -2.2277 0.9769 0.9373 0.1418 -0.0072 -0.3182 
920 -1.5277 -2.2307 0.9771 0.9378 0.1363 -0.0084 -0.3193 
921 -1.5369 -2.2351 0.9765 0.9402 0.1295 -0.0048 -0.3149 
922 -1.5439 -2.238 0.9768 0.9414 0.1208 -0.0041 -0.315 
923 -1.5505 -2.2411 0.977 0.9427 0.1146 -0.0042 -0.3132 
924 -1.5596 -2.245 0.9764 0.9444 0.1063 -0.0021 -0.311 
925 -1.5662 -2.2481 0.9757 0.9449 0.1049 0.0005 -0.3102 
926 -1.5747 -2.2525 0.9749 0.9444 0.1053 0.0022 -0.3115 
927 -1.5812 -2.2562 0.974 0.9455 0.1009 0.0054 -0.3095 
928 -1.5873 -2.2598 0.9727 0.9462 0.097 0.009 -0.3087 
929 -1.5952 -2.2652 0.9718 0.9473 0.0933 0.0115 -0.3062 
930 -1.6016 -2.2692 0.9711 0.949 0.0876 0.0126 -0.3026 
931 -1.6085 -2.2734 0.9704 0.9499 0.0829 0.0143 -0.301 
932 -1.6186 -2.2786 0.9704 0.9501 0.0799 0.0145 -0.3013 
933 -1.6265 -2.2829 0.9703 0.9508 0.0791 0.0133 -0.2992 
934 -1.6346 -2.2874 0.9699 0.9512 0.0787 0.0126 -0.2982 
935 -1.645 -2.2933 0.9699 0.951 0.0813 0.0122 -0.2979 
936 -1.6526 -2.2977 0.9709 0.9505 0.0807 0.0121 -0.2998 
937 -1.6598 -2.3018 0.9715 0.9504 0.0804 0.0114 -0.3001 
938 -1.6691 -2.3069 0.9721 0.9511 0.0807 0.0159 -0.2976 
939 -1.6755 -2.3106 0.9735 0.9502 0.0831 0.0179 -0.2997 
940 -1.6822 -2.3143 0.9756 0.9493 0.0824 0.0185 -0.3027 
941 -1.6917 -2.3184 0.9785 0.9483 0.0811 0.0177 -0.3065 
942 -1.6986 -2.3208 0.9803 0.9477 0.0831 0.0176 -0.3077 
943 -1.7053 -2.3242 0.9821 0.9481 0.0856 0.0189 -0.3057 
944 -1.7143 -2.3274 0.9841 0.9464 0.0824 0.0185 -0.3117 
945 -1.7207 -2.3301 0.9858 0.9458 0.0807 0.0165 -0.3141 
946 -1.7264 -2.3328 0.9869 0.946 0.0788 0.015 -0.3141 
947 -1.733 -2.3361 0.9871 0.946 0.0726 0.0158 -0.3155 
948 -1.7379 -2.3392 0.9873 0.9464 0.0659 0.0172 -0.3157 
949 -1.7429 -2.3419 0.9877 0.9466 0.0584 0.0182 -0.3167 
950 -1.7499 -2.3455 0.9889 0.9469 0.0481 0.0187 -0.3174 
951 -1.7559 -2.3485 0.9899 0.9469 0.0417 0.0198 -0.3183 
952 -1.7639 -2.353 0.992 0.9458 0.0412 0.0218 -0.3215 
953 -1.7706 -2.3568 0.9934 0.9456 0.0404 0.024 -0.3218 
954 -1.7778 -2.361 0.9948 0.9456 0.0396 0.0269 -0.3218 
955 -1.788 -2.3664 0.9971 0.9445 0.0383 0.0281 -0.325 
956 -1.7962 -2.3702 0.9993 0.9444 0.0348 0.0276 -0.3259 
957 -1.808 -2.3759 1.0024 0.9445 0.0247 0.028 -0.3263 
958 -1.8164 -2.38 1.0051 0.9425 0.0188 0.0268 -0.3325 
959 -1.8246 -2.3851 1.0069 0.9423 0.0145 0.027 -0.3335 
960 -1.8348 -2.3917 1.0086 0.9426 0.0134 0.0348 -0.3317 
961 -1.8434 -2.3965 1.01 0.9424 0.0142 0.0402 -0.3317 
962 -1.8526 -2.401 1.0119 0.9426 0.0155 0.0413 -0.3309 
963 -1.866 -2.4065 1.0159 0.9421 0.0135 0.0398 -0.3326 
964 -1.8759 -2.4106 1.0189 0.9409 0.0122 0.039 -0.3362 
965 -1.8849 -2.4144 1.0212 0.9407 0.0111 0.0409 -0.3365 
966 -1.8965 -2.4191 1.0244 0.9401 0.0073 0.0415 -0.3384 
967 -1.9048 -2.4223 1.0263 0.9399 0.0033 0.0431 -0.3387 
968 -1.9131 -2.4254 1.0285 0.94 -0.0033 0.0437 -0.3382 
969 -1.924 -2.4294 1.0314 0.9391 -0.011 0.0394 -0.3412 
970 -1.9316 -2.4325 1.0327 0.9384 -0.0143 0.039 -0.3431 
971 -1.9388 -2.4352 1.0332 0.9385 -0.0174 0.0416 -0.3423 
972 -1.9487 -2.4381 1.0333 0.9384 -0.0216 0.0432 -0.3422 
973 -1.9634 -2.4415 1.0336 0.9376 -0.0264 0.041 -0.3443 
974 -1.9726 -2.4435 1.0332 0.9378 -0.0299 0.0413 -0.3434 
975 -1.9791 -2.445 1.0326 0.9374 -0.0312 0.0428 -0.3442 
976 -1.985 -2.4462 1.0319 0.9375 -0.0346 0.0439 -0.3436 
977 -1.9932 -2.4473 1.0308 0.9374 -0.0449 0.0463 -0.3423 
978 -1.9994 -2.4474 1.0303 0.9359 -0.0516 0.0465 -0.3454 
979 -2.0054 -2.4471 1.0296 0.9351 -0.0552 0.0465 -0.3469 
980 -2.0136 -2.4463 1.0279 0.9357 -0.0604 0.0483 -0.3441 
981 -2.02 -2.4452 1.0267 0.9353 -0.0619 0.0503 -0.3447 
982 -2.0269 -2.4438 1.0257 0.935 -0.0602 0.0504 -0.3459 
983 -2.0367 -2.4417 1.0238 0.9355 -0.0607 0.052 -0.3442 
984 -2.0439 -2.4397 1.0224 0.9355 -0.06 0.054 -0.344 
985 -2.0516 -2.4375 1.0211 0.9363 -0.0593 0.0543 -0.3419 
986 -2.0618 -2.4341 1.0197 0.9359 -0.0627 0.0524 -0.3427 
987 -2.0695 -2.4316 1.0183 0.936 -0.0674 0.0526 -0.3414 
988 -2.0796 -2.4278 1.0165 0.9358 -0.0725 0.054 -0.3407 
989 -2.0871 -2.4244 1.0151 0.9356 -0.0777 0.0543 -0.3401 
990 -2.0944 -2.4211 1.0138 0.9351 -0.0812 0.055 -0.3406 
991 -2.1036 -2.4156 1.012 0.9349 -0.0853 0.0577 -0.3396 
992 -2.1106 -2.4115 1.0109 0.9353 -0.0907 0.0587 -0.3371 
993 -2.1196 -2.4063 1.0106 0.9349 -0.1002 0.0584 -0.3353 
994 -2.1261 -2.4026 1.0106 0.9349 -0.106 0.0593 -0.3336 
995 -2.133 -2.3992 1.0101 0.9344 -0.1147 0.0596 -0.332 
996 -2.1421 -2.3946 1.0106 0.9327 -0.1256 0.0591 -0.3329 
997 -2.1491 -2.3912 1.0108 0.9327 -0.1301 0.059 -0.3313 
998 -2.1559 -2.3874 1.0113 0.9324 -0.1334 0.0591 -0.3306 
999 -2.1652 -2.3826 1.0114 0.9323 -0.1341 0.0602 -0.3305 
1000 -2.1724 -2.3795 1.0113 0.9328 -0.1338 0.0614 -0.3291 
1001 -2.1798 -2.3756 1.0116 0.9329 -0.1342 0.0618 -0.3284 
1002 -2.19 -2.3708 1.0124 0.9325 -0.1348 0.0606 -0.3295 
1003 -2.1982 -2.3669 1.0123 0.9324 -0.1374 0.0619 -0.3285 
1004 -2.2063 -2.3631 1.0131 0.9329 -0.1396 0.0618 -0.3263 
1005 -2.217 -2.3587 1.0138 0.931 -0.14 0.0594 -0.3317 
1006 -2.2248 -2.3556 1.0138 0.9315 -0.1415 0.0588 -0.3299 
1007 -2.2324 -2.3529 1.0136 0.9314 -0.1446 0.0583 -0.329 
1008 -2.243 -2.35 1.0133 0.9311 -0.1481 0.057 -0.3285 
1009 -2.2507 -2.3486 1.0138 0.931 -0.1496 0.0546 -0.3285 
1010 -2.2585 -2.3477 1.0144 0.9302 -0.1497 0.0534 -0.331 
1011 -2.2688 -2.3466 1.0143 0.9304 -0.1477 0.0523 -0.3315 
1012 -2.2762 -2.3459 1.0138 0.9319 -0.1461 0.0524 -0.3278 
1013 -2.2834 -2.345 1.0142 0.9318 -0.1457 0.0527 -0.3282 
1014 -2.293 -2.344 1.0156 0.9304 -0.1451 0.051 -0.3328 
1015 -2.2998 -2.3429 1.0163 0.9303 -0.1446 0.0504 -0.3332 
1016 -2.3063 -2.3419 1.0166 0.9308 -0.1444 0.051 -0.332 
1017 -2.3145 -2.3401 1.0169 0.9302 -0.1452 0.0532 -0.3329 
1018 -2.3213 -2.3389 1.017 0.9312 -0.1449 0.0531 -0.3304 
1019 -2.3277 -2.3372 1.0176 0.931 -0.1435 0.0528 -0.3315 
1020 -2.3363 -2.3343 1.0185 0.9295 -0.1415 0.0556 -0.336 
1021 -2.343 -2.3322 1.0185 0.93 -0.142 0.0572 -0.3341 
1022 -2.3516 -2.3291 1.0184 0.9309 -0.1417 0.0559 -0.3321 
1023 -2.3579 -2.3267 1.0186 0.9295 -0.143 0.0565 -0.3353 
1024 -2.364 -2.3246 1.0183 0.928 -0.1474 0.0596 -0.337 
1025 -2.3725 -2.3223 1.0167 0.9287 -0.1521 0.06 -0.3327 
1026 -2.3788 -2.3203 1.0158 0.9282 -0.1548 0.0609 -0.3328 
1027 -2.3851 -2.3182 1.015 0.9268 -0.1574 0.0633 -0.335 
1028 -2.3944 -2.3157 1.0125 0.9271 -0.1643 0.0658 -0.3304 
1029 -2.4017 -2.3135 1.011 0.9275 -0.1657 0.066 -0.3284 
1030 -2.411 -2.3104 1.0095 0.9272 -0.1653 0.0677 -0.3291 
1031 -2.4185 -2.3078 1.0083 0.9267 -0.1684 0.07 -0.3287 
1032 -2.4261 -2.3056 1.0074 0.9267 -0.1729 0.0703 -0.3262 
1033 -2.4356 -2.3023 1.007 0.926 -0.1753 0.0697 -0.3271 
1034 -2.4423 -2.2996 1.0062 0.9253 -0.1771 0.0728 -0.3274 
1035 -2.4491 -2.2969 1.005 0.9255 -0.1801 0.0777 -0.3241 
1036 -2.4582 -2.2933 1.0044 0.9256 -0.1856 0.0814 -0.3198 
1037 -2.4656 -2.2904 1.0046 0.9239 -0.1885 0.0813 -0.323 
1038 -2.4731 -2.2874 1.0042 0.9236 -0.1899 0.0813 -0.3229 
1039 -2.483 -2.2843 1.0042 0.9248 -0.1914 0.0819 -0.3184 
1040 -2.4899 -2.2818 1.0043 0.9228 -0.194 0.0839 -0.322 
1041 -2.4971 -2.2791 1.0037 0.9221 -0.1969 0.0836 -0.3224 
1042 -2.5066 -2.2759 1.0022 0.9225 -0.2007 0.0842 -0.3188 
1043 -2.5138 -2.2742 1.0009 0.921 -0.2022 0.0876 -0.3212 
1044 -2.521 -2.2728 1.0001 0.9208 -0.2039 0.0875 -0.3207 
1045 -2.5312 -2.271 0.999 0.9211 -0.2059 0.0866 -0.319 
1046 -2.539 -2.2695 0.9982 0.9209 -0.208 0.0872 -0.318 
1047 -2.5472 -2.2682 0.9976 0.9208 -0.2092 0.0845 -0.3182 
1048 -2.5582 -2.2662 0.9965 0.9201 -0.2094 0.081 -0.321 
1049 -2.5654 -2.2649 0.9962 0.9209 -0.2085 0.0807 -0.3192 
1050 -2.5724 -2.2631 0.9952 0.9204 -0.2101 0.0794 -0.32 
1051 -2.5859 -2.2583 0.9919 0.9187 -0.2148 0.0771 -0.3224 
1052 -2.5901 -2.2566 0.9911 0.9176 -0.2174 0.0786 -0.3234 
1053 -2.5957 -2.254 0.9895 0.9159 -0.2243 0.0786 -0.3236 
1054 -2.5994 -2.2519 0.9885 0.9156 -0.2283 0.0765 -0.322 
1055 -2.6031 -2.2494 0.9883 0.9151 -0.2291 0.0764 -0.3227 
1056 -2.6076 -2.2457 0.9885 0.9145 -0.2273 0.0771 -0.3258 
1057 -2.6115 -2.2426 0.988 0.9149 -0.2276 0.0765 -0.3246 
1058 -2.6162 -2.2382 0.9877 0.9148 -0.2253 0.0785 -0.3259 
1059 -2.6192 -2.2345 0.987 0.9138 -0.2254 0.0832 -0.3276 
1060 -2.6227 -2.2306 0.9854 0.9139 -0.2262 0.0844 -0.3263 
1061 -2.6267 -2.2253 0.9834 0.9146 -0.2264 0.0836 -0.3244 
1062 -2.63 -2.2214 0.981 0.9135 -0.2289 0.085 -0.3255 
1063 -2.633 -2.2177 0.9785 0.9135 -0.2306 0.0899 -0.3229 
1064 -2.6374 -2.2117 0.9744 0.914 -0.2269 0.0943 -0.3229 
1065 -2.6411 -2.2075 0.9717 0.915 -0.2218 0.0959 -0.3231 
1066 -2.6459 -2.201 0.9669 0.9164 -0.2215 0.0972 -0.319 
1067 -2.6495 -2.1961 0.9643 0.9161 -0.2227 0.0995 -0.3182 
1068 -2.653 -2.1907 0.9617 0.9156 -0.2231 0.1013 -0.3189 
1069 -2.6578 -2.1832 0.9588 0.9167 -0.2287 0.1004 -0.3118 
1070 -2.6619 -2.1776 0.9579 0.9165 -0.2332 0.0977 -0.31 
1071 -2.666 -2.1722 0.9579 0.9144 -0.236 0.0963 -0.3145 
1072 -2.6702 -2.1638 0.9563 0.9141 -0.2403 0.0999 -0.3111 
1073 -2.6733 -2.1573 0.9556 0.9157 -0.2437 0.1023 -0.3028 
1074 -2.6771 -2.1503 0.9562 0.9147 -0.2475 0.1014 -0.3028 
1075 -2.6819 -2.1404 0.9574 0.9128 -0.2518 0.1006 -0.3055 
1076 -2.6853 -2.1326 0.9584 0.9125 -0.2536 0.1018 -0.3044 
1077 -2.6883 -2.1242 0.9594 0.9119 -0.2548 0.1037 -0.3045 
1078 -2.6921 -2.1132 0.9603 0.9112 -0.2563 0.1076 -0.304 
1079 -2.6956 -2.1056 0.9617 0.912 -0.2576 0.1089 -0.3001 
1080 -2.6992 -2.0979 0.9635 0.9112 -0.2596 0.1089 -0.3007 
1081 -2.7048 -2.0881 0.9667 0.9092 -0.2635 0.1076 -0.304 
1082 -2.7094 -2.0806 0.9687 0.9087 -0.2665 0.1053 -0.3036 
1083 -2.7138 -2.0736 0.9706 0.9093 -0.2675 0.1036 -0.3015 
1084 -2.7197 -2.0646 0.9737 0.9098 -0.2686 0.1027 -0.2992 
1085 -2.7246 -2.058 0.9768 0.9095 -0.2716 0.1003 -0.2982 
1086 -2.729 -2.052 0.9805 0.9088 -0.2727 0.0956 -0.3011 
1087 -2.7346 -2.0441 0.9858 0.908 -0.2742 0.0905 -0.3037 
1088 -2.7373 -2.0381 0.9895 0.9075 -0.2743 0.0903 -0.3052 
1089 -2.7396 -2.0324 0.9932 0.9065 -0.275 0.0911 -0.3072 
1090 -2.7418 -2.0248 0.997 0.9053 -0.2741 0.0916 -0.3114 
1091 -2.7429 -2.0191 0.9995 0.9047 -0.2734 0.0933 -0.3132 
1092 -2.744 -2.0142 1.0014 0.9038 -0.274 0.0961 -0.3144 
1093 -2.746 -2.0083 1.0031 0.9017 -0.2772 0.0993 -0.3166 
1094 -2.7479 -2.0043 1.0039 0.9007 -0.2801 0.1001 -0.3168 
1095 -2.752 -1.9997 1.0042 0.8994 -0.2839 0.0995 -0.3172 
1096 -2.756 -1.9969 1.0036 0.8992 -0.2862 0.1002 -0.3154 
1097 -2.7608 -1.9942 1.0027 0.9 -0.285 0.1006 -0.3141 
1098 -2.768 -1.9908 1.001 0.9012 -0.2818 0.1016 -0.3132 
1099 -2.774 -1.9885 0.9994 0.9028 -0.2801 0.1025 -0.3099 
1100 -2.78 -1.9866 0.9982 0.9041 -0.2784 0.1033 -0.3075 
1101 -2.788 -1.9834 0.9967 0.9042 -0.2759 0.1054 -0.3085 
1102 -2.7941 -1.9807 0.9953 0.9038 -0.2767 0.1074 -0.3083 
1103 -2.8027 -1.9767 0.9938 0.9042 -0.2779 0.1093 -0.3053 
1104 -2.8095 -1.9734 0.9929 0.9029 -0.2794 0.1107 -0.3073 
1105 -2.8165 -1.9699 0.9914 0.9022 -0.2786 0.1116 -0.3099 
1106 -2.8255 -1.9658 0.989 0.9039 -0.2775 0.1115 -0.3059 
1107 -2.8328 -1.9633 0.9877 0.9034 -0.2802 0.1134 -0.3042 
1108 -2.8411 -1.9608 0.9871 0.901 -0.2837 0.1137 -0.3077 
1109 -2.853 -1.9573 0.9863 0.9 -0.2831 0.11 -0.3125 
1110 -2.8619 -1.9549 0.9854 0.9022 -0.2817 0.1103 -0.3074 
1111 -2.8705 -1.952 0.9845 0.9029 -0.2801 0.1151 -0.305 
1112 -2.8833 -1.9476 0.9853 0.9025 -0.2804 0.1189 -0.3046 
1113 -2.8932 -1.9439 0.987 0.9024 -0.2816 0.1157 -0.3049 
1114 -2.9032 -1.9401 0.9894 0.9013 -0.2824 0.1137 -0.3083 
1115 -2.9153 -1.9348 0.9923 0.9002 -0.2856 0.1165 -0.3074 
1116 -2.9244 -1.9305 0.9944 0.8996 -0.2889 0.1188 -0.3052 
1117 -2.9332 -1.9266 0.997 0.8994 -0.29 0.1176 -0.3054 
1118 -2.9454 -1.9214 1.0006 0.8972 -0.2932 0.1179 -0.3086 
1119 -2.9544 -1.9178 1.003 0.8965 -0.2929 0.1193 -0.3103 
1120 -2.9629 -1.9143 1.0049 0.897 -0.2919 0.1205 -0.3093 
1121 -2.9735 -1.91 1.0066 0.8958 -0.2948 0.1222 -0.3094 
1122 -2.9813 -1.9072 1.0076 0.895 -0.2968 0.1224 -0.3096 
1123 -2.9899 -1.9049 1.0087 0.8958 -0.2964 0.1213 -0.3082 
1124 -2.998 -1.9005 1.0096 0.8933 -0.3022 0.1227 -0.3092 
1125 -3.0056 -1.8983 1.0106 0.8925 -0.3056 0.121 -0.3089 
1126 -3.0135 -1.8955 1.0117 0.8926 -0.3065 0.1188 -0.3087 
1127 -3.0208 -1.8906 1.0123 0.8902 -0.3083 0.1219 -0.3123 
1128 -3.0277 -1.8882 1.0123 0.892 -0.3073 0.1208 -0.3085 
1129 -3.0338 -1.8854 1.0125 0.8915 -0.3082 0.1216 -0.309 
1130 -3.0411 -1.8814 1.0129 0.8906 -0.3089 0.1227 -0.3103 
1131 -3.0468 -1.879 1.0129 0.8917 -0.3087 0.1214 -0.3079 
1132 -3.0529 -1.8741 1.0123 0.8908 -0.3107 0.125 -0.3071 
1133 -3.0585 -1.871 1.0121 0.8923 -0.3086 0.1249 -0.3051 
1134 -3.0633 -1.8666 1.0118 0.8922 -0.3083 0.1248 -0.3056 
1135 -3.0695 -1.86 1.0115 0.8923 -0.3095 0.1257 -0.3037 
1136 -3.0743 -1.8545 1.0114 0.8924 -0.3107 0.1244 -0.3028 
1137 -3.079 -1.8485 1.0113 0.8913 -0.312 0.123 -0.3052 
1138 -3.0857 -1.8408 1.0107 0.8921 -0.3088 0.1218 -0.3065 
1139 -3.0907 -1.8344 1.0101 0.8924 -0.3085 0.1216 -0.3059 
1140 -3.0987 -1.8252 1.0099 0.8925 -0.3087 0.1163 -0.3077 
1141 -3.1053 -1.819 1.0104 0.8937 -0.3066 0.1096 -0.3088 
1142 -3.1101 -1.8108 1.0095 0.892 -0.3064 0.1117 -0.313 
1143 -3.118 -1.8004 1.0082 0.8929 -0.3039 0.1127 -0.3126 
1144 -3.123 -1.7905 1.0068 0.89 -0.3066 0.1155 -0.3171 
1145 -3.1289 -1.7814 1.0059 0.8905 -0.3072 0.1128 -0.3162 
1146 -3.1363 -1.7696 1.0046 0.89 -0.3088 0.1108 -0.3168 
1147 -3.1412 -1.7614 1.003 0.8893 -0.311 0.1118 -0.316 
1148 -3.1461 -1.7536 1.0008 0.8904 -0.3106 0.1137 -0.3127 
1149 -3.1524 -1.7427 0.9974 0.8916 -0.309 0.1168 -0.3098 
1150 -3.1575 -1.7345 0.995 0.8922 -0.3076 0.1193 -0.3085 
1151 -3.1631 -1.7261 0.9927 0.8931 -0.3053 0.1209 -0.3075 
1152 -3.1705 -1.7148 0.9899 0.8942 -0.3036 0.1207 -0.306 
1153 -3.176 -1.7058 0.9879 0.8945 -0.3033 0.1222 -0.3048 
1154 -3.1816 -1.6969 0.9859 0.8947 -0.3034 0.125 -0.3032 
1155 -3.1895 -1.684 0.983 0.8942 -0.3051 0.1246 -0.303 
1156 -3.1952 -1.6749 0.9802 0.8943 -0.3071 0.124 -0.3008 
1157 -3.2006 -1.666 0.9768 0.8949 -0.3079 0.1256 -0.2977 
1158 -3.2069 -1.6546 0.9719 0.8958 -0.3091 0.1287 -0.2922 
1159 -3.2117 -1.6452 0.9693 0.894 -0.3136 0.129 -0.2929 
1160 -3.2234 -1.6272 0.9662 0.8939 -0.3058 0.1317 -0.3003 
1161 -3.227 -1.619 0.9649 0.8935 -0.3061 0.1347 -0.2997 
1162 -3.2311 -1.6108 0.9646 0.8924 -0.31 0.1354 -0.2988 
1163 -3.2363 -1.5994 0.9657 0.8895 -0.3161 0.1298 -0.3035 
1164 -3.2403 -1.5908 0.9676 0.8887 -0.3172 0.1251 -0.3065 
1165 -3.2436 -1.5825 0.9694 0.888 -0.3155 0.1244 -0.3106 
1166 -3.2477 -1.5715 0.9713 0.8882 -0.3112 0.1265 -0.3135 
1167 -3.2503 -1.5637 0.9725 0.8897 -0.3056 0.1261 -0.3148 
1168 -3.2587 -1.5399 0.9768 0.8893 -0.3021 0.1254 -0.3198 
1169 -3.2629 -1.5306 0.9782 0.8882 -0.3041 0.1227 -0.3219 
1170 -3.2668 -1.5239 0.9788 0.8874 -0.3062 0.1202 -0.323 
1171 -3.2713 -1.5176 0.9789 0.8876 -0.3067 0.1177 -0.3229 
1172 -3.2776 -1.5095 0.9785 0.8881 -0.3083 0.1136 -0.3214 
1173 -3.2831 -1.5042 0.9784 0.8885 -0.3097 0.1099 -0.3203 
1174 -3.2908 -1.4978 0.9777 0.8882 -0.3113 0.107 -0.3204 
1175 -3.2964 -1.4931 0.9767 0.8886 -0.3129 0.1056 -0.3183 
1176 -3.3021 -1.4885 0.976 0.89 -0.3126 0.1026 -0.3158 
1177 -3.3074 -1.4839 0.9755 0.8904 -0.313 0.1006 -0.3148 
1178 -3.314 -1.4768 0.9738 0.8902 -0.3143 0.0982 -0.3149 
1179 -3.3194 -1.4716 0.9724 0.8914 -0.3145 0.0973 -0.3116 
1180 -3.3266 -1.4644 0.9718 0.8917 -0.3107 0.0993 -0.3139 
1181 -3.3324 -1.4582 0.9719 0.8916 -0.3077 0.1015 -0.3163 
1182 -3.3382 -1.4519 0.9718 0.8934 -0.3037 0.1021 -0.315 
1183 -3.3459 -1.4437 0.9719 0.8947 -0.3011 0.0999 -0.3144 
1184 -3.3512 -1.4386 0.9716 0.8943 -0.3005 0.0983 -0.3165 
1185 -3.3558 -1.4339 0.97 0.8936 -0.3028 0.1003 -0.3159 
1186 -3.361 -1.4278 0.9669 0.8931 -0.3098 0.1032 -0.3096 
1187 -3.3654 -1.4228 0.9655 0.8923 -0.3158 0.1007 -0.3063 
1188 -3.3695 -1.4179 0.9653 0.8896 -0.3179 0.1007 -0.3119 
1189 -3.3779 -1.4073 0.9618 0.8895 -0.3128 0.113 -0.3132 
1190 -3.3809 -1.403 0.96 0.8912 -0.313 0.1159 -0.3072 
1191 -3.3856 -1.3971 0.9592 0.8887 -0.3158 0.1199 -0.31 
1192 -3.3897 -1.3918 0.959 0.8872 -0.3194 0.12 -0.3105 
1193 -3.394 -1.3867 0.9594 0.8869 -0.3203 0.1206 -0.3104 
1194 -3.4006 -1.3801 0.96 0.8868 -0.3198 0.122 -0.3107 
1195 -3.406 -1.3748 0.9606 0.8867 -0.3196 0.1233 -0.3104 
1196 -3.4112 -1.3696 0.9614 0.8866 -0.3201 0.126 -0.3092 
1197 -3.4194 -1.3627 0.9624 0.8851 -0.3253 0.1272 -0.3075 
1198 -3.4259 -1.3577 0.9633 0.884 -0.3294 0.1266 -0.3066 
1199 -3.433 -1.3533 0.9642 0.8841 -0.3317 0.1252 -0.3043 
1200 -3.4424 -1.3472 0.9645 0.883 -0.3353 0.127 -0.303 
1201 -3.4492 -1.3427 0.9639 0.8828 -0.3362 0.129 -0.3016 
1202 -3.4585 -1.3361 0.9633 0.8837 -0.3356 0.1302 -0.2993 
1203 -3.4658 -1.3305 0.9631 0.8833 -0.3381 0.131 -0.2971 
1204 -3.4732 -1.3241 0.9626 0.8819 -0.341 0.1296 -0.2986 
1205 -3.4835 -1.3151 0.9625 0.8826 -0.341 0.124 -0.299 
1206 -3.4909 -1.3076 0.9619 0.8821 -0.3425 0.1211 -0.2999 
1207 -3.4981 -1.2995 0.9608 0.8808 -0.3459 0.1187 -0.3009 
1208 -3.5082 -1.2893 0.9593 0.8811 -0.3475 0.1132 -0.3001 
1209 -3.5154 -1.2823 0.9579 0.8816 -0.3478 0.1115 -0.2989 
1210 -3.5255 -1.2733 0.9556 0.8818 -0.3497 0.1113 -0.2963 
1211 -3.5332 -1.2666 0.9537 0.8824 -0.3477 0.1078 -0.298 
1212 -3.5402 -1.2602 0.9521 0.8843 -0.3433 0.1065 -0.2981 
1213 -3.549 -1.2513 0.9494 0.8862 -0.3399 0.1052 -0.2967 
1214 -3.555 -1.2439 0.9469 0.8864 -0.339 0.1015 -0.2984 
1215 -3.5604 -1.2366 0.944 0.8863 -0.3377 0.099 -0.3009 
1216 -3.5654 -1.2265 0.9393 0.8875 -0.3363 0.0989 -0.2991 
1217 -3.5692 -1.2192 0.9361 0.8868 -0.3376 0.0978 -0.3002 
1218 -3.5729 -1.2121 0.9321 0.8856 -0.3382 0.0988 -0.3024 
1219 -3.5799 -1.1962 0.9255 0.8861 -0.3381 0.0951 -0.3025 
1220 -3.5818 -1.1891 0.9219 0.8868 -0.3377 0.0955 -0.3006 
1221 -3.5834 -1.1801 0.918 0.8883 -0.3363 0.0982 -0.297 
1222 -3.5843 -1.1728 0.9152 0.886 -0.3386 0.098 -0.3013 
1223 -3.5848 -1.1654 0.9125 0.8865 -0.3393 0.098 -0.299 
1224 -3.5847 -1.1556 0.9077 0.8864 -0.3393 0.1016 -0.2982 
1225 -3.5851 -1.148 0.9048 0.8863 -0.3418 0.1033 -0.295 
1226 -3.5869 -1.1272 0.8991 0.8855 -0.3433 0.1041 -0.2953 
1227 -3.5875 -1.1179 0.8962 0.8848 -0.3445 0.1061 -0.2953 
1228 -3.589 -1.1079 0.8932 0.8855 -0.3461 0.106 -0.2913 
1229 -3.5908 -1.0948 0.8901 0.8858 -0.3484 0.1063 -0.2877 
1230 -3.5929 -1.0846 0.8879 0.8845 -0.3515 0.1046 -0.2883 
1231 -3.5946 -1.0721 0.8851 0.8853 -0.3519 0.1039 -0.2859 
1232 -3.5964 -1.0623 0.8829 0.8855 -0.3556 0.1049 -0.2799 
1233 -3.5985 -1.0524 0.8816 0.8837 -0.362 0.1037 -0.2779 
1234 -3.6017 -1.042 0.8811 0.882 -0.3669 0.1002 -0.2784 
1235 -3.6045 -1.0281 0.8813 0.8826 -0.3652 0.0967 -0.2796 
1236 -3.6061 -1.0177 0.8815 0.8828 -0.3644 0.0978 -0.2798 
1237 -3.6088 -1.0039 0.8819 0.8818 -0.3658 0.1007 -0.2802 
1238 -3.6103 -0.994 0.8824 0.8832 -0.3625 0.0988 -0.2809 
1239 -3.6122 -0.9841 0.8828 0.8834 -0.3631 0.0962 -0.2802 
1240 -3.6136 -0.9719 0.8835 0.8814 -0.3675 0.098 -0.2803 
1241 -3.6151 -0.9636 0.8839 0.8803 -0.3725 0.0959 -0.2776 
1242 -3.6157 -0.9551 0.8835 0.8788 -0.3757 0.0954 -0.2783 
1243 -3.6168 -0.945 0.8822 0.8778 -0.3776 0.0982 -0.2778 
1244 -3.6178 -0.9377 0.88 0.8775 -0.3788 0.1014 -0.2761 
1245 -3.6197 -0.9284 0.8771 0.8796 -0.3787 0.1022 -0.2692 
1246 -3.6213 -0.9213 0.8759 0.8792 -0.3793 0.1022 -0.2697 
1247 -3.6233 -0.9145 0.8753 0.8787 -0.3803 0.1019 -0.2701 
1248 -3.626 -0.9051 0.8747 0.8793 -0.3794 0.1012 -0.2694 
1249 -3.6275 -0.8986 0.8749 0.8801 -0.3779 0.1025 -0.2686 
1250 -3.6292 -0.8922 0.8754 0.8793 -0.3795 0.1034 -0.2687 
1251 -3.632 -0.8847 0.8759 0.8802 -0.3792 0.1016 -0.2668 
1252 -3.6334 -0.8787 0.8763 0.8799 -0.3808 0.1006 -0.2658 
1253 -3.6349 -0.8731 0.8769 0.8798 -0.3807 0.102 -0.2658 
1254 -3.6371 -0.8665 0.8771 0.8803 -0.3789 0.105 -0.2657 
1255 -3.6393 -0.8614 0.8777 0.8818 -0.3768 0.104 -0.2639 
1256 -3.6416 -0.8562 0.8779 0.8817 -0.3771 0.1033 -0.2639 
1257 -3.6444 -0.849 0.8787 0.8817 -0.3808 0.0995 -0.2601 
1258 -3.6467 -0.844 0.8784 0.8815 -0.382 0.0973 -0.2601 
1259 -3.6483 -0.8394 0.8777 0.8808 -0.3824 0.0985 -0.2613 
1260 -3.6508 -0.8333 0.8763 0.8807 -0.3832 0.1018 -0.2593 
1261 -3.6529 -0.8289 0.8754 0.8804 -0.3851 0.1014 -0.2576 
1262 -3.6554 -0.825 0.8751 0.8797 -0.3871 0.1006 -0.2573 
1263 -3.6594 -0.8203 0.8745 0.8785 -0.3886 0.1003 -0.2592 
1264 -3.6623 -0.8153 0.8737 0.8782 -0.3899 0.1017 -0.2577 
1265 -3.6674 -0.8082 0.8728 0.8765 -0.3934 0.1035 -0.2576 
1266 -3.6699 -0.8042 0.8726 0.8759 -0.3932 0.1042 -0.2594 
1267 -3.672 -0.8011 0.872 0.8766 -0.3919 0.1077 -0.2576 
1268 -3.6752 -0.7956 0.8712 0.8758 -0.3937 0.1128 -0.2554 
1269 -3.6781 -0.7919 0.8714 0.8761 -0.3945 0.112 -0.2534 
1270 -3.6814 -0.7883 0.8713 0.8736 -0.3986 0.1122 -0.2558 
1271 -3.6855 -0.7838 0.8715 0.8724 -0.4009 0.1152 -0.2547 
1272 -3.6886 -0.7794 0.8716 0.8724 -0.4036 0.117 -0.2498 
1273 -3.6934 -0.7731 0.8723 0.8698 -0.4084 0.1185 -0.2503 
1274 -3.6972 -0.7681 0.8733 0.8686 -0.4098 0.1192 -0.2519 
1275 -3.7012 -0.7621 0.873 0.8684 -0.4097 0.1198 -0.2524 
1276 -3.707 -0.7546 0.872 0.8691 -0.4103 0.1222 -0.248 
1277 -3.7118 -0.7485 0.8719 0.8673 -0.4116 0.1246 -0.2509 
1278 -3.7182 -0.7409 0.8714 0.8668 -0.4113 0.1251 -0.2528 
1279 -3.7232 -0.7357 0.8702 0.8664 -0.4137 0.1268 -0.2492 
1280 -3.7282 -0.7301 0.8696 0.8655 -0.4177 0.1271 -0.2456 
1281 -3.7351 -0.7233 0.869 0.8609 -0.4256 0.1278 -0.2479 
1282 -3.7402 -0.7178 0.8682 0.8584 -0.4324 0.1279 -0.2447 
1283 -3.7451 -0.7123 0.8672 0.8564 -0.4359 0.131 -0.2439 
1284 -3.7516 -0.7049 0.8673 0.8529 -0.4416 0.1361 -0.2431 
1285 -3.7577 -0.6984 0.8664 0.8505 -0.4463 0.1358 -0.2428 
1286 -3.7628 -0.6922 0.8668 0.8506 -0.4462 0.1361 -0.2425 
1287 -3.7696 -0.6837 0.8676 0.8504 -0.4446 0.1399 -0.2443 
1288 -3.7757 -0.6778 0.8681 0.8509 -0.4431 0.1412 -0.2443 
1289 -3.7803 -0.6721 0.8683 0.8503 -0.4415 0.1446 -0.2473 
1290 -3.7866 -0.6654 0.8681 0.851 -0.4416 0.1468 -0.2435 
1291 -3.7912 -0.6602 0.8676 0.849 -0.4454 0.1491 -0.2422 
1292 -3.7959 -0.6548 0.8676 0.8471 -0.4497 0.1489 -0.241 
1293 -3.8015 -0.6474 0.8676 0.8438 -0.4552 0.1474 -0.2429 
1294 -3.806 -0.6429 0.8673 0.844 -0.4571 0.1454 -0.24 
1295 -3.8108 -0.6356 0.8654 0.8426 -0.4588 0.1503 -0.2387 
1296 -3.8145 -0.6304 0.8643 0.8438 -0.4567 0.1512 -0.238 
1297 -3.8181 -0.6255 0.8631 0.8441 -0.456 0.1524 -0.2374 
1298 -3.8215 -0.6204 0.8622 0.8443 -0.4577 0.152 -0.2334 
1299 -3.8252 -0.6119 0.8612 0.8401 -0.4644 0.1542 -0.234 
1300 -3.8276 -0.6052 0.8614 0.8366 -0.4699 0.1539 -0.2359 
1301 -3.8304 -0.5988 0.8623 0.8344 -0.4744 0.151 -0.2364 
1302 -3.833 -0.5895 0.8629 0.8319 -0.4772 0.1503 -0.2402 
1303 -3.833 -0.5895 0.8629 0.8319 -0.4772 0.1503 -0.2402 
1304 -3.8355 -0.5806 0.8638 0.8312 -0.4776 0.1512 -0.241 
1305 -3.8379 -0.5745 0.8644 0.8321 -0.4749 0.1522 -0.2426 
1306 -3.8393 -0.5676 0.8645 0.8316 -0.4735 0.1546 -0.2455 
1307 -3.841 -0.5592 0.8644 0.8312 -0.4724 0.158 -0.2469 
1308 -3.8428 -0.5537 0.8639 0.8295 -0.4771 0.1574 -0.244 
1309 -3.8437 -0.5477 0.8628 0.8269 -0.4825 0.1557 -0.2431 
1310 -3.8457 -0.5399 0.8618 0.8246 -0.4877 0.1539 -0.242 
1311 -3.8467 -0.5329 0.8609 0.8214 -0.4922 0.1546 -0.2434 
1312 -3.8493 -0.5241 0.8592 0.8207 -0.4945 0.153 -0.2419 
1313 -3.8513 -0.517 0.8583 0.8222 -0.4926 0.1514 -0.2417 
1314 -3.8536 -0.5105 0.8569 0.8243 -0.4899 0.1512 -0.2402 
1315 -3.8564 -0.5002 0.8545 0.8233 -0.4926 0.1509 -0.2382 
1316 -3.8592 -0.4928 0.8531 0.8247 -0.492 0.1486 -0.2362 
1317 -3.8627 -0.4825 0.8507 0.8244 -0.4905 0.1496 -0.2395 
1318 -3.8654 -0.4743 0.8485 0.8254 -0.491 0.148 -0.2362 
1319 -3.8687 -0.4667 0.8461 0.8279 -0.4906 0.1445 -0.2303 
1320 -3.8716 -0.4556 0.8442 0.825 -0.4963 0.1443 -0.2286 
1321 -3.8738 -0.4471 0.8432 0.8232 -0.4995 0.143 -0.2287 
1322 -3.8762 -0.4382 0.842 0.8227 -0.5023 0.1399 -0.2267 
1323 -3.8797 -0.428 0.8421 0.825 -0.5009 0.1361 -0.2235 
1324 -3.8816 -0.4201 0.8422 0.8255 -0.499 0.137 -0.2253 
1325 -3.8824 -0.4124 0.8419 0.8252 -0.499 0.138 -0.2257 
1326 -3.8849 -0.3964 0.8415 0.8236 -0.5034 0.1371 -0.2221 
1327 -3.8854 -0.3831 0.8413 0.8198 -0.5101 0.1392 -0.2198 
1328 -3.8867 -0.3765 0.8415 0.8191 -0.5132 0.1369 -0.2168 
1329 -3.8877 -0.3594 0.8413 0.8165 -0.5156 0.1418 -0.2178 
1330 -3.889 -0.3521 0.8411 0.8178 -0.5137 0.1411 -0.2176 
1331 -3.893 -0.3358 0.8402 0.8192 -0.5125 0.1421 -0.2147 
1332 -3.895 -0.3299 0.8403 0.8195 -0.5115 0.142 -0.2159 
1333 -3.8977 -0.3221 0.8401 0.8199 -0.5115 0.1428 -0.2137 
1334 -3.8986 -0.3158 0.8397 0.8193 -0.5138 0.143 -0.2105 
1335 -3.9001 -0.3097 0.8407 0.8175 -0.5156 0.1436 -0.2126 
1336 -3.9015 -0.3016 0.8419 0.8173 -0.5157 0.1442 -0.2127 
1337 -3.9021 -0.2953 0.8418 0.8169 -0.5166 0.1471 -0.2103 
1338 -3.9021 -0.2892 0.8431 0.8165 -0.5167 0.1481 -0.2106 
1339 -3.9021 -0.2803 0.8442 0.8123 -0.5207 0.1542 -0.213 
1340 -3.903 -0.2721 0.8455 0.8118 -0.5226 0.1505 -0.2126 
1341 -3.9032 -0.2667 0.8466 0.8128 -0.52 0.1526 -0.2135 
1342 -3.9025 -0.2591 0.8482 0.8123 -0.5194 0.157 -0.2141 
1343 -3.9015 -0.2536 0.8487 0.8106 -0.5208 0.1595 -0.2151 
1344 -3.9002 -0.2484 0.8491 0.8086 -0.5245 0.1612 -0.2122 
1345 -3.8992 -0.2416 0.85 0.8069 -0.5254 0.1648 -0.2139 
1346 -3.8982 -0.2357 0.8502 0.8049 -0.5252 0.1682 -0.2193 
1347 -3.8981 -0.2293 0.8508 0.8076 -0.5211 0.1696 -0.2179 
1348 -3.8982 -0.2259 0.8513 0.8094 -0.5174 0.1719 -0.2181 
1349 -3.8971 -0.2218 0.8512 0.8068 -0.5178 0.1788 -0.2214 
1350 -3.8966 -0.2133 0.8515 0.803 -0.5261 0.1786 -0.2156 
1351 -3.8965 -0.2062 0.8509 0.8007 -0.5276 0.1826 -0.2173 
1352 -3.8961 -0.2021 0.8504 0.8008 -0.5283 0.1848 -0.2134 
1353 -3.8967 -0.1914 0.8511 0.7978 -0.5297 0.1835 -0.2219 
1354 -3.8969 -0.1871 0.8504 0.7985 -0.5311 0.1817 -0.2176 
1355 -3.8968 -0.1816 0.8491 0.798 -0.5335 0.1846 -0.2108 
1356 -3.8969 -0.1774 0.8489 0.7954 -0.5345 0.1873 -0.2158 
1357 -3.8979 -0.1733 0.8484 0.7942 -0.5355 0.1853 -0.2192 
1358 -3.8988 -0.1687 0.8463 0.7974 -0.5342 0.184 -0.2119 
1359 -3.8993 -0.1655 0.8445 0.7969 -0.5359 0.1879 -0.2062 
1360 -3.8996 -0.1623 0.8436 0.7946 -0.5391 0.1898 -0.2048 
1361 -3.9002 -0.1572 0.8434 0.793 -0.542 0.1871 -0.2058 
1362 -3.8991 -0.1523 0.8431 0.792 -0.5417 0.1891 -0.2089 
1363 -3.8989 -0.1458 0.8424 0.7933 -0.5397 0.1929 -0.2052 
1364 -3.8975 -0.134 0.842 0.7911 -0.5388 0.198 -0.2116 
1365 -3.8969 -0.1267 0.842 0.7925 -0.5369 0.1994 -0.2098 
1366 -3.897 -0.1213 0.8419 0.7905 -0.539 0.2006 -0.2105 
1367 -3.8969 -0.1162 0.8416 0.7884 -0.5416 0.2021 -0.2104 
1368 -3.8973 -0.111 0.8414 0.7861 -0.5467 0.2013 -0.2063 
1369 -3.8983 -0.1035 0.8414 0.7847 -0.5487 0.202 -0.2059 
1370 -3.8987 -0.0973 0.8416 0.7853 -0.5473 0.2036 -0.2055 
1371 -3.8995 -0.0909 0.8411 0.7857 -0.5446 0.2085 -0.2066 
1372 -3.9016 -0.0831 0.8417 0.7868 -0.5466 0.2068 -0.1987 
1373 -3.9019 -0.0761 0.8424 0.7858 -0.548 0.2059 -0.1994 
1374 -3.9036 -0.0678 0.8437 0.783 -0.5501 0.2079 -0.2027 
1375 -3.9048 -0.0617 0.8437 0.7818 -0.5521 0.2096 -0.2002 
1376 -3.906 -0.0549 0.8436 0.7817 -0.5537 0.2091 -0.1966 
1377 -3.908 -0.0459 0.8442 0.7805 -0.5545 0.2093 -0.1989 
1378 -3.9102 -0.0387 0.8445 0.7786 -0.5563 0.2101 -0.2002 
1379 -3.9118 -0.032 0.8443 0.7789 -0.5564 0.2104 -0.1984 
1380 -3.9129 -0.0236 0.8434 0.7789 -0.5548 0.2148 -0.1984 
1381 -3.9137 -0.0169 0.8427 0.7771 -0.5564 0.2171 -0.1987 
1382 -3.9161 -0.0084 0.8417 0.7756 -0.5596 0.2176 -0.1948 
1383 -3.9189 -0.0016 0.8414 0.7757 -0.5601 0.2164 -0.1945 
1384 -3.9216 0.0048 0.8409 0.7765 -0.5581 0.217 -0.1963 
1385 -3.9241 0.0127 0.8395 0.7773 -0.5576 0.2187 -0.1928 
1386 -3.9265 0.0186 0.8388 0.7759 -0.5604 0.2183 -0.1904 
1387 -3.9287 0.0244 0.8386 0.7748 -0.5617 0.2171 -0.1924 
1388 -3.932 0.0322 0.8387 0.7747 -0.5645 0.2115 -0.1908 
1389 -3.934 0.0381 0.8388 0.7744 -0.5644 0.2103 -0.1935 
1390 -3.9357 0.0432 0.8386 0.775 -0.5631 0.2111 -0.1942 
1391 -3.9357 0.0501 0.8389 0.7767 -0.5618 0.2113 -0.1908 
1392 -3.9363 0.056 0.8382 0.7753 -0.5623 0.2138 -0.1925 
1393 -3.9371 0.0613 0.8385 0.7734 -0.5671 0.2095 -0.1906 
1394 -3.9366 0.0683 0.8386 0.7725 -0.5669 0.2101 -0.1941 
1395 -3.9369 0.0737 0.8376 0.7721 -0.5678 0.209 -0.1941 
1396 -3.937 0.0791 0.8361 0.7716 -0.5696 0.2093 -0.1907 
1397 -3.9368 0.0858 0.8346 0.7703 -0.5704 0.2115 -0.1912 
1398 -3.9372 0.091 0.8336 0.7689 -0.5712 0.2116 -0.1943 
1399 -3.9379 0.0967 0.8324 0.7701 -0.5709 0.2095 -0.1926 
1400 -3.9374 0.104 0.8305 0.7703 -0.5695 0.2123 -0.1931 
1401 -3.9381 0.1097 0.8289 0.7691 -0.5711 0.2125 -0.1927 
1402 -3.9379 0.1151 0.8272 0.7688 -0.5711 0.2124 -0.1942 
1403 -3.9372 0.1228 0.8246 0.768 -0.5713 0.2147 -0.1941 
1404 -3.9365 0.128 0.823 0.7672 -0.5707 0.2183 -0.1953 
1405 -3.9348 0.1332 0.8221 0.7632 -0.5742 0.2214 -0.197 
1406 -3.9335 0.1409 0.82 0.7557 -0.5846 0.2211 -0.1957 
1407 -3.9317 0.148 0.818 0.7554 -0.586 0.2181 -0.1959 
1408 -3.9297 0.1551 0.8163 0.7597 -0.5808 0.2175 -0.1958 
1409 -3.9266 0.1657 0.8147 0.7643 -0.5732 0.2213 -0.1959 
1410 -3.9248 0.1738 0.814 0.7644 -0.572 0.2234 -0.1966 
1411 -3.9224 0.1849 0.8135 0.7632 -0.5745 0.2203 -0.1975 
1412 -3.9202 0.1933 0.814 0.7615 -0.5778 0.2179 -0.1967 
1413 -3.919 0.2008 0.8148 0.7583 -0.5826 0.2164 -0.1967 
1414 -3.9178 0.2101 0.815 0.7557 -0.5844 0.2172 -0.2006 
1415 -3.9171 0.2171 0.8144 0.7591 -0.581 0.2177 -0.1971 
1416 -3.9161 0.2238 0.8133 0.7612 -0.5792 0.2202 -0.1913 
1417 -3.9159 0.2336 0.8122 0.7595 -0.5811 0.2217 -0.1906 
1418 -3.9155 0.2409 0.8118 0.76 -0.5808 0.2205 -0.1908 
1419 -3.9158 0.2508 0.8103 0.7591 -0.583 0.2188 -0.1898 
1420 -3.9169 0.2581 0.8085 0.7595 -0.5833 0.2193 -0.1869 
1421 -3.9182 0.2651 0.8063 0.7607 -0.583 0.2186 -0.1834 
1422 -3.9197 0.2745 0.8038 0.763 -0.5799 0.2191 -0.1831 
1423 -3.9206 0.2816 0.8018 0.7644 -0.578 0.2202 -0.1823 
1424 -3.922 0.289 0.8 0.7658 -0.5776 0.218 -0.1799 
1425 -3.923 0.2991 0.7975 0.7676 -0.5755 0.2187 -0.178 
1426 -3.9237 0.3069 0.7961 0.7675 -0.576 0.2201 -0.1752 
1427 -3.9253 0.3151 0.7956 0.7684 -0.5762 0.2179 -0.1734 
1428 -3.9263 0.3263 0.7958 0.7685 -0.5765 0.2151 -0.1753 
1429 -3.9265 0.3349 0.7961 0.7675 -0.578 0.2149 -0.1753 
1430 -3.9271 0.3431 0.796 0.7669 -0.58 0.2132 -0.1733 
1431 -3.9267 0.3534 0.7969 0.7687 -0.5784 0.2125 -0.1715 
1432 -3.9269 0.3616 0.7981 0.7669 -0.5804 0.2116 -0.1736 
1433 -3.9261 0.3686 0.7991 0.768 -0.579 0.2106 -0.1749 
1434 -3.9239 0.3842 0.8015 0.767 -0.5815 0.2089 -0.1728 
1435 -3.9226 0.39 0.8026 0.7643 -0.5848 0.209 -0.1734 
1436 -3.921 0.3973 0.8035 0.763 -0.5883 0.2057 -0.1715 
1437 -3.9202 0.4028 0.8039 0.7618 -0.5891 0.2073 -0.1723 
1438 -3.9187 0.4071 0.8043 0.7619 -0.5889 0.2086 -0.1706 
1439 -3.9179 0.413 0.8046 0.7603 -0.5906 0.209 -0.1716 
1440 -3.9176 0.4173 0.8042 0.7599 -0.5919 0.2078 -0.1703 
1441 -3.9177 0.423 0.8031 0.7593 -0.5944 0.2072 -0.1648 
1442 -3.9189 0.4313 0.8009 0.7545 -0.5996 0.2091 -0.1659 
1443 -3.9198 0.4361 0.7998 0.754 -0.6004 0.2083 -0.1658 
1444 -3.9216 0.4433 0.7977 0.7558 -0.5996 0.2049 -0.165 
1445 -3.9233 0.448 0.7965 0.7568 -0.5983 0.2053 -0.1645 
1446 -3.9239 0.4542 0.7952 0.7556 -0.5985 0.209 -0.165 
1447 -3.9251 0.4593 0.7941 0.7547 -0.599 0.2104 -0.1654 
1448 -3.9258 0.4638 0.7931 0.7556 -0.5978 0.2108 -0.1648 
1449 -3.9286 0.4709 0.7917 0.7543 -0.6009 0.2109 -0.1596 
1450 -3.9308 0.4765 0.7908 0.7534 -0.6023 0.2098 -0.1601 
1451 -3.9331 0.4823 0.7897 0.7537 -0.6019 0.2094 -0.1606 
1452 -3.9363 0.4896 0.7882 0.7554 -0.601 0.2102 -0.1547 
1453 -3.939 0.4962 0.7869 0.7543 -0.6034 0.2091 -0.1522 
1454 -3.9429 0.5053 0.7865 0.7521 -0.6073 0.2057 -0.1523 
1455 -3.948 0.5197 0.7853 0.7514 -0.6077 0.2069 -0.1526 
1456 -3.9513 0.5297 0.7843 0.7493 -0.6105 0.2072 -0.1513 
1457 -3.9535 0.5369 0.7838 0.7502 -0.6086 0.2093 -0.1516 
1458 -3.9559 0.5443 0.7836 0.7508 -0.6089 0.2087 -0.1483 
1459 -3.9592 0.5545 0.7829 0.75 -0.6086 0.211 -0.1501 
1460 -3.9613 0.5622 0.7831 0.7505 -0.6083 0.2115 -0.1485 
1461 -3.9636 0.5699 0.7825 0.751 -0.6073 0.2138 -0.147 
1462 -3.9669 0.5803 0.7825 0.7502 -0.6079 0.2139 -0.1477 
1463 -3.9697 0.5882 0.7823 0.7507 -0.6077 0.2142 -0.1461 
1464 -3.9716 0.5957 0.7816 0.7503 -0.6081 0.216 -0.1431 
1465 -3.9745 0.6062 0.781 0.7467 -0.6127 0.2168 -0.1416 
1466 -3.9766 0.614 0.7809 0.7442 -0.6149 0.2184 -0.1427 
1467 -3.9788 0.6223 0.7811 0.7439 -0.6156 0.2181 -0.1415 
1468 -3.9813 0.6329 0.7808 0.743 -0.6165 0.2199 -0.1394 
1469 -3.9835 0.641 0.7806 0.7426 -0.6166 0.222 -0.1379 
1470 -3.9851 0.6491 0.7811 0.7428 -0.6167 0.222 -0.1364 
1471 -3.9871 0.6601 0.7817 0.7417 -0.6166 0.2245 -0.1387 
1472 -3.9885 0.6682 0.782 0.741 -0.6172 0.226 -0.1373 
1473 -3.9896 0.6761 0.7819 0.7401 -0.6182 0.2276 -0.1353 
1474 -3.991 0.6861 0.7822 0.7384 -0.6208 0.2279 -0.1323 
1475 -3.9921 0.694 0.7825 0.7366 -0.6229 0.2279 -0.1319 
1476 -3.9928 0.7015 0.7827 0.7353 -0.6243 0.2284 -0.1319 
1477 -3.9938 0.7114 0.7828 0.7327 -0.627 0.2298 -0.1315 
1478 -3.994 0.7184 0.7831 0.7307 -0.6277 0.2327 -0.134 
1479 -3.9942 0.7252 0.7836 0.7298 -0.6287 0.2331 -0.1334 
1480 -3.9943 0.7337 0.7832 0.7242 -0.634 0.237 -0.1318 
1481 -3.9938 0.7406 0.7829 0.7195 -0.6397 0.2372 -0.13 
1482 -3.993 0.7495 0.783 0.7153 -0.6443 0.237 -0.1308 
1483 -3.9932 0.7566 0.7824 0.7129 -0.6473 0.2365 -0.1296 
1484 -3.993 0.7632 0.7815 0.7124 -0.6482 0.2361 -0.1288 
1485 -3.9933 0.7711 0.7806 0.7115 -0.6485 0.2388 -0.1269 
1486 -3.9935 0.7772 0.7796 0.7086 -0.6516 0.2397 -0.1259 
1487 -3.9938 0.783 0.7787 0.7079 -0.6533 0.2373 -0.1258 
1488 -3.993 0.7905 0.7773 0.7058 -0.654 0.2418 -0.1249 
1489 -3.9923 0.7966 0.7761 0.7032 -0.6562 0.2441 -0.1239 
1490 -3.9927 0.8042 0.7748 0.7025 -0.6586 0.2395 -0.124 
1491 -3.992 0.8099 0.7739 0.7018 -0.6578 0.243 -0.1257 
1492 -3.991 0.8158 0.7732 0.7011 -0.6572 0.2464 -0.1254 
1493 -3.9897 0.8233 0.7717 0.6995 -0.6582 0.2496 -0.1237 
1494 -3.9886 0.829 0.7707 0.698 -0.6602 0.2492 -0.1217 
1495 -3.9867 0.8346 0.7705 0.6954 -0.662 0.2503 -0.1245 
1496 -3.9845 0.8422 0.7696 0.6905 -0.6634 0.2582 -0.1281 
1497 -3.9829 0.8476 0.7682 0.6886 -0.6666 0.2573 -0.1232 
1498 -3.9817 0.853 0.7673 0.6891 -0.6685 0.2522 -0.1209 
1499 -3.9792 0.8606 0.7673 0.686 -0.6711 0.2525 -0.1236 
1500 -3.9778 0.8667 0.7667 0.6829 -0.6745 0.2525 -0.1221 
1501 -3.9759 0.8732 0.7664 0.6817 -0.6769 0.2508 -0.119 
1502 -3.9718 0.883 0.7665 0.6801 -0.678 0.2511 -0.1215 
1503 -3.9689 0.8902 0.7669 -0.6782 0.6797 -0.251 0.1227 
1504 -3.966 0.8977 0.7676 -0.6755 0.6831 -0.2504 0.1202 
1505 -3.9615 0.908 0.7693 -0.6703 0.6881 -0.2505 0.1202 
1506 -3.9588 0.9158 0.7713 -0.6679 0.6908 -0.2484 0.1226 
1507 -3.9562 0.9239 0.7734 -0.6665 0.6922 -0.2469 0.1252 
1508 -3.9524 0.9329 0.7747 -0.6651 0.6932 -0.2477 0.1257 
1509 -3.9492 0.9391 0.7752 -0.6636 0.6955 -0.247 0.122 
1510 -3.9459 0.9445 0.7755 -0.6597 0.7001 -0.2465 0.1182 
1511 -3.942 0.9511 0.7758 -0.655 0.7051 -0.2452 0.1168 
1512 -3.9389 0.9559 0.7752 -0.6512 0.7091 -0.2452 0.1142 
1513 -3.9362 0.9611 0.7742 -0.6491 0.7114 -0.2459 0.1105 
1514 -3.9322 0.9677 0.7726 -0.6471 0.7128 -0.2475 0.1088 
1515 -3.9291 0.9726 0.7715 -0.647 0.7134 -0.2473 0.1063 
1516 -3.9272 0.9781 0.7707 -0.6465 0.7151 -0.2451 0.1026 
1517 -3.9233 0.9848 0.7702 -0.6418 0.7184 -0.248 0.1024 
1518 -3.9197 0.9896 0.7694 -0.6386 0.7212 -0.2486 0.1008 
1519 -3.9159 0.9968 0.7689 -0.6348 0.7249 -0.2491 0.098 
1520 -3.9132 1.0024 0.7687 -0.6324 0.7271 -0.2497 0.0954 
1521 -3.9102 1.0079 0.7685 -0.6311 0.7284 -0.2492 0.0957 
1522 -3.9068 1.0154 0.7681 -0.6304 0.7304 -0.2465 0.0912 
1523 -3.904 1.0208 0.7679 -0.6299 0.7303 -0.2483 0.0908 
1524 -3.8997 1.0264 0.7682 -0.6254 0.7327 -0.251 0.0951 
1525 -3.8964 1.0334 0.7682 -0.6236 0.7336 -0.2521 0.0969 
1526 -3.8936 1.0387 0.7672 -0.6229 0.7346 -0.2516 0.0951 
1527 -3.8898 1.045 0.7668 -0.6215 0.7361 -0.2511 0.0941 
1528 -3.8876 1.0499 0.7668 -0.619 0.7382 -0.2505 0.0956 
1529 -3.8851 1.0551 0.7667 -0.6173 0.7402 -0.249 0.0951 
1530 -3.8814 1.0615 0.7674 -0.6185 0.7409 -0.2433 0.0971 
1531 -3.8781 1.066 0.768 -0.6162 0.7423 -0.2448 0.0968 
1532 -3.8743 1.071 0.7688 -0.6128 0.7439 -0.2482 0.0977 
1533 -3.8695 1.0777 0.7714 -0.6133 0.7448 -0.2439 0.0985 
1534 -3.8657 1.083 0.7733 -0.611 0.7459 -0.2455 0.0998 
1535 -3.8618 1.0882 0.7751 -0.6095 0.7458 -0.2492 0.101 
1536 -3.8576 1.0956 0.7775 -0.6076 0.7482 -0.2467 0.1007 
1537 -3.8542 1.1011 0.7797 -0.6052 0.75 -0.2459 0.1037 
1538 -3.8517 1.1067 0.7822 -0.6041 0.7505 -0.2464 0.1055 
1539 -3.8484 1.1146 0.7843 -0.603 0.7509 -0.2473 0.1065 
1540 -3.8458 1.1203 0.7851 -0.6034 0.7514 -0.2452 0.1055 
1541 -3.8403 1.1339 0.7867 -0.5972 0.7577 -0.2407 0.1062 
1542 -3.8378 1.142 0.7869 -0.5962 0.7588 -0.239 0.1079 
1543 -3.8364 1.1474 0.7864 -0.5962 0.7586 -0.24 0.1073 
1544 -3.8348 1.1532 0.7855 -0.5963 0.7588 -0.2399 0.1052 
1545 -3.8334 1.1608 0.7843 -0.5947 0.7604 -0.2394 0.1042 
1546 -3.8324 1.167 0.7834 -0.5934 0.7622 -0.237 0.1037 
1547 -3.8311 1.1729 0.7825 -0.5911 0.7639 -0.2374 0.1033 
1548 -3.8299 1.1826 0.7812 -0.587 0.7683 -0.235 0.0999 
1549 -3.8289 1.1918 0.7805 -0.5861 0.7693 -0.2335 0.1009 
1550 -3.8277 1.1995 0.7796 -0.5861 0.7697 -0.2325 0.0997 
1551 -3.8266 1.207 0.7796 -0.5853 0.7719 -0.2286 0.097 
1552 -3.8246 1.215 0.7801 -0.5807 0.776 -0.2256 0.0988 
1553 -3.8219 1.226 0.7816 -0.5743 0.7808 -0.2243 0.101 
1554 -3.8183 1.2337 0.7828 -0.5733 0.7825 -0.222 0.0988 
1555 -3.8149 1.2411 0.7835 -0.5717 0.784 -0.2212 0.0975 
1556 -3.8104 1.2504 0.785 -0.5684 0.7865 -0.2206 0.0985 
1557 -3.807 1.2566 0.7861 -0.5659 0.7876 -0.2227 0.0991 
1558 -3.8031 1.2646 0.7872 -0.5628 0.7912 -0.2194 0.0954 
1559 -3.7997 1.27 0.7884 -0.5598 0.7933 -0.2201 0.094 
1560 -3.7968 1.2755 0.7896 -0.5552 0.796 -0.2208 0.0962 
1561 -3.7929 1.2828 0.7908 -0.5531 0.7986 -0.2186 0.092 
1562 -3.7894 1.2882 0.7916 -0.55 0.8011 -0.219 0.0876 
1563 -3.7847 1.2939 0.7927 -0.5437 0.8041 -0.2233 0.0893 
1564 -3.7796 1.3029 0.7952 -0.5384 0.8074 -0.2238 0.09 
1565 -3.7748 1.3098 0.7962 -0.5373 0.808 -0.2237 0.0914 
1566 -3.771 1.3167 0.7977 -0.5367 0.8086 -0.2228 0.0923 
1567 -3.7668 1.3228 0.7996 -0.5347 0.8091 -0.226 0.0916 
1568 -3.762 1.3314 0.802 -0.5303 0.8119 -0.226 0.0927 
1569 -3.7584 1.338 0.8032 -0.5266 0.8148 -0.2229 0.0951 
1570 -3.7542 1.3457 0.8053 -0.526 0.8158 -0.2216 0.0933 
1571 -3.7514 1.3513 0.8061 -0.5242 0.8164 -0.2241 0.0921 
1572 -3.7483 1.3575 0.8065 -0.5209 0.8192 -0.2206 0.095 
1573 -3.745 1.3642 0.8077 -0.521 0.8198 -0.2174 0.096 
1574 -3.7422 1.3694 0.8072 -0.5182 0.8209 -0.2203 0.0948 
1575 -3.7397 1.3739 0.8069 -0.5176 0.8225 -0.2172 0.0916 
1576 -3.7359 1.3798 0.8064 -0.5147 0.8251 -0.2141 0.092 
1577 -3.7322 1.3836 0.8066 -0.514 0.8249 -0.2164 0.0919 
1578 -3.73 1.3874 0.8058 -0.5124 0.8254 -0.2192 0.0906 
1579 -3.7252 1.3922 0.8057 -0.5113 0.8275 -0.2157 0.0853 
1580 -3.7207 1.396 0.8053 -0.5106 0.8281 -0.2147 0.0859 
1581 -3.7166 1.4003 0.805 -0.5084 0.8296 -0.2141 0.0871 
1582 -3.7098 1.4064 0.8043 -0.5068 0.8301 -0.2141 0.091 
1583 -3.7054 1.4102 0.8042 -0.5083 0.8296 -0.212 0.0915 
1584 -3.7016 1.4136 0.8044 -0.5097 0.8291 -0.2114 0.0903 
1585 -3.6963 1.4187 0.8035 -0.5079 0.8295 -0.2135 0.0919 
1586 -3.6923 1.4225 0.803 -0.5092 0.8305 -0.2071 0.0904 
1587 -3.6888 1.4259 0.8027 -0.5094 0.8301 -0.2073 0.0924 
1588 -3.685 1.4296 0.8019 -0.508 0.8295 -0.2129 0.0926 
1589 -3.6817 1.4322 0.8011 -0.5084 0.8293 -0.2139 0.0899 
1590 -3.6791 1.4349 0.8003 -0.507 0.8304 -0.2133 0.0886 
1591 -3.6751 1.4388 0.7992 -0.5056 0.8299 -0.2166 0.0931 
1592 -3.6716 1.442 0.7987 -0.5068 0.8294 -0.2168 0.0913 
1593 -3.6673 1.4467 0.7976 -0.5065 0.8312 -0.2116 0.0881 
1594 -3.6631 1.4502 0.7969 -0.5054 0.8313 -0.2134 0.0893 
1595 -3.6591 1.4539 0.7964 -0.5055 0.8299 -0.217 0.093 
1596 -3.6532 1.4593 0.7957 -0.5063 0.83 -0.2155 0.0915 
1597 -3.6489 1.4634 0.796 -0.5062 0.8307 -0.2143 0.0882 
1598 -3.6421 1.4686 0.7956 -0.5039 0.8302 -0.2198 0.0926 
1599 -3.6366 1.4731 0.7944 -0.5035 0.8308 -0.219 0.0911 
1600 -3.6297 1.4782 0.7935 -0.505 0.8315 -0.2155 0.0847 
1601 -3.624 1.482 0.7932 -0.5025 0.8325 -0.2177 0.0839 
1602 -3.6136 1.4911 0.7945 -0.4977 0.8364 -0.2124 0.0867 
1603 -3.604 1.4981 0.7951 -0.501 0.8339 -0.2142 0.0877 
1604 -3.5986 1.5007 0.7946 -0.5024 0.8332 -0.2162 0.0811 
1605 -3.5948 1.5028 0.7942 -0.501 0.8343 -0.2156 0.0802 
1606 -3.5917 1.504 0.7936 -0.4979 0.8359 -0.2164 0.081 
1607 -3.5877 1.5053 0.7918 -0.498 0.8362 -0.2167 0.0762 
1608 -3.5801 1.5102 0.7894 -0.5004 0.8339 -0.2202 0.0752 
1609 -3.5783 1.5113 0.7884 -0.5019 0.8329 -0.2217 0.0729 
1610 -3.5771 1.5124 0.7875 -0.5004 0.8338 -0.2227 0.0692 
1611 -3.5753 1.5148 0.7868 -0.4972 0.8359 -0.2221 0.0691 
1612 -3.574 1.5166 0.787 -0.4979 0.8354 -0.2206 0.0739 
1613 -3.5733 1.518 0.7869 -0.4997 0.8344 -0.2204 0.0741 
1614 -3.5724 1.5195 0.7867 -0.501 0.833 -0.2234 0.0713 
1615 -3.5715 1.5206 0.7867 -0.5004 0.8333 -0.2239 0.0715 
1616 -3.5704 1.5221 0.7873 -0.4996 0.834 -0.2226 0.0737 
1617 -3.5694 1.5242 0.7884 -0.4971 0.8347 -0.2245 0.0763 
1618 -3.5686 1.5254 0.7892 -0.4989 0.8334 -0.2258 0.0747 
1619 -3.5675 1.5264 0.7898 -0.4993 0.8339 -0.2234 0.0737 
1620 -3.566 1.5273 0.7912 -0.4974 0.8343 -0.2246 0.0777 
1621 -3.565 1.5282 0.7916 -0.4954 0.8351 -0.2258 0.0787 
1622 -3.5635 1.5289 0.7918 -0.496 0.836 -0.222 0.0762 
1623 -3.5626 1.529 0.7919 -0.497 0.8351 -0.2225 0.0778 
1624 -3.5622 1.529 0.7917 -0.4962 0.8352 -0.2238 0.0783 
1625 -3.5622 1.5284 0.7912 -0.4943 0.8367 -0.223 0.077 
1626 -3.5614 1.5273 0.7911 -0.4956 0.8353 -0.2246 0.0788 
1627 -3.5614 1.5262 0.7908 -0.4947 0.8362 -0.2244 0.0756 
