0 -2.980693 1.576812 -0.000382 -1.448601 0.03567 0.015167
1 -1.455485 0.047688 -0.001157 -3.191522 1.63829 0.002424
2 -3.100099 0.54013 -0.008275 -1.915757 1.776173 0.00557
3 -2.477022 0.953605 -0.007456 -3.03856 0.381246 -0.00124
4 -2.106897 -0.495513 -0.01379 -3.753091 1.043723 0.014658
5 -3.297931 0.658561 0.018923 -2.744387 1.209916 0.004017
6 -2.226004 2.077193 0.019507 -2.862133 1.480684 -0.00854
7 -2.927143 1.373577 0.002473 -3.451772 0.784433 0.007246
8 -3.534878 0.976455 0.011684 -3.03384 1.483606 0.016896
9 -3.166712 1.599509 0.017203 -3.70829 1.02898 0.017067
10 -3.236906 1.645278 0.018227 -3.735469 1.069297 0.014508
11 -2.907281 0.55767 0.005336 -2.502784 0.963381 -0.006276
12 -3.179587 1.171896 0.002274 -2.968333 1.404343 0.005466
13 -2.388465 1.884951 0.026852 -2.776029 1.44619 -0.006022
14 -1.923697 1.777816 0.002686 -2.574071 1.179005 -0.012568
15 -3.121314 0.272658 0.014733 -3.398125 -0.049434 0.014928
16 -3.204787 0.363395 -0.010695 -3.747922 -0.248723 0.004668
17 -3.44569 1.196177 0.016025 -3.112085 1.541728 0.011829
18 -2.459459 1.124441 -0.027202 -1.882247 1.687922 -0.005889
19 -2.967272 1.612476 0.003775 -2.36549 2.193195 0.012854
20 -3.448749 0.779506 0.008154 -2.908046 1.34587 0.007204
21 -3.515218 0.873865 0.026777 -2.924342 0.33371 -0.013406
22 -2.95329 0.25108 -0.037865 -2.414759 0.87524 -0.007147
23 -2.337986 0.815136 -0.016544 -2.899742 0.200352 -0.008143
24 -2.253158 0.74338 -0.01279 -2.731132 0.29389 -0.059724
25 -1.989307 0.62597 -0.049315 -1.431346 1.293882 0.000682
26 -2.333471 1.520167 -0.005088 -1.988311 1.817368 0.006538
27 -2.085307 1.865549 0.016546 -2.379994 1.570712 3e-06
28 -2.326255 0.810773 -0.023122 -1.460829 0.051867 0.006794
29 -1.450133 1.281711 -5.9e-05 -2.001337 0.661446 -0.005475
30 -2.291959 2.19351 0.007256 -1.503456 1.384796 0.002471
31 -1.538896 0.38233 -0.032559 -1.837855 0.696487 -0.029818
32 -1.465976 1.329496 0.025651 -1.78997 1.059262 -0.016156
33 -1.601826 0.226335 -0.004034 -2.00879 0.605555 -0.018594
34 -0.99617 0.936713 -0.007626 -1.371204 1.287056 0.002014
35 -1.608994 0.939059 -0.010078 -1.329824 0.680162 -0.005796
36 -1.570786 0.269163 -0.026743 -0.995787 0.886699 0.001262
37 -1.362678 0.153089 0.007805 -0.916748 0.672938 -0.001447
38 -1.306078 0.697203 0.018954 -1.563627 0.425368 -0.016704
39 -0.70589 0.505341 -0.003309 -0.856831 0.650641 0.000419
40 -1.419011 0.058988 0.022754 -2.001551 -0.568148 -0.044212
41 -2.141598 -0.413437 -0.037761 -1.58944 0.172306 0.002949
42 -2.249508 -0.325891 -0.024647 -1.669924 0.278376 0.032875
43 -1.508388 0.095789 0.012216 -1.970544 -0.379681 -0.040588
44 -1.12397 -0.062472 -0.009566 -0.678232 0.439051 0.008949
45 -3.146778 0.370895 -0.010256 -2.009222 -0.545682 -0.045513
46 -2.016781 -0.578738 -0.020937 -3.148793 0.354737 -0.007072
47 -1.491714 1.151816 0.009997 -2.671793 0.124481 -0.064591
48 -1.713564 0.252433 -0.014756 -2.265541 -0.354757 -0.066502
49 -2.991221 0.148898 -0.078875 -2.263118 -0.483021 -0.061579
50 -2.005181 -0.570144 -0.041311 -1.465742 0.022951 -0.035627
51 -2.084721 -0.496889 -0.05818 -1.587337 0.118512 -0.037701
52 -1.360736 0.147368 -0.0171 -1.157097 -0.046495 -0.0334
53 -2.181927 -0.441714 0.005722 -3.346427 0.702862 0.004053
54 -1.721101 0.241437 -0.01883 -2.21276 -0.332798 -0.01044
55 -1.661771 0.161517 -0.019969 -1.94649 -0.137162 -0.02808
56 -1.760186 0.277594 -0.018009 -2.228616 -0.237533 -0.038052
57 -1.478468 -0.176243 -0.031257 -1.786942 -0.529191 -0.019601
58 -1.513548 -0.67146 -0.009449 -1.26653 -0.39012 0.00826
59 -1.476113 1.167632 0.020774 -1.994513 0.585965 -0.002867
60 -2.190204 0.081946 -0.034516 -1.895268 0.392536 -0.009501
61 -2.028293 -0.566829 0.002024 -3.019189 0.254161 0.001731
62 -2.223007 -0.551699 -0.042645 -1.31239 -1.347277 -0.004863
63 -2.187783 -0.587862 0.0107 -1.57219 -1.093792 0.018686
64 -2.797214 -1.134002 -0.001699 -2.248113 -0.492547 -0.03948
65 -2.242841 -0.53443 -0.017286 -2.766645 -1.104515 0.007035
66 -2.23731 -0.596611 -0.008134 -2.625048 -1.108263 0.007903
67 -2.648397 -1.281611 -0.007378 -2.133396 -0.648156 -0.05078
68 -2.795653 -0.836987 0.009423 -2.398861 -0.357329 -0.021783
69 -1.882574 -1.934028 -0.00214 -1.367771 -1.338932 -0.001304
70 -2.530086 -0.819975 -0.018251 -2.816575 -1.076746 -0.06547
71 -1.804238 -1.95597 -9.6e-05 -1.301439 -1.384632 -0.007328
72 -1.769789 -1.831744 -0.012513 -1.364571 -1.339209 -0.00481
73 -1.365752 -1.357596 -0.003715 -2.1567 -0.675531 -0.031232
74 -2.095299 -1.707231 -0.011173 -1.952071 -1.529299 -0.021788
75 -2.728415 -1.220413 -0.021169 -1.850047 -1.97388 0.004158
76 -3.141312 0.35168 -0.012355 -2.275209 -0.444698 -0.001888
77 -2.845034 -1.130241 0.010752 -3.73704 -0.319335 -0.000142
78 -2.597364 -0.162121 -0.017462 -2.925587 -0.494368 0.007762
79 -2.124576 -0.695785 -0.005055 -2.639333 -1.26689 0.017088
80 -3.282672 0.711001 -0.01524 -2.977294 0.302777 0.003733
81 -3.056819 0.230968 -0.016967 -3.330975 -0.071738 0.002561
82 -3.029084 -0.357634 -0.003795 -2.759706 -0.050736 -0.010186
83 -2.869887 0.046451 0.00844 -3.108398 -0.243636 -0.002938
84 -2.735359 -0.104896 -0.002658 -2.968817 -0.358561 0.003131
85 -2.694661 -0.568267 0.001689 -2.485636 -0.324905 -0.004228
86 -2.935794 0.076867 0.008843 -3.168571 -0.165392 0.007079
87 -3.238162 -0.149256 0.009201 -3.524376 -0.447874 0.014634
