0 -3.671172 1.117202 0.023778
1 -3.240388 1.122624 0.005554
2 -3.30058 1.00264 0.007377
3 -3.330557 1.09255 0.007619
4 -3.480462 0.912635 0.008944
5 -3.240619 0.822537 0.005011
6 -3.450597 0.942639 0.008922
7 -3.300502 1.062497 0.007003
8 -3.300523 0.852535 0.006604
9 -3.270443 1.152592 0.006265
10 -2.910996 0.552298 0.003586
11 -3.600435 1.092609 0.012675
12 -3.36049 0.942717 0.008345
13 -3.60059 1.002643 0.011777
14 -3.360489 0.792661 0.00741
15 -3.21051 1.152642 0.004917
16 -3.660532 1.122559 0.013852
17 -3.390487 1.092609 0.009098
18 -3.300532 0.792627 0.006566
19 -3.270627 0.822647 0.005833
20 -3.060915 0.552647 0.004155
21 -3.119545 0.402599 0.003834
22 -3.600533 1.032652 0.012341
23 -3.510509 0.912668 0.009352
24 -3.210437 0.822537 0.004525
25 -3.330658 1.03259 0.007748
26 -3.360438 1.062617 0.008393
27 -3.060775 0.522617 0.003781
28 -3.450542 0.972615 0.008992
29 -3.480483 0.942647 0.009153
30 -3.531379 1.002937 0.026242
31 -3.180474 1.63248 0.005361
32 -3.510424 1.032571 0.010083
33 -3.330482 0.822618 0.007034
34 -3.450546 1.092581 0.009223
35 -3.510435 0.942654 0.009513
36 -3.480542 0.972619 0.009387
37 -3.450596 1.00262 0.009643
38 -3.360461 1.092683 0.008614
39 -3.33056 1.062605 0.007829
40 -3.570547 1.002679 0.010995
41 -3.270539 0.882678 0.006546
42 -3.270622 1.032659 0.006863
43 -3.270568 1.182708 0.006527
44 -3.120659 0.49264 0.005322
45 -2.910635 0.552729 -0.013633
46 -3.420496 0.972631 0.008669
47 -3.540423 1.002563 0.010386
48 -3.210303 0.342248 0.004188
49 -3.3005 1.032738 0.007366
50 -3.150447 1.422583 0.004455
51 -3.540443 1.092549 0.011701
52 -3.240471 1.182585 0.005481
53 -3.660437 1.152399 0.015199
54 -3.2705 1.272408 0.0068
55 -3.240388 1.302332 0.006582
56 -2.940763 0.58255 0.003668
57 -3.090653 0.522635 0.003917
58 -3.180567 1.122639 0.004621
59 -3.390561 0.9726 0.008325
60 -3.180479 1.392624 0.004944
61 -3.330621 0.792672 0.007166
62 -3.360491 0.762565 0.006835
63 -2.940385 0.582905 -0.013158
64 -3.000626 0.642512 0.003017
65 -3.060979 0.552406 -0.011665
66 -3.750322 1.03253 0.01492
67 -3.090683 0.462712 0.005266
68 -3.090565 0.552538 0.003811
69 -2.970674 0.462552 0.00524
70 -3.240547 1.15269 0.005538
71 -3.300586 0.822661 0.006575
72 -3.000894 1.632688 0.003083
73 -3.120614 0.522571 0.004158
74 -2.940682 0.55261 -0.012865
75 -2.970497 1.632805 0.003081
76 -3.060627 0.58266 0.004096
77 -3.000594 1.572443 0.002233
78 -3.30061 0.882683 0.006959
79 -3.390521 1.122669 0.008961
80 -3.300557 1.212645 0.007375
81 -2.970578 1.572181 0.002162
82 -3.210508 1.362602 0.006059
83 -3.090252 1.482517 0.003921
84 -3.240129 0.822235 -0.011759
85 -3.240454 1.332602 0.006179
86 -3.210145 0.342809 -0.011969
87 -3.240477 1.212642 0.005808
88 -3.270572 1.302398 0.00736
89 -3.330605 1.122721 0.0079
90 -3.119885 0.372397 -0.012746
91 -3.360456 0.972631 0.008221
92 -2.400262 1.691456 -0.012221
93 -2.52052 1.692152 -0.011889
94 -3.241111 0.372484 0.004773
95 -3.120085 0.493088 -0.012725
96 -2.520847 1.752153 -0.011864
97 -3.269938 0.822509 -0.0114
98 -2.520524 1.692621 0.005273
99 -2.520714 1.752722 0.005451
100 -2.550407 1.722578 0.004944
101 -3.210532 1.09274 0.005591
102 -2.550257 1.722197 -0.011878
103 -2.400802 1.722226 -0.012477
104 -3.090578 0.522299 -0.012644
105 -3.300088 0.852919 -0.011108
106 -2.400538 1.722695 0.006272
107 -2.131079 1.243105 0.000781
108 -2.100336 1.272783 0.00014
109 -2.040293 1.272937 1.2e-05
110 -2.13066 1.272943 0.000503
111 -2.370677 1.032177 -0.019087
112 -2.040423 1.272526 -0.013881
113 -2.130626 1.272841 -0.013735
114 -2.400733 1.692585 0.005287
115 -2.10049 1.181965 -0.000761
116 -2.160529 1.182695 0.000203
117 -2.160687 1.153053 0.00052
118 -2.039768 1.213148 0.00075
119 -2.070429 1.181967 -0.000146
120 -2.490336 1.692708 0.00547
121 -2.130325 1.182444 -0.000117
122 -2.040354 1.152974 -0.015584
123 -2.010412 1.212602 -0.015113
124 -2.100138 1.303097 0.000425
125 -2.159953 1.213287 0.00072
126 -2.070054 1.214079 0.000627
127 -2.400607 1.752591 0.00601
128 -2.370513 1.063008 0.000436
129 -2.190532 1.152537 -7.9e-05
130 -2.430597 1.812668 0.0062
131 -2.100486 1.182685 -0.015
132 -2.070262 1.182799 -0.015175
133 -2.130333 1.122498 -0.016234
134 -2.460398 1.752706 0.004788
135 -2.07038 1.211757 -0.015079
136 -1.980413 1.242337 -0.01473
137 -2.430606 1.752681 0.00521
138 -2.099926 1.153562 7.2e-05
139 -2.190451 1.2438 -4.5e-05
140 -2.100355 1.302583 -0.013551
141 -2.010283 1.242818 -0.01448
142 -2.16038 1.122504 -0.01556
143 -2.130357 1.182612 -0.015157
144 -2.040239 1.122344 -0.016553
145 -2.160485 1.182465 -0.015439
146 -2.040717 1.182441 -0.015746
147 -2.010298 1.182256 -0.016076
148 -2.070249 1.122448 -0.016182
149 -1.890617 1.182596 -0.014836
150 -2.130619 1.211607 -0.015892
151 -2.160698 1.243004 -0.014717
152 -2.310418 0.972776 -0.01886
153 -2.100293 1.211956 -0.015465
154 -2.130301 1.153025 -0.014662
155 -2.070346 1.272361 -0.013669
156 -2.250735 0.912257 9.1e-05
157 -2.040748 1.122904 0.000915
158 -2.399677 0.912678 0.000596
159 -2.161187 1.123373 0.000267
160 -2.070644 1.332969 0.000522
161 -2.130539 1.303001 2.2e-05
162 -2.400758 1.06294 -0.017166
163 -2.190365 1.153237 -0.014678
164 -2.190468 1.242802 -0.014509
165 -2.220692 0.882784 -0.018654
166 -2.16041 1.152829 -0.015099
167 -2.250692 0.912225 -0.019936
168 -2.52022 0.793112 -0.017831
169 -2.402181 0.821756 -0.022126
170 -2.401158 0.913772 -0.019264
171 -2.160992 1.211903 -0.01554
172 -2.340513 1.032506 -0.018059
173 -2.100592 1.153078 -0.015134
174 -2.070426 1.332548 -0.013218
175 -2.130463 1.30247 -0.013643
176 -2.190389 1.182177 -0.015327
177 -2.130037 1.213386 0.000669
178 -1.980509 1.243144 0.000309
179 -2.040374 1.243288 0.000115
180 -2.308989 0.821129 -0.022328
181 -3.240661 0.372487 -0.012567
182 -2.190244 0.912225 -0.019203
183 -2.370968 1.063022 -0.017882
184 -2.520403 0.762579 -0.017391
185 -2.310332 1.002534 -0.018436
186 -2.30991 0.854145 -0.019531
187 -2.610236 0.672946 -0.016423
188 -2.370288 0.791781 -0.02263
189 -2.339764 0.855192 -0.020486
190 -2.010431 1.122319 -0.016833
191 -2.403429 0.882728 -0.020555
192 -2.130408 1.123182 0.000269
193 -2.130526 1.153093 -0.000184
194 -2.010646 1.212905 0.00071
195 -2.010326 1.243053 0.000353
196 -2.100356 1.272717 -0.013904
197 -3.11978 0.402709 -0.013559
198 -2.192656 0.731673 -0.023061
199 -1.86052 1.002539 -0.01782
200 -1.801237 1.063866 -0.016316
201 -2.040378 1.212666 -0.014989
202 -2.100668 1.213007 0.000356
203 -2.040627 1.242595 -0.014141
204 -2.520375 0.94266 -0.017114
205 -1.980279 1.122581 -0.016634
206 -2.850571 0.432827 -0.014452
207 -2.340561 1.092518 -0.017152
208 -1.860224 1.032906 0.000801
209 -2.100475 1.242849 -0.014528
210 -2.190482 0.943048 -0.018137
211 -2.220596 0.912229 -0.019462
212 -1.860686 1.032785 -0.017714
213 -1.769463 1.063121 -0.016197
214 -2.130395 1.242791 -0.014772
215 -1.830707 1.00235 0.00015
216 -2.038902 0.793308 -0.020192
217 -1.831035 1.00158 -0.01872
218 -2.191018 0.764246 -0.02054
219 -2.010559 1.183019 0.000619
220 -2.220518 0.942997 -0.018212
221 -1.799803 1.092713 0.000136
222 -2.069964 1.152904 -0.015081
223 -2.190944 0.942909 0.000726
224 -2.310447 0.792794 -0.021212
225 -2.310474 1.962594 0.009925
226 -2.039782 0.761553 -0.022388
227 -2.490384 1.752719 0.005771
228 -1.829615 0.97406 -0.040541
229 -2.31048 1.932614 0.009445
230 -1.680316 0.762671 -0.01761
231 -1.680837 0.79283 -0.017474
232 -3.120163 0.37209 0.00413
233 -1.650656 0.822784 0.001061
234 -1.650526 0.822763 -0.016886
235 -1.590592 0.882739 -0.016054
236 -2.280429 1.932504 0.009405
237 -2.910764 0.523021 -0.013484
238 -1.620326 0.822788 -0.016708
239 -1.620976 0.852847 0.00063
240 -3.060567 0.49258 0.003869
241 -2.039866 1.182199 0.000715
242 -1.980358 1.123393 0.000176
243 -1.710752 0.762788 -0.018239
244 -1.710425 0.792658 -0.018282
245 -1.680623 0.822496 -0.017716
246 -1.890472 1.36207 -0.013
247 -1.800895 1.092851 -0.016109
248 -1.620587 0.852694 -0.016576
249 -1.770822 1.451722 -0.012356
250 -2.280452 1.962664 0.010027
251 -1.800428 1.452701 0.001294
252 -1.800401 1.421981 -0.011835
253 -1.65046 0.852666 -0.017135
254 -1.770561 1.512733 -0.011622
255 -1.800781 1.452342 -0.01153
256 -1.800604 1.423003 0.000725
257 -2.190411 1.21273 -0.015219
258 -2.160666 1.272759 -0.014183
259 -2.275313 1.951919 0.024303
260 -1.650288 0.792372 -0.016885
261 -1.770384 1.092691 -0.015444
262 -1.650209 0.852495 0.000616
263 -1.770521 0.702803 -0.019581
264 -1.740586 0.702671 -0.019099
265 -1.770634 0.672511 -0.019811
266 -1.739783 0.732301 0.001275
267 -1.590378 0.852395 -0.016479
268 -1.680254 0.792552 0.001012
269 -1.861435 1.002436 0.000585
270 -1.770503 1.4826 0.002289
271 -1.710387 0.732819 -0.018071
272 -1.649966 0.792562 0.001218
273 -1.770688 1.452773 0.001804
274 -2.009846 0.675377 -0.020218
275 -1.770538 1.5127 0.002643
276 -1.770379 1.063509 0.000718
277 -1.770952 1.093158 0.000272
278 -2.040326 1.333327 3.6e-05
279 -2.520541 1.722688 0.00518
280 -1.680018 0.762563 0.000851
281 -1.739676 0.702507 0.001397
282 -1.620234 0.822136 0.000678
283 -1.770043 0.672893 0.001405
284 -1.770336 0.522358 -0.020189
285 -1.980302 1.212829 -0.015234
286 -1.469856 1.332757 0.001653
287 -1.980365 1.212829 0.000353
288 -1.470534 1.423098 0.002377
289 -1.589998 0.882911 0.000975
290 -1.62055 0.882707 -0.016406
291 -1.500487 1.422913 0.001924
292 -1.620319 0.882892 0.000647
293 -1.77025 0.732467 -0.019769
294 -1.740549 0.522828 -0.019889
295 -1.770164 0.55294 -0.020075
296 -1.710382 0.492674 -0.020012
297 -1.440389 1.271796 0.001477
298 -1.800163 0.583157 -0.020326
299 -1.740636 0.732891 -0.019033
300 -1.800402 0.492389 -0.021235
301 -1.770542 1.212363 -0.014596
302 -1.770424 1.57263 0.003037
303 -1.739971 0.462883 -0.020346
304 -1.620398 0.912293 -0.016092
305 -1.710562 0.462607 -0.020472
306 -1.680424 0.492751 -0.019655
307 -1.980578 1.152772 -0.016161
308 -1.680638 0.432734 -0.020368
309 -1.680542 0.462851 -0.020351
310 -1.650408 0.432602 -0.020256
311 -1.470265 0.762786 0.000867
312 -1.650544 0.34247 -0.019955
313 -1.650867 1.212899 0.001773
314 -1.020338 0.942533 0.000345
315 -1.621672 0.25346 -0.021278
316 -1.56058 0.702645 -0.016371
317 -1.321896 0.52186 -0.015172
318 -1.110789 0.822823 -0.010898
319 -1.590577 0.702801 -0.017145
320 -1.650474 0.372471 -0.02026
321 -0.959837 0.882565 0.000999
322 -1.380613 0.672584 -0.013782
323 -1.470848 0.762616 -0.014496
324 -1.350631 0.672646 -0.013477
325 -1.530719 0.642813 -0.016501
326 -1.56086 0.642857 -0.017078
327 -0.930166 0.702104 -0.010608
328 -1.62058 0.402632 -0.019956
329 -1.558981 0.254616 -0.018428
330 -1.590604 0.64284 -0.017325
331 -1.110254 0.822524 0.000644
332 -1.590348 0.312498 -0.019239
333 -1.500602 0.642698 -0.016151
334 -1.350326 0.492448 -0.01516
335 -1.230385 0.642284 -0.012434
336 -1.710394 0.432917 -0.020601
337 -1.62076 0.312642 -0.019995
338 -1.320413 0.552978 -0.013873
339 -1.471008 0.732674 -0.014745
340 -1.349987 0.522685 -0.014701
341 -1.470362 0.733055 0.001285
342 -1.620363 0.372592 -0.019579
343 -1.650454 0.462719 -0.019873
344 -1.26096 0.613212 -0.013284
345 -1.620793 0.432762 -0.020432
346 -1.500482 0.672805 -0.015828
347 -1.229526 0.613988 0.001818
348 -1.321926 0.523018 0.000609
349 -1.230136 0.642758 0.001111
350 -1.500634 0.732543 -0.015079
351 -1.769865 1.182998 0.000404
352 -1.560182 0.642523 0.00175
353 -0.930486 0.642478 0.000826
354 -1.350285 0.67273 0.000736
355 -1.680138 0.402808 -0.020147
356 -0.930267 0.702719 0.000769
357 -1.320861 0.492747 -0.015321
358 -0.900265 0.672975 0.001563
359 -0.900337 0.702731 0.000784
360 -1.680621 0.43238 0.002174
361 -1.499778 0.76258 0.000854
362 -1.620619 0.342561 -0.019676
363 -1.230474 0.613126 -0.01355
364 -1.589714 0.852861 0.001244
365 -1.650558 0.432853 0.001801
366 -1.380326 0.672865 0.000866
367 -1.622131 0.222074 -0.021292
368 -1.500085 0.642849 0.001121
369 -2.010267 1.123453 0.0005
370 -1.470512 -0.165481 0.001888
371 -1.471386 -0.199567 0.001288
372 -1.56077 0.703102 0.001274
373 -1.472321 -0.199005 -0.019935
374 -1.920509 -0.407578 -0.02118
375 -2.189659 -0.527299 0.004055
376 -1.920554 -0.377481 -0.021234
377 -1.55923 0.220867 -0.018818
378 -2.010447 -0.13758 -0.02386
379 -2.219998 -0.43689 -0.022417
380 -2.189997 -0.589136 -0.020967
381 -2.070027 -0.077568 -0.023386
382 -1.560177 0.282653 -0.019038
383 -2.040676 0.6724 -0.041566
384 -1.950274 -0.556731 -0.022582
385 -1.500452 -0.257287 -0.018398
386 -2.15954 -0.556988 -0.021871
387 -2.040414 -0.137467 -0.04436
388 -1.740148 0.252721 -0.020389
389 -1.950544 -0.34741 -0.022211
390 -1.950461 -0.407248 -0.021999
391 -1.170482 -0.047582 -0.014644
392 -1.410524 0.192493 -0.017672
393 -1.470833 0.102554 -0.018415
394 -1.381545 0.1316 -0.016931
395 -1.349306 0.131928 -0.014982
396 -1.381381 0.194104 -0.017274
397 -1.560424 0.462844 -0.018924
398 -1.440966 0.010902 -0.01816
399 -1.349329 0.132972 0.001503
400 -1.02057 0.852809 1.2e-05
401 -1.02043 0.222634 0.000613
402 -1.260292 0.972621 0.000963
403 -0.870145 0.642563 0.002288
404 -1.440651 0.732846 0.001146
405 -1.230396 1.002768 0.000804
406 -1.500083 0.072695 -0.01878
407 -1.472329 -0.165841 -0.019065
408 -1.289143 0.492584 0.001174
409 -1.471062 0.012599 -0.018546
410 -1.409241 -0.22831 -0.016882
411 -1.080102 -0.047246 -0.012873
412 -1.050163 0.192742 0.001069
413 -1.080365 -0.078102 -0.013337
414 -1.470816 -0.227734 -0.018668
415 -1.530374 0.072866 -0.019646
416 -1.440806 -0.228173 -0.018432
417 -0.691112 0.432481 0.005877
418 -1.44065 0.10346 -0.017517
419 -1.41054 0.132744 -0.017067
420 -1.650382 0.282456 -0.020655
421 -1.170717 -0.077399 -0.014986
422 -0.990608 0.132716 8.6e-05
423 -1.292649 0.554229 -0.015394
424 -1.620726 0.221772 0.002314
425 -1.500298 -0.22748 -0.018809
426 -1.469894 0.642692 0.001397
427 -1.079634 -0.076667 -0.000531
428 -1.500435 -0.167468 -0.019386
429 -0.990519 0.162673 8.4e-05
430 -1.290201 -0.347304 -0.015226
431 -1.470473 -0.31717 -0.017954
432 -1.260393 -0.346708 -0.015557
433 -1.500012 0.732946 0.00128
434 -1.500456 -0.317513 -0.018152
435 -1.407607 -0.19769 -0.01741
436 -1.170469 -0.017584 -0.013821
437 -1.379434 0.131368 0.001474
438 -1.950665 -0.377406 -0.022209
439 -1.290574 -0.407287 -0.014846
440 -1.350392 -0.347477 -0.015471
441 -1.32035 -0.347577 -0.014858
442 -1.470506 -0.256885 -0.018197
443 -1.020322 0.192606 0.00077
444 -1.500556 -0.197348 -0.019674
445 -1.409172 -0.228052 0.001302
446 -1.291023 -0.407625 -0.001075
447 -1.079969 -0.047413 -0.000592
448 -1.320974 0.49235 -2.8e-05
449 -1.380427 -0.466994 -0.01485
450 -1.440578 -0.467035 -0.01567
451 -1.439852 -0.498077 -0.000596
452 -1.290975 -0.347476 8.2e-05
453 -1.470534 -0.227697 0.000593
454 -1.410472 -0.407478 -0.016311
455 -1.440654 -0.49696 -0.014796
456 -1.410188 -0.498258 -0.000816
457 -1.32025 -0.3474 0.000555
458 -1.919726 -0.4075 0.004133
459 -2.130488 -0.407522 -0.022215
460 -1.709517 -0.467475 -0.017369
461 -1.950426 -0.197464 -0.023075
462 -1.350632 -0.317544 -0.015594
463 -1.44016 -0.558399 0.001107
464 -1.680061 -0.46782 -0.017495
465 -2.189842 -0.437435 0.002686
466 -1.681538 -0.467192 0.0009
467 -1.710536 -0.556704 -0.020166
468 -1.471307 -0.557104 -0.014545
469 -1.469949 -0.558205 0.000873
470 -1.380675 -0.407371 -0.015746
471 -1.40982 -0.527895 -5.5e-05
472 -1.440842 -0.526797 -0.014531
473 -1.380644 -0.377287 -0.015912
474 -1.500218 -0.617244 -0.01553
475 -2.251159 -0.436895 -0.02259
476 -1.439754 -0.557272 -0.013549
477 -1.440511 -0.437495 -0.016263
478 -2.220193 -0.436754 0.002775
479 -1.170739 -0.046602 8.8e-05
480 -1.438548 0.073973 0.001942
481 -1.499466 -0.619117 0.001271
482 -1.92027 -0.37796 0.003864
483 -1.711892 -0.587832 -0.020506
484 -1.410261 -0.5272 -0.013978
485 -1.410397 -0.496818 -0.014351
486 -1.230379 -0.407854 -0.000384
487 -1.228454 0.581607 0.001685
488 -1.471766 0.07362 0.000593
489 -1.410201 -0.377302 -8.9e-05
490 -0.930667 0.67265 0.000527
491 -1.713301 -0.52565 0.000792
492 -1.679597 -0.556764 0.001895
493 -1.890759 -0.437098 0.003605
494 -1.35031 -0.407678 -0.00037
495 -1.379874 -0.407649 4.3e-05
496 -1.561152 -0.617084 -0.01725
497 -1.439975 0.073491 -0.017223
498 -1.530124 -0.649402 -0.016446
499 -1.589845 -0.648076 0.001368
500 -1.530201 -0.649296 0.002592
501 -1.471864 0.072757 -0.019319
502 -1.737932 -0.499266 0.004216
503 -1.529254 -0.618694 0.001017
504 -1.378869 0.163895 0.002272
505 -1.408738 -0.19766 0.00175
506 -1.621158 -0.649793 -0.017778
507 -1.530984 -0.616562 -0.016055
508 -1.589543 -0.647635 -0.017384
509 -1.290606 -0.377382 -0.015499
510 -1.710127 -0.556518 -0.044173
511 -1.561228 -0.647723 -0.017515
512 -1.619484 -0.648971 0.000971
513 -1.559062 -0.649266 0.003365
514 -1.709731 -0.527725 -0.017404
515 -1.980312 -0.556172 -0.022486
516 -2.251419 -0.527607 -0.022537
517 -2.041258 -0.618838 -0.022425
518 -2.04208 -0.58607 -0.023617
519 -2.189581 -0.556283 -0.021806
520 -2.189334 -0.52661 -0.021724
521 -2.040303 -0.557039 -0.022404
522 -2.221115 -0.588895 -0.022009
523 -1.618352 -0.615203 -0.018993
524 -1.590118 -0.616722 -0.018411
525 -1.409968 -0.257025 0.000512
526 -2.221432 -0.55651 0.005091
527 -2.160563 -0.587554 0.00314
528 -2.220839 -0.528763 0.00479
529 -2.221449 -0.557494 -0.045185
530 -2.070489 -0.827365 -0.020419
531 -2.280519 -0.767489 -0.019842
532 -2.070228 -0.85718 0.002967
533 -2.250908 -0.767197 0.003533
534 -2.070898 -0.917854 0.003388
535 -2.041857 -0.586271 0.005534
536 -2.070365 -0.917355 -0.019545
537 -2.100466 -0.85766 -0.019834
538 -2.010483 -0.94737 -0.020224
539 -2.879924 0.132516 -0.013302
540 -2.070154 -0.827605 0.003468
541 -2.280367 -0.797565 -0.019712
542 -2.100504 -0.827306 -0.02085
543 -2.130269 -0.827368 -0.021024
544 -2.820545 -0.557744 0.00256
545 -2.130599 -0.857418 -0.020494
546 -2.280347 -0.737374 -0.019848
547 -2.040462 -0.94771 -0.019673
548 -2.51922 -0.706504 0.002608
549 -2.25055 -0.557388 -0.043917
550 -2.550884 -0.705157 -0.02063
551 -2.040351 -0.917429 -0.019823
552 -2.040495 -0.887516 -0.019847
553 -2.250562 -0.797284 0.003475
554 -2.250331 -0.767826 -0.019785
555 -2.070688 -0.946889 0.003113
556 -2.010689 -0.94739 0.003147
557 -2.100533 -0.82712 0.004019
558 -2.100231 -0.947608 -0.018642
559 -2.190562 -0.977332 -0.0189
560 -2.100393 -0.857675 0.003666
561 -2.520596 -0.829107 -0.019592
562 -2.490915 -0.828126 0.003388
563 -2.850601 -0.55742 0.002792
564 -2.250048 -0.407643 -0.045403
565 -2.131411 -0.826661 -0.043146
566 -2.85062 -0.647507 0.005254
567 -2.429963 -0.857163 0.003028
568 -2.04103 -0.947056 0.002739
569 -2.459202 -0.85719 -0.019781
570 -2.070432 -0.947821 -0.019239
571 -2.879827 -0.527268 -0.017581
572 -2.190878 -1.067203 0.002291
573 -2.280821 -0.767249 0.004451
574 -1.470498 -1.307644 0.000257
575 -2.310558 -0.76755 -0.019888
576 -2.550332 -0.82791 -0.019253
577 -2.220697 -0.977289 -0.019806
578 -2.070327 -0.977467 -0.019718
579 -2.429716 -0.857822 -0.020227
580 -2.88005 -0.646763 -0.016075
581 -2.190328 -1.007393 -0.018568
582 -2.100582 -1.037324 -0.019148
583 -2.220326 -0.947413 -0.01961
584 -1.47038 -1.367208 -4.7e-05
585 -2.31021 -1.097838 0.003194
586 -2.489477 -0.766918 -0.021532
587 -2.01025 -0.887389 -0.020344
588 -2.579663 -0.678279 -0.043292
589 -2.19028 -0.9779 0.003599
590 -2.130323 -0.857742 0.003928
591 -2.460574 -0.826294 -0.021992
592 -2.160786 -1.097449 -0.018608
593 -2.130463 -1.007491 -0.018736
594 -2.280594 -1.217042 -0.016141
595 -1.440754 -1.337434 0.000758
596 -2.310616 -1.097092 -0.017749
597 -2.460958 -0.827116 -0.044211
598 -2.190508 -1.067615 -0.018034
599 -2.070516 -0.887472 -0.019772
600 -2.31025 -1.187639 -0.015923
601 -1.560421 -1.367308 -0.012083
602 -2.039397 -0.917673 -0.04252
603 -1.439927 -1.337548 -0.012559
604 -2.069638 -0.916532 -0.043019
605 -2.400677 -1.217616 -0.016265
606 -1.590434 -1.427455 -0.001375
607 -1.470891 -1.307061 -0.012111
608 -2.100426 -0.826285 -0.043335
609 -2.131257 -0.857426 -0.042536
610 -1.470652 -1.367641 -0.012091
611 -2.070507 -1.03725 -0.01877
612 -1.860453 -1.007418 -0.019306
613 -2.400627 -1.247412 0.000122
614 -2.430425 -1.217237 -0.015625
615 -1.320701 -1.397674 -0.000111
616 -2.400757 -1.187365 -0.016404
617 -2.28056 -1.187245 -0.016741
618 -2.220536 -1.007254 -0.018783
619 -2.640706 -1.067595 -0.016566
620 -2.340713 -1.247391 -0.016278
621 -2.070247 -0.857579 -0.019968
622 -1.260453 -1.397463 -0.001251
623 -2.011078 -1.487367 -0.002059
624 -2.370719 -1.217468 0.000578
625 -2.250456 -1.247513 -0.014944
626 -2.039771 -0.887146 -0.042625
627 -2.010144 -1.48746 -0.012214
628 -1.530939 -1.427385 -0.011494
629 -2.280417 -1.277465 -0.014368
630 -2.192025 -0.976517 -0.041477
631 -2.40031 -1.247341 -0.015781
632 -1.260512 -1.397017 -0.011889
633 -2.370267 -1.217555 -0.016129
634 -2.190677 -1.157485 -0.017704
635 -1.500349 -1.337218 -0.000128
636 -2.310305 -1.127717 -0.016324
637 -2.010409 -0.917502 -0.020234
638 -1.320575 -1.397443 -0.011116
639 -1.290738 -1.397504 -0.000871
640 -1.319288 -1.336521 -0.012465
641 -1.950912 -1.607085 -0.011397
642 -1.500649 -1.39741 -0.011782
643 -1.32112 -1.337315 -0.000264
644 -1.289427 -1.396983 -0.012639
645 -2.040642 -0.977344 -0.020063
646 -2.250442 -1.216991 -0.016333
647 -1.950354 -1.457423 -0.012889
648 -1.500127 -1.54767 -0.001075
649 -2.250372 -1.247778 0.000867
650 -1.950285 -1.487433 -0.012586
651 -2.430318 -1.337219 -0.014493
652 -2.519804 -1.277281 -0.013355
653 -1.530188 -1.427483 -0.001211
654 -2.2803 -1.218078 2.4e-05
655 -2.130318 -1.667149 -0.010219
656 -1.950804 -1.457549 -0.00232
657 -1.950025 -1.607874 -0.002324
658 -2.280315 -1.277784 0.001041
659 -1.560439 -1.397665 -0.012035
660 -2.100384 -1.695805 -0.010004
661 -2.460181 -1.307361 -0.014002
662 -1.50038 -1.307735 0.000292
663 -2.190714 -1.12723 -0.01829
664 -1.560247 -1.487394 -0.001368
665 -2.190732 -0.947426 -0.019439
666 -1.560393 -1.397331 -0.001248
667 -2.340691 -1.307285 -0.014812
668 -1.500307 -1.3974 -0.000736
669 -2.370528 -1.276992 -0.015811
670 -2.430707 -1.217317 0.001131
671 -2.280359 -1.157736 -0.016293
672 -2.040718 -1.577374 -0.002715
673 -1.290505 -1.337035 -0.000727
674 -2.190259 -1.607432 -0.01137
675 -2.070415 -0.797348 -0.02106
676 -2.130252 -0.97769 -0.018001
677 -2.160496 -1.637137 -0.010949
678 -2.280765 -1.187458 -0.000143
679 -2.190387 -1.007589 0.003473
680 -2.370676 -1.277734 -0.0005
681 -1.560761 -1.487366 -0.011168
682 -1.29046 -1.337268 -0.012377
683 -2.430562 -1.367529 -0.014055
684 -2.371012 -1.366502 -0.014157
685 -2.160384 -1.06742 -0.018894
686 -2.100484 -1.667777 -0.002703
687 -2.430323 -1.18775 -0.015643
688 -2.340408 -1.247461 -0.000574
689 -2.520838 -1.277378 0.00257
690 -2.642082 -1.069407 0.004563
691 -2.400544 -1.217109 0.000885
692 -2.100724 -1.637446 -0.002543
693 -1.500636 -1.307181 -0.012128
694 -2.100286 -1.637608 -0.011072
695 -2.460921 -1.337295 0.000143
696 -2.310433 -1.127786 0.002501
697 -2.370137 -1.368099 0.001029
698 -2.190372 -1.157944 0.000488
699 -2.280984 -0.797267 0.003932
700 -1.950858 -0.557364 -0.044317
701 -2.070715 -0.797427 -0.042646
702 -2.100528 -1.698436 -0.001842
703 -2.310018 -1.277838 0.000377
704 -2.431004 -1.247745 0.000534
705 -2.521154 -0.828151 0.004066
706 -2.55138 -0.797952 -0.01924
707 -2.130681 -1.667652 -0.002433
708 -2.220799 -0.617387 0.00358
709 -2.040499 -0.557272 -0.044273
710 -2.189273 -0.497821 -0.045254
711 -2.488395 -0.797687 -0.020448
712 -2.010863 -0.91793 -0.042601
713 -2.430013 -0.82733 -0.021262
714 -2.48822 -0.767201 -0.043502
715 -2.430612 -1.367512 -0.000287
716 -2.729386 -1.217396 -0.012636
717 -2.641655 -1.035926 -0.018392
718 -2.730581 -1.157334 -0.014626
719 -2.640879 -1.096882 0.002688
720 -2.310649 -1.217657 -0.000223
721 -2.640454 -1.097625 -0.015434
722 -2.730274 -1.187898 0.003407
723 -2.160404 -1.637683 -0.002241
724 -2.73037 -1.217457 0.003529
725 -1.530346 -1.30744 -3.9e-05
726 -2.880572 -0.64752 0.005146
727 -2.880029 -0.617139 -0.016312
728 -3.090523 -0.617379 0.005445
729 -2.910593 -0.737393 0.006175
730 -3.060524 -0.557382 0.005399
731 -2.880465 -0.617455 0.004459
732 -2.880348 -0.587622 0.003395
733 -2.880629 -0.557449 0.003928
734 -2.610137 -1.068023 0.001683
735 -2.730426 -1.157326 0.00245
736 -3.120503 -0.647449 0.006097
737 -2.760895 -1.097607 0.002388
738 -3.090521 -0.647489 0.005632
739 -2.910445 -0.707348 0.006024
740 -3.120652 -0.617369 0.00615
741 -2.850718 -0.527178 0.002884
742 -2.76085 -0.587452 0.003971
743 -2.850537 -0.61753 0.004452
744 -2.461017 -0.767593 0.002514
745 -2.190565 -0.647765 0.003054
746 -2.850448 -0.587509 0.003399
747 -3.057391 -0.580645 0.024668
748 -2.850766 0.162525 0.002979
749 -2.880856 0.311491 -0.014073
750 -3.060596 -0.497353 0.006242
751 -3.06063 -0.526989 0.005596
752 -3.060482 -0.587498 0.005419
753 -2.790755 -0.617385 0.004316
754 -2.820582 -0.647321 0.004798
755 -3.090589 -0.557329 0.00619
756 -2.820609 -0.767058 0.003714
757 -2.820544 -0.737404 0.003189
758 -2.910813 -0.617605 0.004694
759 -2.91246 0.223414 0.002976
760 -3.060713 0.492692 -0.01292
761 -2.970585 -0.767459 0.006848
762 -3.090537 -0.677425 0.006681
763 -2.879627 0.222806 0.00167
764 -3.330547 -0.467452 0.007557
765 -3.090666 -0.587471 0.006025
766 -3.300526 -0.437506 0.006587
767 -3.090312 0.462789 -0.01286
768 -3.360519 -0.437485 0.007568
769 -3.570573 -0.167367 0.011387
770 -3.090497 -0.37746 0.004752
771 -2.880597 0.132485 0.002378
772 -3.390632 0.012581 0.010887
773 -3.390515 -0.497377 0.008204
774 -2.97093 0.252199 0.003371
775 -3.120675 -0.557367 0.007001
776 -2.910832 -0.587364 0.004847
777 -3.180573 -0.437539 0.00648
778 -3.120614 0.252901 -0.011596
779 -2.970659 0.252014 -0.012403
780 -3.420532 -0.497428 0.008595
781 -3.33056 -0.287379 0.005439
782 -2.880723 -0.527058 0.004489
783 -3.360577 -0.16746 0.006677
784 -3.060295 0.432802 -0.013351
785 -3.120582 0.252525 0.005369
786 -3.240672 0.342627 0.004568
787 -3.030569 0.402832 0.005828
788 -3.060564 0.432697 0.005439
789 -3.420515 -0.317493 0.006741
790 -2.910783 0.314661 0.004658
791 -2.970865 0.462834 -0.012899
792 -3.090574 -0.227487 0.002461
793 -3.030998 0.522572 -0.012248
794 -3.001127 0.432237 -0.013434
795 -3.270559 -0.227468 0.004053
796 -3.150549 -0.347385 0.006023
797 -2.879775 0.222756 -0.014087
798 -3.240625 0.042659 0.002993
799 -3.060699 0.162631 0.004938
800 -2.970605 0.072656 0.003456
801 -3.090746 0.102789 0.005098
802 -3.150797 0.342613 0.004616
803 -3.41408 0.004422 0.024195
804 -3.03088 0.162547 0.004383
805 -3.270725 0.702673 0.005277
806 -2.940984 0.492838 -0.012683
807 -2.970713 0.522637 0.004383
808 -2.821242 0.222298 0.003547
809 -2.821492 0.222308 -0.012885
810 -3.120736 0.192668 0.004704
811 -3.030771 0.462544 0.004504
812 -3.030181 0.402914 -0.013175
813 -2.940688 0.522783 -0.012759
814 -2.85049 0.492549 -0.015073
815 -2.820601 0.462411 -0.015157
816 -3.300513 0.702528 0.005718
817 -2.970586 0.522631 -0.012802
818 -3.299607 0.702816 -0.011324
819 -3.270048 0.882163 -0.011762
