0 -1.839 1.301 0.132 -1.831 1.334 1.896
0 -2.48387023 2.10203528 0.16161326 -2.47612977 2.13396472 1.86838674
0 2.828176 -3.57577399 0.15980847 2.835824 -3.54422601 1.84619153
0 2.84800296 -2.48592528 0.30840335 2.85499704 -2.45707472 1.85059665
0 3.02997302 -1.39398629 0.17105089 3.03602698 -1.36901371 1.50594911
0 3.03256904 -1.65059022 0.16822275 3.03843096 -1.62640978 1.46077725
0 3.21432625 -2.47109173 0.46118731 3.22067375 -2.44490827 1.86081269
0 1.34538907 -3.58708261 0.1555389 1.35561093 -3.54491739 2.4094611
0 -1.43159485 -3.60014126 1.11708527 -1.42740515 -3.58285874 2.04091473
0 0.54438693 -3.58721641 1.10706805 0.54861307 -3.56978359 2.03893195
0 -4.07620598 -3.60859968 0.19558075 -4.07179402 -3.59040032 1.16841925
0 -4.0814681 -2.8271184 0.31003438 -4.0775319 -2.8108816 1.17796562
0 -4.80718014 -1.68130557 0.13602978 -4.80581986 -1.67569443 0.43597022
0 -4.80524814 -1.83208608 0.12603505 -4.80375186 -1.82591392 0.45596495
0 -4.79899647 -1.98204792 0.17202923 -4.79800353 -1.97795208 0.39097077
0 -4.80819827 -1.27938037 0.12003126 -4.80680173 -1.27361963 0.42796874
0 -4.83297268 1.77648769 0.12102363 -4.83102732 1.78451231 0.54997637
0 -4.83197957 2.02745929 0.12100549 -4.83002043 2.03554071 0.55299451
0 -4.83692516 2.7771837 0.11900133 -4.83507484 2.7848163 0.52699867
0 -4.83497736 2.22596838 0.11599142 -4.83302264 2.23403162 0.54700858
0 -4.83501815 2.07530015 0.106999 -4.83298185 2.08369985 0.556001
0 -4.86815438 3.26030066 0.03520823 -4.86684562 3.26569934 0.32379177
0 -4.80728652 3.67875559 0.04507163 -4.80571348 3.68524441 0.39192837
0 -4.21766039 3.70871341 0.03113477 -4.21533961 3.71828659 0.54286523
0 -4.22794074 4.04561946 0.13306751 -4.22605926 4.05338054 0.54793249
0 -5.03592592 4.28211806 0.73808362 -5.02507408 4.32688194 3.13091638
0 -4.0455957 4.19373025 0.5358989 -4.0394043 4.21926975 1.9011011
0 -3.15775146 4.10683774 0.0680535 -3.15524854 4.11716226 0.6199465
0 -3.01475383 4.10882795 0.06503045 -3.01224617 4.11917205 0.61796955
0 -2.78674682 4.10885687 0.06607636 -2.78425318 4.11914313 0.61592364
0 -2.603765 4.11128189 0.05406849 -2.601235 4.12171811 0.61193151
0 -1.08704574 3.95349881 0.11466378 -1.08195426 3.97450119 1.23733622
0 -0.81354537 3.98250034 0.09524538 -0.80845463 4.00349966 1.21775462
0 -0.5333391 3.96935121 0.24622853 -0.5286609 3.98864879 1.27777147
0 0.597296 4.13353348 0.07401702 0.599704 4.14346652 0.60498298
0 0.74528483 4.13198742 0.04005507 0.74771517 4.14201258 0.57594493
0 0.87974391 4.13431865 0.04503318 0.88225609 4.14468135 0.59896682
0 1.01930053 4.13205219 0.06701694 1.02169947 4.14194781 0.59598306
0 1.25178257 4.13397811 0.07105695 1.25421743 4.14402189 0.60794305
0 1.34129392 4.13302492 0.07105943 1.34370608 4.14297508 0.60294057
0 1.53245479 4.13318852 0.14203183 1.53454521 4.14181148 0.60296817
0 1.6700546 4.13260024 0.17104011 1.6719454 4.14039976 0.58795989
0 1.84742516 4.13806627 0.13499683 1.84957484 4.14693373 0.60900317
0 2.54674851 3.9488376 1.19204613 2.54925149 3.9591624 1.74395387
0 1.96968585 3.92407911 0.00822897 1.98031415 3.96792089 2.35177103
0 3.13953063 3.94150134 0.06625352 3.14946937 3.98249866 2.25774648
0 3.14327001 3.76898878 1.8550364 3.14472999 3.77501122 2.1769636
0 3.10823307 3.7506489 0.101141 3.11276693 3.7693511 1.100859
0 3.11469516 3.63849252 0.05628185 3.11930484 3.65750748 1.07271815
0 3.114165 3.47786813 0.04113267 3.118835 3.49713187 1.07086733
0 3.1120949 3.23007895 0.03517496 3.1169051 3.24992105 1.09582504
0 3.11270149 3.04701863 0.08017788 3.11729851 3.06598137 1.09382212
0 3.10406031 2.83449879 0.24329879 3.10793969 2.85050121 1.09870121
0 -1.09546561 0.82489187 0.0630835 -1.09153439 0.84110813 0.9299165
0 -0.40369744 0.73906056 0.01896462 -0.40130256 0.74893944 0.54703538
0 -0.35956723 0.17016016 0.63192475 -0.35843277 0.17483984 0.88207525
0 -0.79106635 0.70697631 0.00386979 -0.78693365 0.72402369 0.91513021
0 -4.23372876 1.44136887 0.14030876 -4.23027124 1.45563113 0.90269124
0 -1.88235883 1.28708232 0.15812764 -1.87464117 1.31891768 1.85987236
0 -2.50050216 2.07599109 0.11202399 -2.49249784 2.10900891 1.87697601
0 -1.47595104 2.26176445 0.341045 -1.46904896 2.29023555 1.862955
0 0.67786168 2.53930441 0.03099947 0.68013832 2.54869559 0.53300053
0 0.00988639 2.77640636 0.04194926 0.01211361 2.78559364 0.53305074
0 0.96855337 2.60415765 0.59001778 0.96944663 2.60784235 0.78698222
0 0.87998932 3.10733093 0.03914408 0.88201068 3.11566907 0.48485592
0 0.20371529 3.34526306 0.09597086 0.20528471 3.35173694 0.44202914
1 -1.845 1.856 2.1 0.968 1.177 0.057
1 -1.37978942 2.10600089 1.86496366 0.92778942 1.54899911 0.18903634
2 -0.297 4.278 0.327 0.33 4.275 0.319
2 -4.85644689 4.3508275 3.59253999 3.22244689 4.3121725 3.48946001
2 -4.8978319 -3.52742186 3.58420838 3.2858319 -3.56657814 3.47979162
2 -1.43172789 -3.58376924 1.09611535 0.54572789 -3.59323076 1.07088465
2 -1.42479584 -3.5762737 2.05260346 0.55079584 -3.5857263 2.02739654
2 1.38516938 -3.55595057 2.40413181 2.65983062 -3.56204943 2.38786819
2 1.53596854 -3.52760511 2.22188637 2.53703146 -3.53239489 2.20911363
2 1.9778144 3.96669706 1.20169216 2.4781856 3.96430294 1.19530784
2 1.97916408 3.96570735 2.3612196 3.11083592 3.96029265 2.3467804
2 -4.92875798 4.1830443 1.93795146 -4.07424202 4.1789557 1.92704854
2 2.84909333 -2.45407461 1.89646771 3.23590667 -2.45592539 1.89153229
2 2.8771304 -1.31174943 0.03750153 3.1908696 -1.31325057 0.03349847
2 -1.8988274 4.26421449 0.34507196 -1.1821726 4.26078551 0.33592804
3 -0.219 1.748 1.013 -0.3 1.451 1.022
3 -0.45329718 1.77291033 1.17636635 -0.52770282 1.50008967 1.18463365
3 -0.65229889 1.8747374 1.33664432 -0.73970111 1.5542626 1.34635568
3 -1.07177242 2.04916781 1.66058582 -1.17822758 1.65883219 1.67241418
3 -1.28497182 2.10060333 1.80516354 -1.37202818 1.78139667 1.81483646
3 -0.18196328 1.83696798 1.0192737 -0.28503672 1.45903202 1.0307263
3 0.91334714 1.52977284 0.1966281 0.82565286 1.20822716 0.2063719
3 0.46656362 1.63306661 0.50927071 0.37243638 1.28793339 0.51972929
3 0.24237489 1.66870794 0.66773612 0.15662511 1.35429206 0.67726388
4 -4.225 3.709 0.556 -4.771 3.684 0.564
4 -4.2420032 3.71098062 0.0173462 -4.8089968 3.68501938 0.0256538
4 3.43840067 0.23109985 3.53340805 3.08459933 0.21490015 3.53859195
4 -4.78303126 0.46608373 3.53925321 -5.15796874 0.44891627 3.54474679
5 -4.226 1.379 0.587 -4.284 0.912 0.594
5 -4.2138222 1.37093156 0.11347854 -4.2721778 0.90106844 0.12052146
5 -4.20960199 1.55781674 0.91235714 -4.31139801 0.73818326 0.92464286
6 -2.222 -2.802 0.723 0.914 -2.074 0.707 
6 -2.21165307 -2.06723196 0.77794466 0.70665307 -1.38976804 0.76305534
7 -2.424 2.022 1.873 -1.930 1.386 1.876
8 -2.421 2.157 1.864 -1.772 2.209 2.099
9 -1.793 1.428 1.893 -1.480 2.235 1.868
