3.28520012 4.35029984 3.97440004
3.19950008 0.1539 0.0066
3.18709993 0.8272 0.0545
3.17549992 1.07939994 0.2454
3.18109989 0.84670001 0.44760001
3.19790006 0.49070001 0.0076
3.18860006 0.56190002 0.31209999
3.19199991 0.2306 0.30680001
2.88400006 0.80339998 -0.0265
3.17339993 1.05999994 0.68049997
3.18479991 0.73509997 0.73830003
3.1730001 1.00469995 0.99110001
3.18309999 0.70719999 1.06379998
3.18499994 0.44620001 0.60000002
3.19169998 0.18960001 0.77179998
3.19020009 0.34810001 1.04920006
3.17420006 1.0668 1.29799998
3.18039989 0.71859998 1.37479997
3.17840004 1.06260002 1.60950005
3.18289995 0.71689999 1.68239999
3.1954999 0.1882 1.31420004
3.18440008 0.46900001 1.86399996
3.18969989 0.35820001 1.57710004
3.2980001 1.18040001 2.48079991
3.30110002 1.17900002 2.8032999
3.30310011 1.12590003 3.10739994
3.30500007 0.21250001 2.49760008
3.30749989 0.2114 2.81590009
3.30629992 0.0687 3.09949994
3.30010009 0.71890002 2.48440003
3.1803 1.0632 1.92840004
3.1861999 0.9939 2.23090005
3.18779993 0.74779999 1.995
3.18959999 0.50550002 2.20499992
3.19630003 0.198 2.00950003
3.30310011 0.60640001 2.77830005
3.30719995 0.60229999 3.09369993
3.30279994 0.88810003 2.90260005
3.30629992 0.85350001 3.2750001
3.31279993 0.3441 3.27579999
3.27399993 -3.54410005 0.26840001
2.87649989 -3.58960009 0.0984
2.87800002 -3.58719993 0.43430001
2.7270999 -3.18289995 -0.002
3.30909991 -2.61829996 0.55070001
3.31780005 -2.65370011 0.86849999
3.3217001 -2.66429996 1.18649995
3.32599998 -2.67219996 1.63440001
2.87930012 -3.58229995 0.76590002
2.88039994 -3.57620001 1.09280002
2.85730004 -3.04180002 1.88380003
2.88190007 -3.57419991 1.42050004
2.81060004 -3.57800007 1.71870005
3.33430004 -3.03200006 2.22989988
3.32800007 -2.67289996 1.98679996
3.33260012 -2.84360003 2.49659991
3.33209991 -2.83049989 2.83599997
3.33450007 -2.83340001 3.14779997
3.32509995 -3.56699991 2.02740002
3.3269999 -3.56699991 2.3599
3.32850003 -3.56529999 2.69560003
3.32999992 -3.56279993 3.03830004
3.3369 -3.22329998 2.47199988
2.99440002 -3.57369995 2.0223
2.77699995 -3.57179999 2.25040007
3.03270006 -3.56710005 2.45900011
2.74180007 -3.56690001 2.58929992
3.33660007 -3.21239996 2.79150009
3.33870006 -3.21350002 3.1177001
3.03430009 -3.56599998 2.79500008
2.7434001 -3.56529999 2.92619991
3.03570008 -3.56419992 3.13549995
2.74499989 -3.56450009 3.26539993
3.29390001 -0.9497 0.0132
3.29559994 -0.7094 0.22059999
3.29940009 -0.96109998 0.4084
3.2980001 -1.64830005 0.0565
3.28620005 -2.08739996 0.0771
3.30060005 -1.65139997 0.36570001
3.30060005 -2.01489997 0.39210001
3.28530002 -1.28390002 -0.0113
3.29920006 -1.33130002 0.29550001
3.02399993 -1.12469995 -0.0125
3.01990008 -1.47459996 0.0109
3.03719997 -1.41949999 0.4463
3.05660009 -1.80340004 0.1723
2.76239991 -1.29509997 -0.0129
3.22939992 -0.42179999 -0.0135
3.2025001 -0.1384 0.1114
3.2032001 -0.0741 0.42770001
3.08800006 -0.69749999 -0.015
2.90939999 -0.1319 0.0093
2.88030005 -0.44299999 -0.0172
2.86030006 -0.242 0.4596
2.92779994 0.34630001 -0.0242
2.65359998 0.49219999 -0.0245
2.7104001 0.1182 -0.0221
2.60450006 -0.208 0.011
2.43729997 0.2746 -0.0167
2.75869989 -0.95649999 -0.0142
2.64709997 -0.6498 -0.0146
2.4763 -1.0905 -0.0133
2.36290002 -0.77069998 -0.0141
2.39980006 -0.4382 -0.0148
2.33220005 -0.0353 -0.0188
2.03699994 0.0566 -0.0178
2.0869 -0.3712 -0.0156
2.06520009 -0.67830002 -0.0128
1.83249998 -0.17569999 -0.0138
3.30979991 -2.33069992 0.28150001
3.00390005 -2.14330006 0.32350001
3.05769992 -2.4625001 0.41760001
2.67339993 -2.32559991 0.038
2.69219995 -2.20939994 0.3213
2.80609989 -1.78349996 -0.0114
2.79489994 -1.88689995 0.3193
2.54830003 -1.61440003 -0.0117
2.58529997 -2.02020001 -0.0086
2.24099994 -1.70179999 -0.0105
2.27819991 -2.01740003 -0.0078
2.69659996 -2.87100005 -0.003
2.42790008 -2.70810008 -0.0042
2.41589999 -3.09920001 -0.0021
2.11350012 -2.76130009 -0.0044
2.31999993 -2.38479996 -0.0051
1.97399998 -1.92990005 -0.0092
2.02399993 -2.30419993 -0.005
1.73769999 -2.18630004 -0.0057
2.3289001 -1.36479998 -0.012
2.15370011 -1.05939996 -0.013
2.03469992 -1.47570002 -0.0114
1.83200002 -1.09990001 -0.0128
1.75189996 -0.6864 -0.0127
1.60220003 -0.384 -0.0117
1.53299999 -0.90399998 -0.0105
1.38370001 -0.60970002 -0.0123
1.30630004 -0.91329998 0.20020001
1.77180004 -1.66410005 -0.0112
1.64400005 -1.36380005 -0.0117
1.46420002 -1.61170006 -0.01
1.47119999 -1.99469995 -0.0084
1.36399996 -1.96510005 0.29960001
1.27750003 -1.63450003 0.23289999
1.375 -1.18540001 -0.0104
1.34560001 -1.08840001 0.4524
1.11140001 -0.76419997 -0.0041
1.01719999 -0.96200001 0.3035
0.78659999 -1.09309995 0.4691
3.30029988 -0.71719998 0.61220002
3.30410004 -0.96890002 0.78969997
3.30180001 -0.71450001 0.97170001
3.3032999 -0.95859998 1.16499996
3.30310011 -0.7119 1.34599996
3.30649996 -0.71710002 1.653
3.31019998 -0.9684 1.8391
3.30419993 -1.65880001 0.6936
3.30909991 -2.04390001 0.70990002
3.31130004 -1.79779994 0.99110001
3.31649995 -2.06640005 1.14170003
3.3131001 -1.68089998 1.2852
3.31699991 -1.93120003 1.46249998
3.31469989 -1.67900002 1.66079998
3.32080007 -1.93830001 1.8276
3.30310011 -1.24080002 0.60210001
3.30679989 -1.24849999 0.92650002
3.00749993 -1.67390001 0.61769998
3.0553 -1.63030005 0.92180002
3.02769995 -1.36210001 0.76459998
3.03369999 -1.38279998 1.10590005
3.30769992 -1.24319994 1.29760003
3.30970001 -1.24380004 1.61730003
3.31439996 -1.45589995 1.8829
3.05929995 -1.24349999 1.79340005
3.0624001 -1.38820004 1.48609996
3.02920008 -1.76380002 1.55260003
3.03369999 -1.63189995 1.83809996
3.31040001 -0.7227 2.03119993
3.31299996 -0.96950001 2.21760011
3.3124001 -0.72149998 2.41869998
3.31450009 -0.72219998 2.7256999
3.31809998 -0.97280002 2.91420007
3.31839991 -0.7277 3.10050011
3.32270002 -0.98180002 3.29080009
3.31900001 -1.68579996 2.09380007
3.32349992 -2.0717001 2.12540007
3.32139993 -1.80659997 2.40249991
3.32570004 -2.06999993 2.5697999
3.3204999 -1.67680001 2.7039001
3.32550001 -1.93210006 2.90120006
3.32299995 -1.67809999 3.08119988
3.32809997 -1.93420005 3.27399993
3.31459999 -1.34780002 2.17770004
3.31649995 -1.24989998 2.47169995
3.31760001 -1.34539998 2.78329992
3.32019997 -1.25059998 3.08780003
3.19939995 -0.1162 0.74479997
3.19919991 -0.1091 1.05239999
3.19989991 -0.1043 1.40999997
3.19989991 -0.0986 1.72819996
3.30780005 -0.22840001 2.49410009
3.20230007 -0.0991 2.09050012
3.31060004 -0.2306 2.81859994
3.31450009 -0.36309999 3.11010003
3.3138001 -2.33570004 0.80519998
3.02830005 -2.46239996 0.73470002
3.12240005 -2.45889997 1.03840005
3.32060003 -2.35409999 1.25899994
3.32380009 -2.35969996 1.5927
3.0315001 -2.46079993 1.34879994
3.03290009 -2.45880008 1.68429995
2.83960009 -2.62459993 1.89069998
2.87290001 -2.93339992 0.9623
3.32590008 -2.36100006 1.92700005
3.32789993 -2.36089993 2.23390007
3.32999992 -2.51360011 2.50270009
3.329 -2.35299993 2.7658
3.33010006 -2.3499999 3.08929992
1.29530001 -1.69739997 0.55839998
1.37530005 -1.20350003 0.73989999
1.07190001 -1.13900006 0.66030002
0.82209998 -1.23670006 0.8251
3.12339997 2.92709994 -0.0166
3.1796 2.50209999 -0.0029
3.16529989 2.36849999 0.27340001
3.16420007 2.72650003 0.2175
3.2428 3.96939993 0.0213
3.25900006 3.97959995 0.3274
3.11369991 3.62820005 -0.0267
2.93919992 3.94560003 -0.03
2.94980001 3.95420003 0.2814
3.19289994 3.25169992 0.0183
3.19029999 2.03290009 -0.0101
3.15709996 1.93630004 0.28189999
3.15540004 1.40719998 0.36829999
3.19320011 1.6882 -0.0023
2.85579991 1.73189998 -0.0336
3.02469993 1.70060003 0.43520001
2.95210004 2.29649997 -0.0376
2.77889991 2.04250002 -0.0376
2.60100007 2.30800009 -0.0418
2.9539001 1.23819995 -0.0288
2.65400004 1.31480002 -0.031
2.82920003 1.56509995 0.2269
2.65089989 1.0079 -0.0283
2.34500003 1.27849996 -0.0301
2.54690003 1.6947 -0.0219
2.46580005 2.02940011 -0.0381
2.25640011 1.80280006 -0.035
2.12840009 1.50230002 -0.0305
1.95949996 1.89409995 -0.0222
2.20289993 2.18600011 -0.0298
1.89690006 2.20760012 -0.0336
1.66030002 2.01220012 -0.0278
1.60829997 2.31960011 -0.0395
1.2859 2.57590008 -0.0376
1.06799996 2.94460011 -0.0402
0.98699999 2.64179993 -0.0459
0.95270002 2.76780009 0.458
3.16429996 2.4921999 0.5898
3.16869998 2.33049989 0.85039997
3.27740002 3.06620002 2.48469996
3.27929997 2.75749993 2.46950006
3.17449999 2.33450007 1.93869996
3.17319989 2.49819994 2.19740009
3.2809999 2.3598001 2.46950006
3.28250003 3.06669998 2.79979992
3.28600001 2.75640011 2.78139997
3.28520012 3.02270007 3.10540009
3.2901001 2.76539993 3.27099991
3.28789997 2.4835 2.9224999
3.28430009 2.22009993 2.75379992
3.28760004 2.2197001 3.09030008
3.26250005 3.98210001 0.63599998
3.26360011 3.99370003 2.44869995
3.27539992 3.41910005 2.52950001
3.27220011 3.88820004 2.74180007
3.2729001 4.00010014 3.02789998
3.27749991 3.42070007 2.83829999
3.28279996 3.30559993 3.23149991
3.27600002 3.69709992 2.98189998
3.27979994 3.61229992 3.27839994
3.26230001 4.22650003 2.73210001
3.27010012 4.23309994 3.23709989
3.13829994 4.3757 2.98850012
2.9066999 4.37489986 3.26600003
2.7895 4.37349987 2.97600007
3.16759992 1.78620005 0.74879998
3.17319989 1.78180003 1.05929995
3.16869998 1.41079998 0.68370003
3.17860007 1.30209994 1.07249999
3.17540002 1.7823 1.38150001
3.17680001 1.78419995 1.72430003
3.17820001 1.46920002 1.33050001
3.1789999 1.42770004 1.64139998
3.15949988 2.1243 0.52890003
3.16529989 2.2183001 1.13950002
3.16759992 2.19630003 1.51820004
3.17790008 1.78620005 2.05669999
3.28769994 2.00119996 2.48140001
3.29320002 1.68270004 2.4849999
3.18210006 1.51769996 2.2112999
3.2966001 1.66359997 2.79110003
3.29909992 1.66349995 3.10899997
3.29209995 1.95879996 2.91549993
3.29640007 1.972 3.28609991
3.30310011 1.39820004 3.27810001
3.17709994 2.19320011 2.22149992
1.9131 4.21140003 0.18170001
1.5783 4.1328001 0.093
1.30250001 4.02540016 -0.0514
1.31079996 4.14440012 0.2782
1.09329998 3.72359991 -0.0506
1.03629994 4.18289995 -0.0512
1.03960001 4.19399977 0.44960001
0.82410002 3.88709998 -0.055
0.8434 4.14069986 0.1837
0.6221 4.11789989 -0.0518
0.65740001 4.14160013 0.45050001
1.01129997 3.41589999 -0.0538
0.73519999 3.58579993 -0.0552
0.8258 3.13639998 0.019
0.86650002 3.05029988 0.37380001
0.79140002 2.85890007 0.145
0.54400003 3.24009991 -0.052
0.61769998 3.21350002 0.28349999
0.47350001 3.75029993 -0.0537
0.30930001 4.20849991 -0.0497
0.29899999 3.4296999 -0.0532
0.1718 3.83529997 -0.0506
0.0029 4.28399992 -0.0488
0.27169999 4.26669979 0.28490001
-0.0343 4.34560013 0.36899999
-0.1318 3.92079997 -0.05
-0.29980001 4.23320007 -0.0469
-0.32929999 4.27659988 0.28130001
2.55340004 4.37139988 3.19029999
2.31949997 4.36609983 2.9855001
2.21280003 4.36399984 3.27349997
2.01469994 4.32660007 2.91729999
1.9181 4.42469978 3.19320011
1.73220003 4.17490005 3.25139999
1.2543 4.34320021 0.60930002
0.87819999 4.27960014 0.7482
0.57800001 4.23430014 0.79979998
0.71929997 4.25220013 1.07790005
0.68660003 4.19420004 1.67630005
0.70319998 3.09389997 0.63639998
0.44240001 3.2565999 0.53509998
0.40630001 4.24970007 1.51979995
0.43900001 4.21099997 1.86889994
0.8836 4.24679995 2.38030005
0.74379998 4.21080017 2.00679994
0.64219999 4.15570021 2.58010006
1.15690005 4.23199987 2.77139997
1.36240005 4.24490023 3.10360003
0.88709998 4.23829985 2.92549992
1.03269994 4.18440008 3.19440007
0.662 4.1486001 3.20140004
0.48660001 4.18769979 2.22309995
0.3475 4.23089981 2.66829991
0.50809997 4.1697998 2.9374001
0.331 4.32200003 0.60839999
0.0776 4.34639978 0.8057
0.34240001 4.31820011 0.9849
0.0803 4.34749985 1.16419995
-0.2093 4.34450006 0.63
-0.4896 4.34469986 0.80549997
-0.2078 4.34619999 0.99449998
-0.48679999 4.34600019 1.16530001
0.0872 4.34630013 1.52149999
0.0913 4.34670019 1.87230003
-0.205 4.34730005 1.34420002
-0.4844 4.34719992 1.51549995
-0.19859999 4.34679985 1.70249999
-0.4795 4.34759998 1.87080002
0.19859999 4.31809998 2.1710999
-0.0077 4.34619999 2.40339994
-0.1946 4.34709978 2.04380012
-0.4738 4.34719992 2.22160006
-0.317 4.34549999 2.58039999
0.057 4.34320021 2.75219989
0.26249999 4.25400019 3.13840008
-0.0244 4.34509993 3.08080006
-0.31220001 4.34539986 2.92610002
-0.3405 4.34509993 3.29530001
2.46499991 0.74900001 -0.0215
2.24699998 0.98299998 -0.0272
2.18700004 0.61919999 -0.0243
1.96249998 0.86989999 -0.0266
2.02460003 1.2033 -0.0295
1.82690001 1.44079995 -0.0306
1.52040005 1.50730002 -0.0271
1.73020005 1.09860003 -0.0257
1.42299998 1.08700001 -0.0272
2.01160002 0.36379999 -0.0208
1.74460006 0.185 -0.0162
1.79069996 0.59390002 -0.0235
1.52709997 0.43169999 -0.0185
1.51900005 -0.0666 -0.0152
1.32539999 0.1919 -0.0154
1.55879998 0.7985 -0.024
1.24619997 0.74629998 -0.0238
1.11389995 1.04130006 -0.027
1.12919998 0.44530001 -0.0186
0.93409997 0.7022 -0.0226
1.43599999 1.80260003 -0.027
1.36969995 2.11669993 -0.0334
1.08270001 1.99520004 -0.0214
1.18980002 1.61500001 -0.0323
0.89490002 1.70340002 -0.0352
0.97109997 1.78740001 0.24950001
1.12370002 2.30640006 -0.0368
0.8107 2.30240011 -0.0435
0.68059999 2.58669996 0.0114
0.76840001 1.98660004 -0.0381
0.5079 2.24429989 -0.0425
1.0891 1.33050001 0.0723
0.81290001 1.23679996 -0.0297
1.09150004 1.33329999 0.3865
0.59729999 1.62020004 -0.0351
0.7475 1.58299994 0.29359999
0.81980002 0.95679998 0.1214
0.55729997 1.01680005 -0.0256
0.58660001 1.08430004 0.28659999
0.38859999 1.34710002 -0.0258
0.4366 1.31900001 0.42809999
0.4576 1.91659999 -0.0386
0.59249997 1.78250003 0.4698
0.19580001 2.09439993 -0.0403
0.2235 1.6336 -0.0328
-0.0872 1.71570003 -0.0335
1.30560005 -0.28740001 -0.0139
1.09399998 -0.0576 -0.0132
1.0359 -0.46709999 -0.012
0.79079998 -0.1885 -0.0121
0.91979998 0.2049 -0.0137
0.70990002 0.44530001 -0.0178
0.6103 0.0698 -0.0106
0.38839999 0.38870001 -0.0163
0.80540001 -0.86540002 0.0224
0.71899998 -0.50129998 -0.011
0.40290001 -0.43149999 -0.0103
0.50840002 -0.9447 0.102
0.2931 -0.72839999 -0.0002
0.26480001 -0.1018 -0.0099
0.1434 0.19859999 -0.0134
0.0344 -0.52890003 -0.0089
-0.0587 -0.163 -0.0103
0.53219998 0.6961 -0.0209
0.25350001 0.85280001 -0.0222
0.0602 0.53659999 -0.0258
-0.0685 0.82539999 -0.022
0.0864 1.27320004 -0.0273
-0.22679999 1.36109996 -0.0284
-0.3908 1.6688 -0.0318
-0.2757 1.05420005 -0.0251
-0.52240002 1.27310002 -0.0223
-0.2281 0.40709999 -0.016
-0.3633 0.74180001 -0.0212
-0.3721 0.44859999 0.2581
-0.39489999 0.68169999 0.46059999
-0.2586 0.0696 -0.0119
-0.34400001 0.16320001 0.36480001
-0.6153 0.91549999 -0.0238
-0.58999997 0.7306 0.221
-0.82999998 1.22490001 -0.0271
-0.88849998 0.75709999 -0.0214
-0.84560001 0.7403 0.3917
-1.08780003 0.99229997 -0.0233
-1.09710002 0.8294 0.2396
1.20949996 1.22409999 0.96950001
1.1142 1.49339998 0.81279999
0.80769998 2.67709994 0.85009998
0.9131 1.30200005 0.96749997
0.3468 1.77600002 0.65899998
0.1805 1.46570003 0.65189999
0.0804 1.78919995 0.82230002
-0.1663 1.85039997 0.99440002
-0.0651 1.45790005 0.83960003
-0.33469999 1.47870004 0.99690002
-0.56349999 1.51719999 1.21379995
-0.3822 0.4666 0.68430001
-0.40779999 0.72210002 0.85159999
-0.35749999 0.17900001 0.7992
-0.66869998 0.39399999 0.88120002
-0.74220002 0.3477 1.19089997
-0.65570003 0.72229999 0.63160002
-0.88270003 0.76239997 0.83420002
-0.7712 0.64240003 1.09399998
-1.07290006 0.8215 0.59030002
-1.07589996 0.71100003 1.10469997
-0.0015 3.36450005 -0.0509
0.3229 3.30839992 0.24680001
-0.2085 3.6020999 -0.0512
-0.49180001 3.38080001 -0.0476
-0.4382 3.97930002 0.1131
-0.4337 3.99429989 0.4673
-0.59909999 4.3190999 0.0545
-0.60900003 4.34159994 0.4628
-0.54970002 3.69000006 -0.0454
-0.81599998 3.90330005 -0.0445
-0.69849998 3.98790002 0.28670001
-0.99910003 3.99519992 0.458
-0.88599998 4.2178998 -0.0431
-0.889 4.27260017 0.28490001
-1.11310005 3.98300004 -0.0448
-1.20879996 4.28000021 -0.0266
-1.14429998 4.33790016 0.46919999
-1.45009995 4.33470011 0.3698
-0.79299998 3.46659994 -0.0465
-1.09039998 3.38429999 -0.0459
-1.03470004 3.73009992 0.1179
-1.2802 3.63829994 -0.0449
-1.51820004 3.39610004 -0.0401
-1.50020003 4.00719976 -0.0432
-1.59080005 3.70869994 -0.0402
-1.79960001 3.94020009 -0.0429
-2.0559001 3.93919992 0.145
-0.70490003 1.52550006 -0.0303
-1.47979999 2.22370005 0.2001
-1.01049995 1.57439995 -0.0293
-1.32379997 1.67250001 -0.0289
-1.14170003 1.29680002 -0.0271
-1.398 1.11339998 -0.0245
-1.50419998 1.42229998 -0.0282
-1.58070004 1.95809996 0.0717
-1.54369998 2.05830002 0.47679999
-1.71389997 2.41039991 0.2658
-1.88440001 2.21589994 0.47440001
-1.69509995 1.66359997 -0.0304
-1.69430006 1.66480005 0.2771
-1.97160006 2.19120002 0.1217
-1.84309995 3.44679999 -0.0378
-2.02979994 3.69280005 -0.041
-2.19959998 3.43829989 -0.0357
-2.45029998 3.63750005 -0.0407
0.56209999 2.87229991 0.85259998
0.3118 3.24499989 0.81209999
0.2321 2.89499998 0.85140002
0.1164 3.31069994 0.5431
-0.0024 3.25839996 0.85689998
-0.4332 3.99620008 0.81199998
-0.43079999 3.99740005 1.16579998
-0.75599998 3.98920012 0.73049998
-0.75019997 3.98970008 1.07869995
-0.875 4.33909988 0.63929999
-0.824 4.34119987 0.99229997
-1.13759995 4.33790016 0.8089
-1.06089997 3.99370003 0.8179
-1.07710004 4.33949995 1.17120004
-1.05149996 3.9934001 1.16330004
-1.44389999 4.3348999 0.71969998
-1.37600005 4.33650017 1.08099997
-0.77630001 4.34310007 1.35010004
-0.81919998 4.3435998 1.69400001
-1.07809997 4.34189987 1.52149999
-1.07790005 4.34399986 1.87520003
-1.375 4.33820009 1.44130003
-1.37419999 4.34000015 1.78499997
-1.64779997 4.33389997 1.25250006
-1.6473 4.33580017 1.61829996
-0.5794 4.34439993 2.75749993
-0.81900001 4.34579992 2.06010008
-0.71710002 4.3448 2.40939999
-1.07019997 4.34350014 2.23699999
-1 4.34040022 2.59179997
-1.37049997 4.34089994 2.13450003
-1.29649997 4.34079981 2.5007
-0.84439999 4.34259987 2.93950009
-0.61440003 4.34399986 3.1552
-0.9332 4.34049988 3.29099989
-1.16050005 4.33949995 2.9454999
-1.26689994 4.33620024 3.29809999
-1.64680004 4.33769989 1.96870005
-1.63699996 4.33699989 2.32500005
-1.54879999 4.33519983 2.67980003
-1.5424 4.3354001 3.01990008
-0.4161 1.85360003 1.17120004
-0.63169998 1.96860003 1.35790002
-0.84219998 1.60899997 1.3628
-0.89270002 2.0308001 1.52419996
-1.12269998 1.85319996 1.64470005
-1.47959995 2.22539997 0.736
-1.47809994 2.24729991 1.08870006
-1.23529994 2.10800004 1.80449998
-1.47469997 2.2493 1.43939996
-1.4763 2.29069996 1.74469995
-1.36530006 1.72309995 1.78980005
-1.62160003 1.85590005 0.74839997
-1.58290005 1.96000004 1.06239998
-1.81130004 2.23729992 0.81900001
-1.72940004 1.57879996 0.6455
-1.68470001 1.69430006 1.18869996
-1.76429999 1.49070001 0.96749997
-1.58369994 1.96070004 1.45159996
-1.5848 1.96150005 1.86580002
-1.91750002 2.23230004 1.3635
-1.85249996 2.25049996 1.70940006
-1.75240004 1.52180004 1.54330003
-1.76329994 1.4928 1.86399996
-1.57939994 2.19939995 2.05929995
-1.77400005 1.82389998 2.06570005
-2.34629989 2.14120007 0.63690001
-2.24329996 2.16899991 1.01479995
-2.35360003 2.16739988 1.7177
2.57730007 -3.47919989 0.0001
2.25909996 -3.53670001 0.0179
2.58450007 -3.55509996 0.31889999
2.26049995 -3.53309989 0.3513
2.5861001 -3.55229998 0.64829999
2.26200008 -3.53299999 0.6785
2.5875001 -3.55029988 0.9738
2.26360011 -3.5308001 1.00160003
2.58899999 -3.54830003 1.29869998
2.26530004 -3.52870011 1.32509995
2.51699996 -3.52830005 1.62020004
2.33929992 -3.52609992 1.88300002
2.44799995 -3.52509999 2.1803
2.41599989 -3.57019997 2.48790002
2.27320004 -3.57159996 2.77990007
2.45440006 -3.56750011 3.04029989
2.27559996 -3.56730008 3.30609989
2.11490011 -3.2191 -0.002
1.85090005 -2.98639989 -0.0033
1.9734 -3.53520012 0.1356
1.97510004 -3.53299999 0.4666
1.73090005 -3.36960006 -0.0005
1.83449996 -2.60549998 -0.0043
1.56860006 -2.81349993 -0.0055
1.51269996 -2.41230011 -0.0043
1.47490001 -3.11199999 -0.0029
1.40919995 -3.42750001 0.0059
1.68729997 -3.53369999 0.2676
1.43429995 -3.55320001 0.45680001
1.1724 -3.59759998 0.1283
1.10039997 -3.59920001 0.4594
1.97669995 -3.53180003 0.79329997
1.97839999 -3.52970004 1.11580002
1.9799 -3.52819991 1.43900001
2.05220008 -3.52629995 1.74399996
1.76699996 -3.52469993 1.88129997
1.68910003 -3.53200006 0.63239998
1.43610001 -3.55080009 0.82260001
1.69099998 -3.52900004 0.99309999
1.43789995 -3.55019999 1.18280005
1.10179996 -3.59960008 0.7924
1.14020002 -3.59829998 1.10389996
1.65680003 -3.52699995 1.40649998
1.36409998 -3.57660007 1.48399997
1.47669995 -3.54719996 1.78299999
1.14429998 -3.5861001 1.72440004
0.99409997 -3.59209991 1.37890005
2.08979988 -3.52469993 2.06200004
1.8039 -3.5230999 2.20230007
2.09150004 -3.55960011 2.39289999
1.80320001 -3.57879996 2.50460005
1.949 -3.57439995 2.81010008
2.02259994 -3.57069993 3.12220001
1.47850001 -3.54489994 2.10700011
1.43959999 -3.58599997 2.41960001
1.18149996 -3.58990002 2.03719997
1.10979998 -3.58879995 2.3657999
1.66040003 -3.57660007 2.94359994
1.73459995 -3.57249999 3.25469995
1.40559995 -3.58119988 2.75950003
1.40760005 -3.57669997 3.13700008
1.11259997 -3.58360004 2.8520999
0.8858 -3.59060001 1.91989994
0.88870001 -3.58990002 2.58909988
1.11450005 -3.579 3.23090005
1.06850004 -1.75489998 0.76239997
0.6846 -1.62689996 0.80379999
0.52029997 -1.61440003 1.07319999
0.30739999 -1.56379998 0.83789998
0.2225 -1.63740003 1.14559996
0.80330002 -3.6006999 0.5413
0.65429997 -3.6013 0.82639998
0.8053 -3.60220003 1.09580004
0.46309999 -3.6027 0.5377
0.3883 -3.60310006 1.00160003
0.1543 -3.60470009 0.59729999
0.0775 -3.60450006 0.90570003
0.61900002 -3.59990001 1.35399997
0.7349 -3.59260011 1.64180005
0.39590001 -3.58150005 1.59860003
0.5499 -3.5776999 1.89020002
0.31740001 -3.58520007 1.29900002
0.0457 -3.58529997 1.46019995
0.24339999 -3.58069992 1.88970006
0.81190002 -3.59209991 2.23699999
0.58679998 -3.59389997 2.46539998
0.4332 -3.59509993 2.17670012
0.0443 -3.59850001 2.13879991
0.2421 -3.59209991 2.41969991
0.62669998 -3.58990002 2.76999998
0.85369998 -3.58509994 3.02200007
0.62949997 -3.58419991 3.23079991
0.39899999 -3.58949995 2.99569988
0.2432 -3.59179997 2.72580004
0.3247 -3.5854001 3.30769992
0.0895 -3.58909988 2.99720001
-0.071 -3.58360004 1.75919998
-0.16249999 -3.60660005 0.59539998
-0.1147 -3.58960009 1.16540003
-0.43900001 -3.59299994 1.10099995
-0.65490001 -3.61109996 0.63569999
-0.99680001 -3.61290002 0.61379999
-0.78030002 -3.61069989 0.91589999
-0.94319999 -3.59310007 1.19519997
-0.27309999 -3.58649993 1.42719996
-0.39340001 -3.5848999 1.73220003
-0.64380002 -3.58859992 1.33930004
-0.89700001 -3.58850002 1.53670001
-0.68300003 -3.58579993 1.83940005
-1.02559996 -3.58800006 1.85459995
-0.0722 -3.59489989 2.44659996
0.0116 -3.58850002 3.3269999
-0.26989999 -3.58279991 2.03679991
-0.3563 -3.60109997 2.33240008
-0.51880002 -3.59820008 2.59699988
-0.60579997 -3.60409999 2.13499999
-0.9016 -3.60489988 2.24569988
-0.85710001 -3.6019001 2.56809998
-0.1505 -3.59260011 2.77769995
-0.43450001 -3.59599996 2.92989993
-0.3096 -3.59240007 3.22889996
-0.76910001 -3.59809995 2.89109993
-0.59810001 -3.59369993 3.33150005
-0.93900001 -3.59629989 3.15739989
-1.21570003 -3.61240005 0.85460001
-1.44319999 -3.61509991 0.63020003
-1.25090003 -3.59439993 1.18219995
-1.5812 -3.6164999 0.92460001
-1.77079999 -3.61829996 0.63419998
-1.76779997 -3.61509991 1.17480004
-1.96290004 -3.61879992 0.89270002
-1.20360005 -3.59089994 1.49839997
-1.42859995 -3.59209991 1.73000002
-1.53190005 -3.61249995 1.40260005
-1.81299996 -3.61299992 1.53680003
-1.71679997 -3.61139989 1.85309994
-2.10840011 -3.6164999 1.1983
-2.05509996 -3.61199999 1.74749994
-1.25510001 -3.60800004 2.06730008
-1.16340005 -3.60489988 2.44109988
-1.48070002 -3.60780001 2.28690004
-1.43359995 -3.60619998 2.59200001
-1.81009996 -3.61030006 2.16120005
-1.76069999 -3.60759997 2.46460009
-1.07219994 -3.60030007 2.7902
-1.33899999 -3.60019994 2.94330001
-1.20099998 -3.59549999 3.33450007
-1.52020001 -3.59910011 3.22609997
-1.71089995 -3.60430002 2.77130008
-1.95019996 -3.60479999 2.96539998
-1.8513 -3.60170007 3.29360008
-2.10220003 -3.6098001 2.25740004
-2.05080009 -3.60800004 2.59789991
0.47310001 -1.11090004 0.38530001
0.1372 -1.14189994 0.3134
0.1813 -1.03989995 -0.0068
-0.1275 -1.10010004 -0.0075
-0.1228 -1.27040005 0.47710001
-0.32870001 -1.20379996 0.2318
-0.1587 -0.78320003 -0.0065
-0.26370001 -0.40439999 -0.0082
-0.48890001 -0.75830001 -0.0055
-0.57920003 -0.45100001 -0.0079
-0.81770003 -0.65259999 -0.0063
-0.58890003 -0.55040002 0.3942
-0.43290001 -1.33969998 0.4912
-0.49739999 -1.06649995 -0.005
-0.7568 -1.23000002 0.013
-0.9641 -0.99089998 -0.0026
-1.0697 -1.2895 -0.0025
-0.72829998 -1.34560001 0.31459999
-0.94889998 -1.48029995 0.49360001
-0.53009999 -0.148 -0.0093
-1.27569997 0.71960002 -0.0181
-1.57879996 0.4878 -0.0146
-1.86059999 0.27239999 -0.0098
-2.14890003 0.1221 -0.0047
-1.16159999 -1.42279994 0.273
-1.37 -1.56009996 0.4655
-1.41470003 -1.25880003 -0.001
-1.54100001 -1.47440004 0.18629999
-1.69079995 -1.61829996 0.43000001
-2.36360002 -0.1112 0.30919999
0.54140002 -1.2177 0.68989998
0.2323 -1.2457 0.60610002
0.0397 -1.36570001 0.83530003
-0.47749999 -0.3926 0.991
-0.59350002 -0.55779999 0.7227
-0.58099997 -0.45680001 1.28900003
-0.26109999 -1.43009996 0.8125
-0.64520001 -1.48819995 0.66759998
-0.89289999 -1.61810005 0.83600003
-0.79710001 -0.4598 1.01289999
-1.19669998 -1.63909996 0.7105
-1.51310003 -1.70570004 0.70090002
-1.84800005 -1.76730001 0.66439998
-2.05010009 -1.91340005 0.86129999
-2.19910002 -1.81920004 0.59219998
-2.37010002 -1.96759999 0.8258
-2.3585999 -0.2191 0.75419998
-2.71510005 -0.4596 0.88679999
-3.02049994 -0.69800001 0.88660002
-3.32060003 -0.93269998 0.89170003
-1.58220005 0.83450001 -0.0194
-1.71399999 1.18470001 -0.0156
-1.82560003 1.33319998 0.29249999
-1.88520002 0.60140002 -0.0151
-1.96519995 0.90490001 -0.0201
-2.01320004 1.2924 -0.0236
-2.22059989 1.079 0.0613
-2.15310001 0.4526 -0.0101
-2.26430011 0.72869998 0.1047
-2.41630006 0.27669999 -0.0045
-2.5151 0.54890001 0.1095
-2.54119992 0.88370001 0.0998
-2.79439998 0.68699998 0.108
-2.81500006 2.26119995 -0.0298
-2.9526999 2.00979996 0.094
-3.05240011 2.49029994 0.0449
-3.22469997 2.20490003 0.0972
-3.48469996 2.48239994 -0.0239
-3.53979993 2.20140004 0.1032
-3.42750001 1.88940001 0.0964
-3.82319999 2.33809996 -0.02
-4.12729979 2.12059999 -0.0151
-2.48990011 -0.022 -0.0013
-2.80010009 0.02 0.0409
-2.63210011 -0.0496 0.4698
-3.09050012 0.16949999 0.0027
-2.98399997 0.0496 0.2879
-3.40339994 0.13609999 0.14399999
-3.30029988 0.0819 0.46470001
-3.54629993 0.43529999 -0.0022
-3.23210001 -0.68720001 0.0048
-3.60669994 0.1373 0.39559999
-3.73009992 0.1875 0.0028
-3.93420005 0.19939999 0.3107
-4.2336998 1.71879995 -0.0102
-4.54990005 1.63999999 -0.0053
-4.83199978 1.53170002 0.1121
-4.82420015 1.53480005 0.49540001
-2.43729997 2.14540005 1.35339999
-2.65030003 -0.0991 0.90609998
-2.86980009 -0.0259 0.69690001
-3.05489993 -0.34799999 0.89090002
-3.35619998 -0.56099999 0.89490002
-3.74320006 0.1024 0.6911
-3.56629992 -0.1161 0.90170002
-4.02640009 0.1127 0.8337
-4.46630001 1.62730002 0.90189999
-4.95429993 1.42840004 2.25200009
-4.87820005 1.37179995 2.59579992
-5.01420021 1.09000003 2.33089995
-5.01310015 0.92659998 2.61949992
-4.81640005 1.31110001 2.97040009
-4.81699991 1.31200004 3.29110003
-5.01240015 1.09239995 2.88339996
-5.01000023 0.92909998 3.1479001
-4.0795002 -3.60640001 0.44639999
-2.21140003 -3.61989999 0.63800001
-2.31019998 -3.61669993 0.95249999
-2.51799989 -3.61820006 0.6505
-2.5151999 -3.61590004 1.21850002
-2.73079991 -3.61969995 0.98110002
-2.30690002 -3.61339998 1.46940005
-2.35579991 -3.6105001 1.8326
-2.62059999 -3.61630011 1.54170001
-2.83899999 -3.61919999 1.27750003
-2.67289996 -3.61529994 1.8628
-2.40689993 -3.61139989 2.1487999
-2.35450006 -3.6105001 2.48250008
-2.89039993 -3.61669993 2.0861001
-2.66980004 -3.61249995 2.48239994
-2.30080009 -3.6078999 2.80949998
-2.19650006 -3.60450006 3.17860007
-2.61430001 -3.6105001 2.82360005
-2.50650001 -3.6078999 3.11100006
-2.82949996 -3.6099999 3.07389998
-3.06349993 -3.62140012 0.94770002
-3.00390005 -3.61929989 1.5632
-3.17689991 -3.62179995 1.25409997
-3.17429996 -3.61949992 1.84640002
-3.296 -3.62540007 0.71710002
-3.5947001 -3.62709999 0.824
-3.47079992 -3.62360001 1.12800002
-3.84249997 -3.62849998 1.02839994
-3.34980011 -3.62069988 1.5431
-3.65269995 -3.62409997 1.37720001
-3.52769995 -3.62100005 1.81260002
-3.83940005 -3.6257 1.65199995
-3.91000009 -3.6322 0.71079999
-4.08370018 -3.46690011 1.16369998
-4.23210001 -3.62969995 1.40489995
-4.0314002 -3.62610006 1.89419997
-3.1724 -3.6177001 2.21169996
-3.00020003 -3.61630011 2.46600008
-2.99710011 -3.61279988 2.78769994
-2.99320006 -3.6085 3.34360003
-3.16720009 -3.61249995 3.04450011
-3.28600001 -3.61619997 2.60560012
-3.52649999 -3.61980009 2.13899994
-3.58669996 -3.61960006 2.46889997
-3.83710003 -3.62380004 2.17610002
-3.33929992 -3.61039996 3.31789994
-3.52200007 -3.61549997 2.80250001
-3.70490003 -3.61520004 3.06699991
-3.83220005 -3.61870003 2.65840006
-4.15999985 -3.62380004 2.19619989
-4.1566 -3.62039995 2.54080009
-4.0237999 -3.61870003 2.9230001
-3.95569992 -3.61490011 3.24559999
-4.06279993 -2.83710003 1.13619995
-4.31430006 -3.08809996 1.22070003
-4.43349981 -2.80929995 1.13450003
-4.74130011 -2.15779996 0.85000002
-4.73750019 -2.15459991 1.22049999
-4.78550005 -2.5559001 1.13660002
-4.52960014 -2.8348999 1.44029999
-4.74520016 -2.16050005 1.53750002
-4.80319977 -2.50819993 1.44500005
-4.76490021 -2.17610002 1.85870004
-4.79780006 -2.50370002 1.82200003
-4.99590015 -3.3355999 1.21360004
-4.37470007 -3.35319996 1.43869996
-4.29829979 -3.62940001 1.72909999
-4.53660011 -3.59170008 1.25240004
-4.64359999 -3.63019991 1.84389997
-4.99399996 -3.33380008 1.82420003
-4.99870014 -2.99860001 1.13469994
-4.99599981 -2.86450005 1.47230005
-4.99490023 -2.86350012 1.8168
-4.79489994 -2.50099993 2.15869999
-4.78970003 -2.49629998 2.5388
-4.78490019 -2.49239993 2.87470007
-4.78529978 -2.49230003 3.21620011
-4.49940014 -3.62649989 2.16079998
-4.78399992 -3.62750006 2.2802999
-4.49650002 -3.62350011 2.51239991
-4.78060007 -3.6243999 2.64129996
-4.99280024 -3.33270001 2.17930007
-4.99259996 -3.33279991 2.53649998
-4.28649998 -3.61759996 3.12319994
-4.49499989 -3.62210011 2.82010007
-4.77920008 -3.62310004 2.95519996
-4.6328001 -3.61969995 3.22589993
-4.75740004 -3.31730008 2.95449996
-4.98649979 -3.32690001 3.15890002
-4.99359989 -2.86220002 2.16759992
-4.99189997 -2.86059999 2.51410007
-4.98999977 -2.85890007 2.86330009
-4.98640013 -2.85590005 3.21889997
-3.5171001 -0.90030003 0.0077
-3.6645999 -1.01020002 0.89139998
-3.98259997 -0.9562 0.88499999
-4.7638998 -1.39670002 0.86009997
-4.71089983 -1.20539999 1.10889995
-4.71649981 -1.20860004 1.44889998
-4.74009991 -1.22379994 1.83440006
-4.94589996 -0.74879998 0.82849997
-4.85580015 -0.89279997 1.38170004
-4.85290003 -0.89039999 1.72189999
-5.01189995 -0.54259998 1.28419995
-5.00950003 -0.54030001 1.74619997
-4.78450012 -1.40970004 2.0869
-4.78299999 -1.25129998 2.36420012
-4.80229998 -1.42110002 2.61859989
-4.80179977 -1.26329994 2.89910007
-4.8203001 -1.43299997 3.16420007
-4.85349989 -0.84060001 2.32909989
-4.89830017 -0.76889998 2.03360009
-5.00489998 -0.53689998 2.25810003
-5.0019002 -0.58230001 2.58319998
-4.86450005 -1.09899998 2.09789991
-4.86429977 -1.09800005 2.62080002
-4.80719995 -0.81220001 2.79649997
-4.81519985 -0.91500002 3.1637001
-5.0012002 -0.53369999 2.95110011
-5.00139999 -0.53310001 3.30209994
-5.01590014 -0.30770001 0.86830002
-5.01240015 0.37459999 2.62529993
-5.00740004 -0.1612 2.35710001
-5.00950003 0.1547 2.33969998
-5.00950003 0.3766 2.95779991
-5.0072999 0.37819999 3.29399991
-5.0065999 -0.1602 2.69460011
-5.00349998 -0.15800001 3.03530002
-5.00229979 -0.111 3.33859992
-5.01429987 0.63139999 2.33669996
-5.01189995 0.67619997 2.86540008
-5.01060009 -0.3028 2.00119996
-4.78319979 -1.73469996 0.86229998
-4.77890015 -1.73109996 1.17840004
-5.09609985 -2.02099991 0.84030002
-4.85720015 -1.84379995 1.53859997
-4.87400007 -1.85590005 1.90219998
-4.89650011 -1.54059994 1.45360005
-4.85379982 -1.56509995 1.77839994
-5.12330008 -1.98230004 1.72669995
-5.27419996 -2.15199995 1.11660004
-5.25640011 -2.07969999 1.44550002
-4.75229979 -1.9914 2.18950009
-4.78240013 -1.95739996 2.50620008
-4.77139997 -1.61469996 2.36859989
-5.21999979 -2.05259991 2.02049994
-5.08669996 -1.89769995 2.59459996
-4.78590012 -1.9598 2.87910008
-4.7823 -1.9569 3.25040007
-5.18349981 -1.96739995 2.90079999
-5.18219995 -1.96619999 3.23979998
3.30489993 1.12709999 3.43339992
3.32360005 1.20379996 3.84640002
3.30719995 0.0716 3.42540002
3.31290007 0.59509999 3.4684
3.30170012 0.62519997 3.80949998
3.16849995 0.8531 3.55209994
3.3283 0.91430002 3.97219992
3.10360003 0.39269999 3.59430003
3.14380002 0.43200001 4.0005002
3.02489996 0.92379999 4.02120018
2.91580009 0.63569999 4.02460003
4.4295001 -3.51020002 3.46149993
3.35899997 -2.61450005 3.8664999
3.34050012 -3.0302999 3.39919996
3.36509991 -3.14249992 3.89289999
3.33459997 -2.6651001 3.4216001
3.34770012 -2.87400007 4.04920006
3.33189988 -3.56410003 3.34649992
3.3599 -3.49589992 3.98620009
3.28660011 -3.3052001 3.54180002
3.03780007 -3.56570005 3.44950008
3.09899998 -3.47110009 3.75609994
2.78559995 -3.58509994 3.69989991
2.88470006 -3.48200011 3.99429989
3.0855 -3.12940001 4.04759979
2.78279996 -3.18490005 4.0479002
3.32599998 -0.74470001 3.50489998
3.34120011 -0.71179998 3.85780001
3.34509993 -1.04840004 3.87649989
3.3296001 -1.69630003 3.48569989
3.33369994 -2.08049989 3.54780006
3.35039997 -1.66100001 3.85369992
3.35339999 -2.02810001 3.90450001
3.14380002 -1.85160005 4.0447998
3.32640004 -1.26549995 3.43479991
3.34929991 -1.34109998 3.96580005
3.12709999 -0.85159999 4.03429985
3.10529995 -1.1674 4.03929996
3.1006999 -1.50510001 4.04120016
2.79439998 -1.199 4.02299976
3.31780005 -0.2412 3.39269996
3.3362 -0.2255 3.86560011
3.13400006 0.0848 3.67820001
2.92210007 0.1902 3.4295001
2.7341001 0.1936 3.68169999
2.63100004 0.3831 3.46329999
2.71889997 0.43099999 3.87890005
2.40240002 0.162 3.48580003
2.43950009 0.43000001 3.70160007
2.44140005 0.42770001 4.0151
2.81929994 -0.78240001 4.02979994
2.55200005 -0.9425 4.03350019
2.29760003 -0.76289999 4.03270006
2.15560007 0.1212 3.68370008
3.27769995 -2.38170004 3.56550002
3.02950001 -2.5710001 3.51040006
2.98589993 -2.47530007 3.88619995
2.72129989 -2.30739999 3.87759995
3.33310008 -2.33839989 4.04750013
3.08500004 -2.15429997 4.04440022
2.83909988 -1.67209995 4.04040003
2.79920006 -1.98109996 4.04279995
2.57990003 -1.45720005 4.03950024
2.48819995 -1.93879998 4.04309988
2.31080008 -1.64740002 4.04239988
2.43490005 -2.48950005 3.86430001
2.75419998 -2.60369992 4.04460001
2.52970004 -2.9921 4.04990005
2.18919992 -2.29710007 3.88630009
1.94840002 -2.4999001 3.85870004
1.68640006 -2.33249998 3.87140012
2.15809989 -1.96329999 4.04540014
1.85189998 -2.00480008 4.04710007
2.19350004 -2.58360004 4.05000019
2.38809991 -1.20210004 4.03800011
2.12770009 -1.03849995 4.03879976
2.12859988 -1.37090003 4.04199982
1.9993 -1.65670002 4.0454998
1.86800003 -1.20019996 4.04530001
1.93289995 -0.79460001 4.03970003
1.65409994 -0.97899997 4.04110003
1.41419995 -0.77310002 4.04230022
1.68299997 -1.69509995 4.04500008
1.58519995 -1.38540006 4.04349995
1.53719997 -2.06620002 4.04759979
1.38129997 -1.75779998 4.04640007
1.37150002 -1.16159999 4.04209995
1.10049999 -0.77670002 4.03840017
1.06620002 -1.11220002 4.04150009
1.24479997 -1.4612 4.04379988
0.92809999 -1.47119999 4.04330015
0.74370003 -1.1092 4.04160023
3.28920007 3.07520008 3.44919991
3.29279995 3.0638001 3.80920005
3.3111999 2.73650002 3.85800004
3.29310012 2.47420001 3.37280011
3.29489994 2.20519996 3.51880002
3.31529999 2.45379996 3.98049998
3.17709994 2.72790003 3.55730009
3.06890011 2.87789989 3.99359989
2.98040009 2.58410001 3.99489999
3.27760005 4.00360012 3.45429993
3.29200006 4.02089977 3.83660007
3.28399992 3.42400002 3.5237999
3.30180001 3.56080008 3.8591001
3.22059989 3.7190001 3.57739997
3.09139991 3.83929992 3.98440003
3.15949988 4.37419987 3.51839995
3.03369999 4.14449978 3.98000002
2.91919994 4.16529989 3.5395999
2.78769994 3.90910006 3.97930002
2.67079997 4.37239981 3.523
2.70659995 4.20889997 3.97900009
3.15149999 3.30920005 3.99130011
2.92670012 3.5783 3.9835999
2.84710002 3.27160001 3.9849
2.85960007 3.01340008 3.81209993
2.55250001 3.3684001 3.98090005
2.60820007 3.06139994 3.98569989
2.55769992 3.70510006 3.97939992
2.39050007 4.15959978 3.54369998
2.46760011 4.00099993 3.97970009
2.2270999 3.54999995 3.97939992
2.18280005 3.8684001 3.97889996
3.30320001 1.66149998 3.44899988
3.3197 1.67949998 3.85430002
3.30699992 2.00640011 3.81680012
3.04970002 1.72140002 3.99769998
3.19899988 1.44599998 4.01879978
2.76699996 2.35649991 3.99699998
2.54870009 2.13520002 3.99950004
3.15079999 2.19099998 4.00790024
2.9066 1.99650002 4.00740004
2.93519998 1.28699994 4.01550007
2.76469994 1.60599995 4.00939989
2.7414999 1.04419994 4.01709986
2.6177001 1.33229995 4.01270008
2.43000007 1.05599999 4.01830006
2.47580004 1.71589994 3.99429989
2.16880012 1.71990001 3.99600005
1.85749996 1.71459997 4
2.2500999 2.0539 4.00339985
2.32570004 1.44729996 4.01329994
2.71070004 2.73070002 3.99169993
2.49370003 2.83820009 3.80209994
2.31649995 3.1573 3.9835
2.15860009 2.97429991 3.79239988
2.47589993 2.47009993 3.99440002
2.18659997 2.57060003 3.99480009
1.90919995 2.79099989 3.82229996
1.99520004 3.20589995 3.99589992
1.90830004 3.50620008 3.9828999
1.66670001 2.98079991 3.80780005
1.68359995 3.22589993 3.99029994
1.88390005 2.50939989 4.00080013
1.99170005 2.22250009 4.00570011
1.76960003 2.01110005 4.01140022
1.64690006 2.29640007 4.00899982
1.6552 2.72919989 3.99819994
1.41030002 2.79119992 3.82220006
1.43669999 3.04080009 4.00059986
1.17760003 2.9928 3.81690001
0.95130002 2.78200006 3.8269999
1.40240002 2.48189998 4.01039982
1.18499994 2.7039001 4.01060009
2.41160011 4.30740023 3.98079991
2.0480001 4.27540016 3.51600003
2.08170009 4.2494998 3.96070004
1.87349999 3.94260001 3.98029995
1.74170005 4.41639996 3.45919991
1.57019997 4.14799976 3.54970002
1.74559999 4.27659988 3.90109992
1.57210004 3.88520002 3.9828999
1.61090004 3.57940006 3.98510003
1.43710005 4.16949987 3.98370004
1.30789995 3.65249991 3.99020004
1.35259998 3.33730006 3.99559999
1.20990002 3.94269991 3.98839998
0.94319999 3.79229999 3.99460006
1.29229999 4.19420004 3.40899992
1.13849998 4.24139977 3.97379994
0.99070001 4.14610004 3.54780006
0.83249998 4.19649982 3.99130011
0.6925 4.23559999 3.52609992
0.5244 4.2670002 3.90159988
1.04789996 3.40890002 3.99959993
0.7299 3.51900005 4.00220013
0.73460001 2.99839997 3.82249999
0.96020001 3.10640001 4.00619984
0.63840002 3.22219992 4.0079999
0.64459997 3.87039995 3.99920011
0.3653 4.20359993 3.42449999
0.34459999 3.94289994 4.00010014
0.30680001 3.60179996 4.00360012
0.0352 3.89689994 4.00199986
0.0823 4.24399996 3.53670001
0.20919999 4.22529984 3.99670005
-0.21510001 4.16680002 3.55259991
-0.0905 4.29879999 3.99880004
-0.39219999 4.23509979 3.99860001
2.18149996 0.38600001 3.46930003
2.046 0.42699999 3.7434001
2.62260008 0.76200002 4.02339983
2.3118 0.72670001 4.02740002
2.12129998 1.00049996 4.02129984
2.13790011 0.4657 4.03369999
1.88479996 0.64630002 4.02890015
1.81840003 1.01409996 3.90249991
2.01929998 1.38999999 4.01679993
1.71150005 1.33700001 4.02159977
1.53059995 1.00940001 4.02670002
1.41340005 1.40919995 4.02519989
1.87160003 0.34209999 3.45020008
1.83819997 0.123 3.68540001
1.72640002 0.42539999 3.70760012
1.60319996 0.42210001 4.00540018
1.60459995 0.15260001 3.47790003
1.38059998 0.36210001 3.46300006
1.38090003 0.42210001 3.77950001
1.37679994 0.1304 3.68709993
1.09909999 0.41760001 3.92389989
1.46659994 0.69910002 4.0303998
1.22660005 1.08369994 4.03079987
1.16260004 0.7701 4.03179979
0.93110001 0.972 4.0310998
1.53509998 1.71370006 4.00589991
1.45780003 2.01320004 4.01669979
1.15719998 2.09649992 4.02150011
1.23319995 1.65690005 4.02370024
0.95850003 1.796 4.02489996
1.08879995 2.40190005 4.01480007
0.79759997 2.50869989 4.01569986
0.83359998 2.07610011 4.02150011
0.50120002 2.4296999 4.01819992
1.09280002 1.36829996 4.02899981
0.79659998 1.44509995 4.02710009
0.6408 1.07889998 4.03000021
0.4946 1.50150001 4.02699995
0.2448 1.6882 4.00950003
0.64480001 1.78559995 4.02479982
0.51499999 2.06369996 4.02180004
0.23540001 2.19280005 4.02190018
0.0464 1.92859995 4.02370024
1.13590002 0.1622 3.44440007
0.90469998 0.37 3.4842
0.95289999 0.1115 3.68860006
0.81699997 0.4172 3.79830003
0.66060001 0.1582 3.4605
0.34330001 0.2247 3.48760009
0.5891 0.4104 4.00509977
0.51050001 0.41159999 3.68989992
0.28479999 0.40979999 3.91720009
0.88940001 0.61549997 4.03539991
0.76679999 -0.80339998 4.0388999
0.46450001 -0.95700002 4.04279995
0.0337 0.1608 3.46580005
0.0174 -0.4826 4.04230022
0.60680002 0.74489999 4.03490019
0.34419999 0.91289997 4.0302
0.35789999 1.22070003 4.02890015
0.066 1.07070005 4.03130007
0.1619 0.66610003 4.03639984
-0.124 0.78390002 4.03859997
-0.1444 1.67809999 4.01249981
0.1019 1.39030004 4.02820015
-0.2156 1.37220001 4.02400017
-0.27790001 1.05130005 4.02829981
-0.47 1.54419994 4.02349997
-0.54680002 1.21249998 4.02519989
-0.2406 0.32350001 3.4604001
0.0664 0.412 3.69330001
-0.0094 0.40239999 4.00159979
-0.2476 0.4084 3.75839996
-0.1706 0.1118 3.69379997
-0.50330001 0.0945 3.69429994
-0.55909997 0.32460001 3.46320009
-0.51609999 0.40329999 3.90630007
-0.77520001 0.40490001 3.70420003
-0.4154 0.68489999 4.03690004
-0.96789998 1.15559995 4.02089977
-0.63880002 0.89569998 4.02729988
-0.75959998 0.53899997 4.03700018
-0.93769997 0.79860002 4.02689981
-1.2234 0.95039999 4.02489996
0.54250002 2.75819993 3.84570003
0.3515 2.99790001 3.82520008
0.0439 2.96539998 3.81640005
0.33669999 3.27810001 4.0079999
0.30199999 2.66359997 4.01539993
0.027 3.22849989 4.00610018
-0.0071 3.53920007 4.00540018
-0.3123 3.62350011 4.00500011
-0.234 3.00769997 4.00820017
-0.2877 3.31669998 4.00699997
-0.58130002 3.41639996 4.00750017
-0.1417 2.71219993 4.00909996
-0.43419999 2.57719994 4.01179981
0.0433 2.43350005 4.01819992
-0.1649 2.15709996 4.02250004
-0.48339999 2.22650003 4.01779985
-0.49329999 2.95950007 3.81920004
-0.7234 3.04940009 4.00759983
-0.73619998 2.5065999 4.01240015
-0.76160002 2.76869988 3.83669996
-1.01419997 2.95600009 3.82380009
-0.27810001 3.93109989 4.0019002
-0.52160001 4.14109993 3.55749989
-0.58829999 3.95160007 4.00209999
-0.72979999 4.22599983 3.99830008
-0.79659998 3.63940001 4.00629997
-0.81379998 4.05130005 3.53379989
-0.93889999 3.91729999 4.00349998
-1.09319997 4.24819994 3.54049993
-1.05260003 4.20319986 3.99950004
-0.87580001 3.31830001 4.00610018
-1.11689997 3.59010005 4.00460005
-1.20159996 3.28410006 4.00719976
-1.43599999 3.54270005 4.00579977
-1.25469995 3.87069988 4.00349998
-1.55599999 3.96009994 4.00430012
-1.39470005 4.15969992 3.55539989
-1.59979999 4.33239985 3.3743999
-1.38469994 4.21780014 3.99850011
-1.7069 4.28009987 4.00260019
-1.73590004 3.62299991 4.00619984
-1.76709998 4.14289999 3.59859991
-1.94920003 3.85549998 4.00489998
-0.88209999 2.15109992 4.01620007
-0.76450002 1.67770004 4.00649977
-0.38190001 1.87810004 4.02400017
-1.05509996 1.80850005 4.02010012
-1.03760004 2.43930006 4.01469994
-1.30700004 2.77670002 3.83599997
-1.35099995 2.4302001 4.01730013
-1.19210005 2.09050012 4.01900005
-1.00209999 1.4777 4.02089977
-1.3075 1.55509996 4.02449989
-1.38110006 1.23029995 4.02570009
-1.62170005 1.49179995 4.02740002
-1.50469995 2.06049991 4.02400017
-1.65380001 2.33170009 4.02220011
-1.66840005 1.80069995 4.02799988
-1.84669995 2.05690002 4.02839994
-1.99090004 1.77090001 4.0314002
-1.42050004 3.00390005 4.01100016
-1.59200001 3.26130009 4.0092001
-1.66110003 2.94219995 3.82780004
-1.82079995 2.69740009 4.01840019
-1.89849997 3.15190005 4.01240015
-2.07179999 2.94659996 3.83349991
-2.04029989 3.42930007 4.00810003
-2.25329995 3.68790007 4.00649977
-2.23519993 3.13860011 4.01410007
-2.40899992 3.39269996 4.01060009
-2.08759999 2.54209995 4.02040005
-2.33220005 2.78250003 3.83879995
-2.11980009 2.21079993 4.02699995
-2.4223001 2.5302 4.02460003
-2.51469994 3.00589991 4.01599979
-2.73130012 3.27119994 4.01340008
-2.64949989 2.79550004 3.8375001
-2.92720008 2.95149994 3.83999991
2.52889991 -3.56890011 3.52040005
2.56150007 -3.48029995 3.92670012
2.31130004 -3.47399998 3.73280001
2.06060004 -3.52729988 3.52099991
1.77489996 -3.52909994 3.67319989
2.13499999 -3.48620009 4.0170002
1.81379998 -3.48650002 3.9756999
2.34060001 -3.25469995 4.05280018
2.06690001 -3.05669999 4.05130005
1.7342 -3.04399991 4.05299997
1.3973 -2.49900007 3.85899997
1.69739997 -2.61179996 4.05079985
1.45309997 -3.17269993 4.05429983
1.51849997 -3.57270002 3.47819996
1.49179995 -3.48510003 3.87459993
1.23450005 -3.51769996 3.58529997
1.24030006 -3.48749995 4.05800009
0.93080002 -3.57990003 3.49589992
1.02129996 -3.48539996 3.80439997
0.79939997 -3.49670005 4.02810001
1.15240002 -3.10489988 4.05420017
0.8351 -3.13479996 4.05459976
1.14999998 -2.31060004 3.88549995
0.89569998 -2.50510001 3.85750008
1.22570002 -2.03780007 4.04850006
1.04750001 -1.78349996 4.04699993
1.16980004 -2.56590009 4.05310011
0.90850002 -2.16070008 4.04909992
0.7367 -1.78400004 4.04799986
0.59549999 -1.41180003 4.04500008
0.59719998 -2.07649994 4.04820013
0.41330001 -1.70529997 4.04640007
0.1141 -1.6329 4.04540014
0.60140002 -2.40199995 3.87299991
0.27599999 -2.50670004 3.86190009
0.5499 -2.99550009 4.05340004
0.0077 -2.31270003 3.89960003
0.26589999 -2.04809999 4.04650021
-0.0551 -1.97049999 4.04820013
0.0471 -2.58179998 4.05170012
-0.2617 -2.22420001 4.05089998
0.71749997 -3.53200006 3.71749997
0.4174 -3.52480006 3.6500001
0.5007 -3.49710011 3.94740009
0.1585 -3.49480009 3.84710002
-0.1135 -3.48869991 3.59109998
-0.1167 -3.50239992 4.01130009
0.2482 -3.05890012 4.05369997
-0.0507 -3.1874001 4.05490017
-0.33649999 -3.0302999 4.05509996
-0.23720001 -2.49909997 3.88260007
-0.53039998 -2.3527 3.87409997
-0.82059997 -2.4907999 3.87919998
-0.47229999 -2.63030005 4.05170012
-0.35519999 -3.4986999 3.81170011
-0.59200001 -3.4763999 3.61660004
-0.60250002 -3.50629997 4.0065999
-0.89289999 -3.59260011 3.46700001
-0.85299999 -3.50250006 3.82249999
-0.6505 -3.12960005 4.05740023
-0.99510002 -3.08360004 4.05940008
-1.06239998 -3.40079999 4.06029987
-1.34720004 -3.19120002 4.0612998
-1.12619996 -3.53250003 3.67560005
-1.43270004 -3.52209997 3.60540009
-1.33560002 -3.50900006 3.90899992
-1.76760006 -3.54119992 3.59910011
-1.65649998 -3.51090002 3.91810012
-1.98909998 -3.50979996 3.8506
-2.09540009 -3.60290003 3.48029995
-0.21179999 -1.22870004 4.02780008
0.30399999 -1.30110002 4.04360008
0.15000001 -0.89649999 4.04330015
-0.1662 -0.81449997 4.04150009
-0.42109999 -1.00520003 4.03859997
-0.17839999 -1.53240001 4.04500008
-0.49110001 -1.52160001 4.04330015
-0.384 -1.89610004 4.04769993
-0.69849998 -1.77830005 4.04799986
-0.6825 -1.22969997 4.02710009
-0.7001 -0.85699999 4.03929996
-1.00750005 -0.78240001 4.03950024
-0.85519999 -1.50960004 4.04519987
-1.02419996 -1.23370004 4.04309988
-1.25370002 -1.01040006 4.04320002
-0.83749998 0.18279999 3.43709993
-0.98290002 0.0961 3.69659996
-1.12829995 0.2802 3.46160007
-1.03359997 0.39950001 3.88969994
-1.4497 0.28119999 3.46149993
-1.31089997 0.39919999 3.7572
-1.29980004 0.0864 3.69790006
-1.58490002 0.39309999 3.93070006
-1.18739998 0.62180001 4.03420019
-1.51970005 0.68339998 4.03329992
-1.51100004 -0.82529998 4.0447998
-1.64320004 0.0824 3.69689989
-1.76339996 0.31709999 3.46939993
-1.96089995 0.1648 3.69910002
-1.10710001 -2.37579989 3.86999989
-0.62739998 -2.1098001 4.05009985
-0.95630002 -2.04450011 4.04960012
-1.25689995 -1.97479999 4.04780006
-1.20539999 -1.4957 4.04540014
-1.4181 -1.27090001 4.0474
-1.51189995 -1.65680003 4.04960012
-1.71949995 -1.40190005 4.04979992
-1.34940004 -2.5854001 3.89170003
-1.52489996 -2.3283999 3.88940001
-1.78009999 -2.52189994 3.86849999
-2.04480004 -2.32399988 3.89639997
-1.56229997 -2.01259995 4.05149984
-1.89209998 -1.99979997 4.05530024
-1.86020005 -1.67980003 4.05189991
-2.15510011 -1.82570004 4.05480003
-1.72029996 -1.06459999 4.04820013
-1.89839995 -0.8107 4.05070019
-2.01209998 -1.25039995 4.05249977
-2.17289996 -0.95709997 4.05270004
-2.28340006 -1.49950004 4.05369997
-2.43530011 -1.17069995 4.05270004
-2.47399998 -1.92470002 4.05679989
-2.59920001 -1.53069997 4.05560017
-2.56850004 -0.84200001 4.05210018
-2.83710003 -0.98879999 4.05340004
-2.85509992 -1.33440006 4.05550003
-3.13520002 -0.87480003 4.0545001
-3.13490009 -1.19910002 4.05499983
-1.60529995 0.98989999 4.02899981
-1.80869997 1.21949995 4.02850008
-1.83060002 0.58310002 4.03929996
-1.91910005 0.9095 4.03189993
-2.22289991 0.99870002 4.03499985
-2.07229996 1.37940001 4.0310998
-2.29850006 1.86310005 4.03149986
-2.38750005 1.29110003 4.03550005
-2.47370005 1.58949995 4.03560019
-2.13709998 0.33719999 3.5007
-2.10360003 0.3935 3.84699988
-2.39569998 0.156 3.49489999
-2.40149999 0.3924 3.74399996
-2.56830001 0.38859999 4.00110006
-2.16190004 0.6426 4.03989983
-2.45359993 0.75129998 4.04129982
-2.62299991 1.03439999 4.0401001
-2.77810001 1.47520006 4.03539991
-2.76659989 0.67559999 4.0461998
-2.96259999 1.03289998 4.04150009
-2.94490004 2.24760008 4.02589989
-2.42219996 2.15750003 4.03030014
-2.6500001 1.85780001 4.03499985
-2.98589993 1.84169996 4.0302
-2.75609994 2.52480006 4.02339983
-3.079 2.52850008 4.01929998
-3.22970009 2.76119995 3.84699988
-3.21659994 2.10299993 4.02489996
-3.43129992 2.59380007 4.01289988
-3.27279997 1.63660002 4.03000021
-3.55170012 1.48430002 4.03200006
-3.12069988 1.31529999 4.03630018
-3.54399991 2.21409988 4.0151
-3.45740008 1.8937 4.02470016
-3.75909996 2.45740008 4.01490021
-3.74740005 1.75450003 4.02600002
-3.8283999 2.06159997 4.02199984
-4.16300011 2.0941999 4.02600002
-2.6171999 0.1111 3.70169997
-2.68070006 0.3179 3.4776001
-3.00589991 0.26190001 3.46490002
-2.79439998 0.38800001 3.75589991
-2.9454999 0.0788 3.70350003
-2.91619992 0.3867 4.05119991
-3.10489988 0.38569999 3.7421999
-3.32209992 0.2631 3.47219992
-3.2421 0.3827 4.02729988
-3.44709992 0.382 3.76600003
-3.1092 0.66469997 4.04839993
-3.25449991 0.93529999 4.04220009
-3.47909999 0.58679998 4.05009985
-3.46160007 -0.81 4.05980015
-3.62809992 0.20909999 3.48799992
-3.4460001 0.0785 3.70639992
-3.93510008 0.3242 3.49370003
-3.74790001 0.37869999 3.84910011
-3.93860006 0.083 3.7098
-3.99710011 0.37349999 4.04129982
-3.41770005 1.20190001 4.03690004
-3.57080007 0.93660003 4.04290009
-3.76379991 1.17490005 4.03879976
-3.78369999 0.62739998 4.05219984
-3.93950009 0.89319998 4.0467
-4.11469984 1.15779996 4.04309988
-4.05340004 1.74220002 4.0310998
-4.38950014 1.87279999 4.03459978
-4.2118001 1.45270002 4.0387001
-4.51520014 1.58790004 4.04209995
-4.26219988 0.32749999 3.49979997
-4.24849987 0.37490001 3.84759998
-4.52890015 0.37059999 3.71169996
-4.16960001 0.64789999 4.05550003
-4.3361001 0.92919999 4.05119991
-4.53219986 0.3698 4.05369997
-4.67500019 0.68180001 4.05830002
-4.80870008 1.54840004 3.59069991
-4.92959976 1.36150002 3.82139993
-4.80189991 1.07990003 3.61680007
-4.80369997 0.6724 3.59559989
-5.01980019 1.05139995 3.8368001
-4.44890022 1.23300004 4.0468998
-4.75979996 1.17429996 4.05310011
-1.65139997 -3.10039997 4.06430006
-1.98000002 -3.03530002 4.06619978
-1.99689996 -2.64190006 4.06190014
-2.12229991 -3.33179998 4.06769991
-2.29130006 -3.06879997 4.06860018
-2.37159991 -2.3829 3.87619996
-2.68799996 -2.34599996 3.89120007
-2.32299995 -2.63579988 4.0630002
-2.78060007 -2.6414001 4.06279993
-2.40009999 -3.60489988 3.43569994
-2.28690004 -3.50909996 3.75139999
-2.39520001 -3.52099991 4.04349995
-2.6006999 -3.5927999 3.73300004
-2.91930008 -3.50880003 3.64050007
-2.70849991 -3.51789999 4.01679993
-2.6020999 -3.22199988 4.0697999
-2.89660001 -3.04979992 4.06969976
-3.00839996 -3.4058001 4.07490015
-3.21469998 -3.1012001 4.07350016
-3.0315001 -2.37770009 3.88249993
-2.77480006 -2.09439993 4.05959988
-2.82620001 -1.76429999 4.05730009
-3.14639997 -1.71130002 4.05980015
-3.07800007 -2.02279997 4.06120014
-3.39910007 -1.42610002 4.06110001
-3.47329998 -1.75080001 4.06409979
-3.66750002 -1.24979997 4.06209993
-3.34750009 -2.5395 3.88790011
-3.63479996 -2.35249996 3.89650011
-3.37319994 -2.20880008 4.06470013
-3.6099 -2.63150001 4.07159996
-4.00530005 -2.3499999 3.90229988
-3.6415 -2.01360011 4.06659985
-3.81060004 -1.62020004 4.0632
-4.10900021 -1.70480001 4.06780005
-3.96930003 -2.08500004 4.06739998
-4.31309986 -1.98090005 4.06960011
-3.2335 -3.55069995 3.67790008
-3.32660007 -3.52169991 4.00530005
-3.51149988 -3.38549995 3.68140006
-3.64030004 -3.61190009 3.38030005
-3.80150008 -3.51060009 3.64400005
-3.68659997 -3.52200007 3.94639993
-3.54329991 -3.14520001 4.07630014
-3.8605001 -3.29489994 4.08199978
-4.09779978 -3.55640006 3.56480002
-4.13269997 -3.523 3.87120008
-3.93580008 -2.64960003 4.07450008
-4.12839985 -3.10179996 4.08330011
-4.35309982 -2.36470008 3.89960003
-4.66069984 -2.57270002 3.7256999
-4.82310009 -2.34060001 3.49710011
-4.89589977 -2.39969993 3.87199998
-4.56890011 -2.19129992 4.07429981
-4.31809998 -2.63940001 4.07929993
-4.4197998 -3.61549997 3.45560002
-4.71339989 -3.55710006 3.56750011
-4.41069984 -3.53430009 4.03770018
-4.68550014 -3.52929997 3.87689996
-4.76970005 -3.19180012 3.62549996
-5.00180006 -3.34139991 3.80250001
-4.43510008 -3.14100003 4.08640003
-4.7185998 -3.2802999 4.08699989
-4.82429981 -2.8434 3.60319996
-4.99900007 -2.73589993 3.8657999
-5.0019002 -3.06719995 3.954
-4.68769979 -2.65820003 4.07969999
-3.83520007 -0.94309998 4.0632
-3.97650003 -1.24059999 4.06610012
-4.16309977 -0.83939999 4.06920004
-4.33150005 0.0866 3.71169996
-4.84119987 -0.35249999 3.58340001
-4.83039999 -1.3865 3.46700001
-4.27050018 -1.40789998 4.07000017
-4.42609978 -1.06260002 4.06920004
-4.48309994 -1.67309999 4.0710001
-4.6269002 -1.35160005 4.06949997
-4.78249979 -0.79619998 3.62689996
-5.01189995 -0.5381 3.75679994
-4.82369995 -1.1214 3.65120006
-4.90409994 -0.91799998 3.94280005
-4.89720011 -1.3247 3.89100003
-4.99679995 -0.82380003 3.40739989
-4.55620003 0.147 3.49550009
-4.84450006 0.31709999 3.60450006
-4.8210001 0.37090001 3.93000007
-5.00710011 0.67919999 3.36360002
-5.02029991 0.67589998 3.84100008
-4.7816 -1.73080003 3.63599992
-4.90010023 -1.87329996 3.93140006
-5.0532999 -1.59159994 3.55769992
-4.77610016 -2.06640005 3.6335001
-5.08790016 -2.01259995 3.54929996
-2.1421001 4.20410013 -0.0367
-2.25110006 4.15799999 0.27270001
-2.55780005 4.1184001 0.36989999
-2.66890001 3.85560012 -0.0396
-2.86420012 4.11899996 0.38820001
-2.75480008 3.55870008 -0.0383
-3.08710003 3.52220011 -0.035
-3.03329992 3.87140012 -0.0366
-3.33410001 3.33389997 -0.0325
-3.3519001 3.67720008 -0.0341
-3.3039 4.04530001 -0.0195
-3.19109988 4.11600018 0.27880001
-3.6099 4.08809996 -0.0022
-3.66240001 3.75950003 -0.0305
-3.93059993 4.06860018 -0.0115
-4.11210012 4.12629986 0.25119999
-2.11919999 4.15649986 0.5898
-2.06340003 4.19269991 0.995
-1.8951 4.31360006 1.43859994
-2.25239992 4.21120024 1.25419998
-1.93379998 4.25820017 1.79489994
-2.16700006 4.21810007 1.60029995
-1.85749996 4.33269978 2.59549999
-1.92900002 4.21430016 2.14179993
-2.2499001 4.19019985 1.92509997
-2.26360011 4.1947999 2.23629999
-2.1782999 4.17920017 2.58089995
-1.84739995 4.33169985 2.92619991
-2.17389989 4.18009996 2.93149996
-1.9145 4.21740007 3.2815001
-2.2355001 4.17080021 3.29859996
-2.37680006 4.2349 0.81389999
-2.65840006 4.29250002 0.62040001
-2.77110004 4.23839998 1
-2.4993 4.1882 1.43959999
-2.75699997 4.21290016 1.70210004
-2.98939991 4.27839994 0.62239999
-3.2808001 4.27729988 0.74250001
-3.18939996 4.29080009 1.07860005
-3.14179993 4.28389978 1.44439995
-3.11120009 4.25209999 1.87160003
-3.53579998 4.14120007 0.62739998
-3.56760001 4.33080006 0.9817
-3.84030008 4.31689978 1.17279994
-3.55870008 4.33129978 1.42709994
-3.47490001 4.28809977 1.8757
-3.8361001 4.31990004 1.86930001
-2.61220002 4.1887002 2.22919989
-2.54979992 4.17889977 2.57920003
-2.48259997 4.16779995 2.93319988
-2.65560007 4.17649984 3.28430009
-2.85039997 4.18249989 2.76959991
-2.92000008 4.2191 2.20799994
-3.05890012 4.21820021 2.50690007
-3.21519995 4.21880007 2.83940005
-3.04029989 4.19000006 3.11929989
-3.27570009 4.61280012 3.09920001
-3.35349989 4.24020004 2.42030001
-3.61400008 4.28420019 2.24970007
-3.4138 4.19460011 3.10780001
-3.49810004 4.23600006 2.70059991
-3.84590006 4.31519985 0.6304
-4.16540003 4.20300007 0.82029998
-4.24240017 4.31449986 0.54079998
-4.15530014 4.2033 1.15149999
-3.85150003 4.32089996 1.51929998
-4.14970016 4.20440006 1.51530004
-4.02860022 4.32159996 2.15260005
-4.22590017 4.32149982 2.40260005
-3.52719998 3.07060003 -0.0278
-3.65750003 3.36660004 -0.0297
-3.69490004 2.72889996 -0.0249
-3.90199995 3.08719993 -0.0246
-3.96880007 3.43440008 -0.0263
-4.10270023 3.73000002 -0.0242
-4.2171998 3.73959994 0.29170001
-4.18849993 3.20869994 -0.0219
-4.34560013 3.4763999 -0.0216
-4.03289986 2.59820008 -0.0207
-4.25899982 2.84109998 -0.0202
-4.37400007 2.38739991 -0.0148
-4.65290022 2.59960008 -0.0129
-4.47300005 3.06730008 -0.0189
-4.64610004 3.59100008 -0.0167
-4.77320004 3.30909991 -0.0143
-4.86479998 3.38319993 0.30829999
-4.81050014 2.91120005 -0.0128
-5.03369999 3.16090012 0.1235
-4.98360014 3.01469994 0.48269999
-4.42430019 4.09779978 0.1504
-4.50369978 4.14429998 0.4632
-4.58169985 3.69499993 0.28299999
-4.86759996 4.15409994 0.47620001
-5.0486002 3.6480999 0.38600001
-4.41870022 1.99520004 -0.0111
-4.70620012 2.1953001 -0.0081
-4.84019995 2.43379998 0.2042
-4.89519978 1.93850005 0.0998
-4.88710022 1.94149995 0.48179999
-5.04629993 2.29320002 -0.0028
-4.97669983 2.34260011 0.47389999
-5.02769995 2.63619995 -0.0065
-4.84740019 2.69109988 0.38530001
-5.05929995 2.86080003 0.2282
-4.22980022 3.90879989 0.56349999
-4.88859987 2.8743 0.99949998
-5.04449987 3.20050001 0.74379998
-5.04190016 3.2019999 1.07920003
-4.88549995 2.87820005 1.88349998
-4.91590023 2.91079998 1.34449995
-5.04080009 3.20370007 1.45280004
-5.03630018 3.20499992 1.78849995
-4.8499999 2.84489989 2.25359988
-4.84350014 2.84669995 2.58899999
-5.03380013 3.20670009 2.16689992
-5.03170013 3.20819998 2.50830007
-4.82800007 2.84910011 2.96149993
-4.81269979 2.85159993 3.30539989
-5.03000021 3.05979991 2.77710009
-5.03000021 3.2105 3.04999995
-4.63689995 4.19899988 0.80690002
-4.59940004 4.19589996 1.16499996
-4.5861001 3.8369 0.57099998
-4.9842 4.20779991 0.77649999
-4.98699999 4.21010017 1.18910003
-4.2585001 4.1880002 1.88450003
-4.51060009 4.18639994 1.62109995
-4.81449986 4.18970013 1.48380005
-4.72329998 4.17999983 1.8836
-5.04209995 4.14389992 1.71010005
-5.04680014 3.61240005 0.74409997
-5.04610014 3.61380005 1.07990003
-5.04820013 3.91219997 0.55190003
-5.04750013 3.91400003 0.93190002
-5.04290009 3.61540008 1.454
-5.04090023 3.6170001 1.79040003
-5.04489994 3.87750006 1.27110004
-4.43970013 4.31930017 2.14960003
-4.65339994 4.31769991 2.41709995
-4.89179993 4.31459999 2.16030002
-5.03660011 4.14669991 2.43420005
-4.43620014 4.32159996 2.68099999
-4.66870022 4.32270002 2.93869996
-4.66680002 4.32410002 3.2809999
-4.89989996 4.31850004 2.69160008
-5.03369999 4.14900017 2.93729997
-5.0310998 4.15040016 3.296
-5.03690004 3.61859989 2.16899991
-5.03469992 3.73239994 2.51020002
-5.04069996 3.88070011 1.98539996
-5.03259993 3.73390007 2.85800004
-5.03249979 3.62290001 3.21210003
-5.0316 3.39630008 2.77539992
-4.99410009 2.34159994 0.8513
-4.95539999 2.04410005 0.76779997
-4.91109991 2.12859988 1.1013
-4.91520023 1.93920004 1.45560002
-4.88059998 1.94710004 1.78999996
-4.96220016 2.31040001 1.37170005
-4.93930006 2.31480002 1.70659995
-4.93779993 2.79570007 0.70020002
-4.91200018 2.50289989 1.13080001
-4.86920023 2.61999989 1.43579996
-5.02939987 1.71990001 0.67549998
-4.9749999 1.65600002 1.17390001
-5.01760006 1.48689997 0.89819998
-4.98710012 1.53659999 1.52690005
-4.93709993 1.62810004 1.8944
-4.85340023 1.95369995 2.16429996
-4.84399986 1.95669997 2.50250006
-4.94049978 2.27819991 2.05960011
-4.90869999 2.28410006 2.43350005
-4.91300011 2.3979001 2.96749997
-4.86899996 2.40490007 3.30999994
-4.83389997 1.96039999 2.88210011
-4.83059978 1.96210003 3.23329997
-5.11539984 2.10010004 2.67779994
-4.85650015 2.54900002 1.91939998
-4.8512001 2.51419997 2.23670006
-4.84829998 2.51620007 2.6861999
-4.8677001 1.68620002 2.68899989
-4.85930014 1.68900001 3.03620005
-5.21820021 2.08470011 3.05649996
-2.06830001 4.25360012 3.54550004
-2.01399994 4.19850016 4.00299978
-2.35949993 4.3927002 3.47160006
-2.26009989 4.01370001 4.00549984
-2.50950003 4.12669992 3.56680012
-2.52600002 4.25719976 3.91350007
-2.55870008 3.76340008 4.00960016
-2.81150007 4.17999983 3.55369997
-2.74390006 4.01370001 4.01060009
-3.171 4.18599987 3.48449993
-2.9203999 4.25519991 3.92319989
-3.35019994 4.63320017 3.48510003
-2.81830001 3.58060002 4.01070023
-3.06110001 3.78489995 4.01020002
-3.03830004 3.34960008 4.01130009
-3.34910011 3.32340002 4.00699997
-3.37969995 3.75580001 4.00579977
-3.52270007 4.03410006 3.62290001
-3.20689988 4.08059978 4.01000023
-3.52200007 4.03609991 4.00810003
-3.69930005 3.75139999 4.00619984
-3.80940008 4.13390017 3.5618
-3.8052001 4.23029995 4.00610018
-4.1079998 4.17749977 4.01079988
-3.18549991 3.01789999 4.01170015
-3.50079989 2.94039989 3.84030008
-3.65499997 3.41490006 4.00549984
-3.78239989 2.76659989 3.84570003
-3.71569991 3.07969999 4.0079999
-4.04360008 3.16359997 4.01210022
-3.98110008 3.4842999 4.0085001
-3.9749999 3.90070009 4.00810003
-4.32180023 3.86630011 4.01550007
-4.33419991 3.3592 4.01809978
-4.56500006 3.60610008 4.02059984
-4.04129982 2.57990003 4.01789999
-4.08510017 2.86890006 3.85899997
-4.33360004 2.44250011 4.02650023
-4.51109982 2.76889992 3.84800005
-4.39799976 3.01880002 4.02199984
-4.66289997 3.28920007 3.66580009
-4.6953001 3.21959996 4.02619982
-4.86539984 2.88669991 3.63120008
-5.03070021 3.21199989 3.40860009
-4.90700006 2.99559999 4.01609993
-5.04589987 3.21329999 3.74009991
-4.15649986 4.14849997 3.57540011
-4.53240013 4.12820005 3.57419991
-4.48710012 4.26550007 4.01450014
-4.81850004 3.90700006 3.59929991
-4.67859983 4.00460005 4.01739979
-4.79160023 4.30749989 3.56130004
-5.0447998 4.1546998 3.83380008
-4.8197999 3.54270005 3.58019996
-4.88570023 3.73060012 4.02229977
-5.04809999 3.73909998 3.74460006
-4.99119997 3.36400008 4.02799988
-4.7895999 2.26869988 3.57550001
-4.63929987 2.54520011 4.03179979
-4.90969992 2.40240002 4.01730013
-4.80439997 1.89289999 3.60479999
-4.94029999 1.90460002 3.94519997
-5.07590008 2.148 3.48979998
-4.54379988 2.1645999 4.03560019
-5.04769993 2.6105001 3.52659988
-4.94159985 2.69700003 3.92409992
-5.0717001 1.72010005 3.53609991
-4.91960001 1.60029995 4.0230999
-4.93109989 -3.62960005 1.99109995
-4.98390007 -3.60820007 3.30320001
-4.99779987 -3.47909999 4.08169985
3.11689997 3.5789001 0.28470001
3.11899996 3.58189988 0.59249997
3.11610007 3.74979997 0.84829998
3.18600011 3.48440003 1.13269997
3.1644001 3.79850006 1.17320001
3.1644001 3.61989999 1.42929995
3.16639996 3.79859996 1.74580002
3.16569996 3.52390003 1.93739998
3.26020002 2.94070005 0.4154
3.1967001 2.81080008 0.72409999
3.12280011 3.07850003 0.91939998
3.12960005 3.2592001 0.35120001
2.90709996 3.1421001 0.024
2.85419989 3.44700003 -0.0237
3.13089991 3.26040006 0.6663
2.9073 2.6407001 -0.0402
2.5941999 2.61619997 -0.041
2.65079999 2.92409992 -0.0439
2.62290001 3.23690009 -0.0465
2.3512001 3.08360004 -0.047
3.16770005 2.76679993 1.04840004
3.16939998 2.78439999 1.36889994
3.16739988 3.11750007 1.23609996
3.1710999 2.78600001 1.69019997
3.16849995 3.11800003 1.55850005
3.17090011 3.03629994 1.8779
3.51659989 -3.68860006 1.40810001
2.8749001 -2.95490003 0.24079999
2.85879993 -2.69860005 0.4224
2.85019994 -2.62470007 0.92379999
3.29310012 -0.42640001 0.33880001
3.29250002 -0.42089999 0.69700003
3.2874999 -0.40849999 1.00680006
3.30539989 -0.44999999 1.8089
2.28600001 2.66849995 0.0083
1.96940005 2.74690008 -0.0393
3.16669989 3.72300005 2.18140006
3.16860008 2.74970007 2.00929999
3.1716001 3.03660011 2.19749999
3.16829991 3.35570002 2.19740009
3.33360004 -3.25839996 2.01939988
2.94829988 -2.84960008 4.04659986
3.30669999 -0.44780001 2.17709994
3.13919997 -0.34560001 3.61870003
3.25710011 -0.47060001 4.03179979
2.94880009 -0.49829999 4.02899981
2.6552 -0.39520001 4.02960014
3.20309997 1.39279997 3.5927999
2.35450006 -0.32570001 4.02909994
2.05629992 -0.2568 4.0314002
1.84720004 -0.49559999 4.03429985
1.65569997 -0.25580001 4.03389978
1.42330003 -0.4657 4.03480005
1.18850005 -0.26440001 4.03350019
0.97509998 -0.48859999 4.03459978
0.66439998 -0.51069999 4.03770018
0.4524 -0.28569999 4.04040003
0.3707 -0.66039997 4.04180002
-0.2068 -0.26910001 4.04050016
2.95180011 3.95359993 0.59890002
2.85220003 3.95499992 0.91280001
3.12190008 3.96530008 1.43139994
2.85400009 3.95729995 1.23759997
2.95679998 3.95420003 1.93589997
2.77020001 3.95910001 1.55789995
2.57730007 4.20709991 1.23430002
2.57940006 4.2171998 1.54760003
2.70359993 3.73130012 -0.0201
2.55360007 3.9454999 0.156
2.47469997 3.51460004 -0.0342
2.66580009 3.94869995 0.4774
2.55649996 3.94849992 0.79269999
2.30660009 3.89380002 -0.0194
2.36439991 3.94390011 0.4147
2.0940001 3.93770003 0.2159
2.19059992 3.94129992 0.6728
2.15689993 3.57949996 -0.0475
2.09680009 3.25999999 -0.0452
1.95070004 4.00229979 -0.0474
1.85420001 3.64450002 -0.0501
2.0165 3.93959999 0.92820001
2.60400009 3.95770001 1.87950003
2.46289992 3.94899988 1.11310005
2.27769995 4.14629984 1.28489995
2.29570007 4.2171998 1.67630005
2.27719998 3.95309997 1.86839998
2.01810002 4.13329983 1.47109997
1.9928 3.94819999 1.74979997
1.91320002 4.39169979 0.4725
1.93149996 4.23549986 0.84609997
1.71739995 4.13630009 0.41949999
1.59179997 3.84439993 -0.0504
1.68019998 4.34880018 0.67299998
1.44659996 4.30929995 0.91970003
1.89859998 4.27209997 1.171
1.90129995 4.27559996 1.75329995
1.68299997 4.26940012 1.43610001
1.42560005 4.27199984 1.23389995
1.49660003 4.25939989 1.68949997
1.16859996 4.23890018 1.04649997
1.17620003 4.22469997 1.43270004
1.31200004 4.27990007 1.94649994
1.85650003 3.06089997 -0.0462
1.53659999 3.03270006 -0.0465
1.68620002 3.3434999 -0.0469
1.43200004 3.54089999 -0.0506
1.65369999 2.70799994 -0.0394
1.28149998 3.22359991 -0.0471
1.09720004 2.93109989 0.67369998
0.83219999 4.24049997 1.36740005
1.00839996 4.25759983 1.69009995
0.71850002 2.62069988 0.3258
0.52600002 2.73799992 0.53909999
0.37180001 2.61759996 -0.0449
0.3572 2.65849996 0.2886
0.1516 2.40179992 -0.0432
0.0867 2.74740005 0.1655
-0.0974 2.58739996 -0.0443
0.22409999 2.81509995 0.54269999
-0.0281 2.98049998 0.67479998
-0.22939999 2.91359997 -0.0446
-0.53509998 3.06629992 -0.0448
0.84280002 4.55800009 1.88469994
-0.1043 2.19819999 -0.0382
-0.35530001 2.02180004 -0.035
-0.42250001 2.65389991 -0.0405
-0.38800001 2.32999992 -0.0387
-0.72490001 2.70679998 -0.0428
-0.63789999 2.12579989 0.0236
-0.7766 1.83430004 -0.0343
-0.94620001 2.1020999 0.0791
-0.78579998 2.4059999 0.0133
-1.03489995 2.76629996 -0.0105
-1.08669996 2.37590003 0.0645
-1.36829996 2.48169994 -0.0072
-1.24989998 2.05800009 -0.0353
-0.84429997 3.04189992 -0.0444
-1.19019997 3.04940009 -0.0425
-1.50080001 3.01239991 -0.0293
-1.78260005 3.13680005 -0.0345
-1.89460003 4.24480009 0.219
-1.74349999 4.33090019 0.4887
-1.78120005 4.329 0.81
-2.39669991 3.8901 0.1269
-1.74059999 2.5065999 -0.0319
-2.0868001 2.53309989 -0.0275
-1.8348 2.81520009 -0.0318
-2.16359997 2.9842999 -0.0337
-2.36689997 2.73900008 -0.0346
-2.45549989 3.11980009 -0.0379
-2.68869996 2.91919994 -0.0346
-2.80069995 3.2190001 -0.0359
-3.02889991 2.81739998 -0.031
-2.81900001 4.12060022 0.0708
-2.79139996 4.21759987 1.32140005
-3.51349998 4.12200022 0.30540001
-4.13630009 4.29629993 -0.0032
2.96160007 3.96700001 2.2513001
3.07550001 4.30980015 2.49559999
2.76250005 4.3677001 2.57629991
2.45950007 4.36280012 2.50959992
3.00259995 4.3920002 3.79509997
2.60599995 3.96160007 2.19190001
2.27880001 3.95760012 2.19519997
1.99399996 3.9519999 2.07270002
1.92879999 4.32380009 2.06929994
1.92410004 4.38870001 2.44129992
2.1789 4.35629988 2.63630009
1.86109996 4.52839994 2.74449992
1.71640003 4.19999981 2.26430011
1.64199996 4.25290012 1.95879996
1.40199995 4.26240015 2.26209998
1.82130003 4.22319984 2.69300008
1.54340005 4.2198 2.55180001
1.6437 4.19969988 2.95900011
1.30859995 4.27250004 3.71300006
1.11839998 4.16680002 2.18339992
0.91240001 4.41009998 2.63849998
0.866 4.48089981 3.19569993
0.8563 4.53329992 2.25320005
-3.90219998 4.32289982 2.45650005
-3.90140009 4.32480001 2.78719997
-3.35870004 4.25349998 3.78379989
-3.89590001 4.32460022 3.15840006
-4.1546998 4.32469988 2.97650003
-4.24289989 4.32670021 3.29780006
1.35609996 -2.2888 0.2335
1.15059996 -3.15179992 0.0017
1.10399997 -2.05209994 0.6099
0.75910002 -2.0941 0.70770001
0.3599 -2.17630005 0.70730001
0.0511 -1.7414 0.84810001
0.68059999 -3.60380006 0.257
-0.0669 -2.26360011 0.70950001
-0.3427 -2.10739994 0.70840001
-0.49160001 -2.39120007 0.71460003
-0.84329998 -0.2246 -0.0106
-1.12390006 -0.71929997 -0.0055
-1.09930003 -0.4025 -0.009
-1.40929997 -0.51950002 -0.0073
-0.8233 -2.3355 0.7155
-1.16849995 -2.34150004 0.7155
-1.34979999 -0.93910003 -0.0037
-1.63339996 -0.79220003 -0.0034
-1.78009999 -1.30739999 0.0001
-1.88989997 -1.02170002 -0.0028
-2.08710003 -1.28970003 -0.0002
-2.20970011 -0.96499997 -0.001
-0.42840001 -3.61109996 0.42910001
-1.47730005 -2.5532999 0.71850002
-1.78400004 -2.41529989 0.71749997
-2.09599996 -2.6257 0.72280002
-1.94029999 -1.57500005 0.1753
-2.2427001 -1.68449998 0.27360001
-2.39520001 -1.31570005 0.0017
-2.42269993 -1.63269997 0.003
-2.52970004 -1.29390001 0.33239999
-2.54640007 -1.27020001 0.64289999
-2.61179996 -1.4734 0.87760001
-2.6487999 -1.70679998 0.2031
-2.70720005 -1.88960004 0.45500001
-2.61010003 -1.54190004 0.4957
-2.84369993 -3.62179995 0.57590002
-3.6566 -3.62919998 0.51880002
-4.07270002 -3.33470011 0.71789998
-4.06540012 -2.97939992 0.83740002
1.4461 -2.85170007 4.05319977
0.977 -2.84699988 4.05270004
0.68790001 -2.69630003 4.05219984
-0.32539999 -0.55260003 4.03840017
-0.53079998 -0.32359999 4.03719997
-0.86699998 -0.35569999 4.03739977
-1.17340004 -0.29899999 4.03919983
-1.28209996 -0.6128 4.04110003
-1.48210001 -0.37900001 4.04379988
-0.78490001 -2.85220003 4.05609989
-1.21270001 -2.85899997 4.05670023
-2.23239994 -2.14280009 4.05840015
-2.60800004 -2.91479993 4.06529999
-3.76200008 -2.90689993 4.07520008
-0.97170001 0.15459999 1.25999999
-2.50329995 1.28079998 0.0924
-2.78859997 1.14380002 0.0971
-1.81410003 1.36230004 1.27520001
-1.91390002 -0.61909997 -0.0045
-2.4059999 -0.79579997 0.1927
-2.41919994 -0.53930002 0.7457
-2.45569992 -0.8786 0.50019997
-2.48020005 -0.8592 0.83759999
-3 0.91460001 0.106
-3.34069991 2.77889991 -0.0263
-3.10940003 1.26909995 0.0989
-3.61540008 0.79949999 -0.0057
-3.97119999 0.82990003 -0.0034
-3.8125 1.09720004 -0.0074
-4.09009981 1.25030005 -0.0072
-4.2505002 1.24989998 0.58420002
-2.85730004 -1.13629997 0.89560002
-3.92980003 0.4745 0.0003
-4.27780008 0.597 0.0035
-4.28630018 0.90549999 0.079
-4.28760004 0.90679997 0.39489999
-4.37629986 1.17729998 0.19589999
-4.59009981 0.9562 0.2013
-4.29129982 0.90859997 0.91640002
-4.52279997 1.03240001 0.60159999
-4.67609978 0.84500003 0.92309999
-4.40500021 0.33489999 0.1042
-4.42570019 0.26140001 0.43380001
-4.33769989 0.171 0.78439999
-4.59660006 0.55900002 0.0069
-4.85200024 0.37810001 0.0113
-5.00439978 0.62660003 0.20630001
-5.02250004 0.58740002 0.51069999
-5.02099991 0.58880001 0.82120001
-5.02010012 0.59009999 1.16610003
-5.01870012 0.62980002 1.47479999
-5.01830006 0.59310001 1.85020006
-4.73859978 1.20179999 0.0062
-5.02229977 1.23380005 0.1708
-4.83300018 1.09099996 0.59530002
-4.95419979 0.9339 0.25029999
-5.0229001 0.85540003 0.66390002
-5.02089977 0.85680002 0.97250003
-4.99139977 1.16190004 0.87760001
-4.8986001 1.24030006 1.21420002
-4.9920001 1.2026 1.56040001
-4.98339987 1.24150002 1.89069998
-5.02229977 0.8962 1.28240001
-5.01830006 0.8599 1.69519997
-4.95730019 0.28799999 0.3105
-5.02099991 0.27939999 0.65249997
-5.01999998 0.2807 0.9641
-5.01929998 -0.0705 1.10500002
-5.01709986 -0.1087 1.41050005
-5.01380014 -0.1071 1.71679997
-5.01970005 0.28200001 1.27470005
-5.01749992 0.28380001 1.6552
-5.0165 0.285 1.9655
-4.61079979 -2.7953999 0.88440001
-4.84700012 -2.6414001 0.73299998
-5.00010014 -2.98189998 0.70310003
-1.79560006 -0.45089999 4.04839993
-2.04909992 -0.27489999 4.05310011
-2.1631 -0.6182 4.05299997
-2.44129992 -0.48390001 4.05289984
-2.76390004 -0.46219999 4.05389977
-3.88439989 1.4641 4.03289986
-3.06620002 -0.54220003 4.05530024
-3.29220009 -0.30180001 4.05810022
-3.60840011 -0.3321 4.05980015
-3.74839997 -0.64920002 4.06090021
-3.96810007 -0.2969 4.06260014
-4.2185998 -0.47420001 4.06540012
-4.52229977 -0.29640001 4.06409979
-4.48250008 -0.6652 4.06669998
-4.85750008 -0.61879998 4.06720018
-5.0170002 0.86159998 2.04049993
-4.7894001 -0.0161 3.61170006
-5.01590014 -0.21969999 3.84089994
-4.74459982 4.34000015 3.86400008
-4.84859991 -2.20770001 3.06010008
-4.78240013 -1.59329998 2.88439989
-5.09030008 -1.81640005 2.18580008
-4.8421998 -1.57239997 4.07089996
2.8664999 -2.94569993 0.62660003
2.8585 -2.96740007 1.26979995
2.85459995 -2.99449992 1.5776
3.31890011 -2.89429998 3.68409991
3.16540003 2.47889996 1.30330002
3.16669989 2.48009992 1.64590001
3.30040002 -0.39309999 1.31710005
3.93659997 -1.71640003 1.70679998
2.84890008 -2.6566999 1.51329994
0.5693 0.0608 3.74180007
0.1803 0.0573 3.7262001
3.02990007 0.0751 3.97340012
2.80299997 -0.1237 4.02899981
2.54909992 0.0786 3.97119999
2.04060006 0.0505 3.97099996
1.61860001 0.0751 3.90980005
1.13199997 0.0734 3.95779991
0.90890002 -0.13590001 4.03329992
0.62830001 0.0147 4.03900003
0.2015 0.0259 4.03950024
2.86999989 -3.23609996 0.8362
2.86730003 -3.2651999 1.14619994
0.35179999 -3.60579991 0.2511
0.0453 -3.60599995 0.28839999
-0.4659 -1.79349995 0.7148
-0.66610003 -2.02970004 0.71079999
-0.97479999 -2.0165 0.71079999
-0.0741 -3.5309 0.0054
-0.73159999 -3.61490011 0.3391
-1.19420004 -3.61669993 0.37760001
-1.45879996 -2.22989988 0.71259999
-1.64890003 -1.96560001 0.80239999
-2.07629991 -2.30290008 0.71649998
-2.67400002 -1.7349 0.7313
-2.75810003 -2.0315001 0.74800003
-2.79760003 -3.6250999 0.27059999
-3.08520007 -3.62540007 0.37920001
-3.1573 -2.66030002 0.017
-3.32529998 -2.98880005 0.0223
-3.46639991 -3.26480007 0.026
0.37279999 -2.74559999 4.05140018
-0.0695 -2.8756001 4.05350018
-0.26789999 0.0598 3.98099995
-0.69169998 0.0575 3.98160005
-1.10029995 0.055 3.99180007
-1.51769996 -2.81990004 4.05749989
-3.08030009 -2.80310011 4.06759977
-3.39560008 -3.62849998 0.2938
-3.62590003 -3.61750007 0.0389
-4.34590006 -2.82089996 0.1157
-3.7032001 -3.37310004 0.2203
-4.80149984 -3.1644001 0.35659999
-4.97860003 -3.3822999 0.74349999
2.23639989 4.3519001 0.67140001
2.23760009 4.3526001 0.98900002
2.24399996 4.35890007 2.21819997
1.17330003 4.54530001 2.8506
1.1674 4.53340006 3.15799999
-0.67739999 4.3599 3.72790003
-1.5632 4.3526001 3.7342999
-3.65969992 4.37890005 3.43930006
-2.37210011 1.92560005 -0.0312
-2.33899999 1.51499999 -0.0245
-2.58570004 1.68889999 0.0443
-2.83100009 1.50320005 0.0954
-2.49569988 2.06739998 0.3761
-2.35829997 1.90489995 0.8933
-2.3355 1.88559997 1.22189999
-1.99839997 1.43499994 0.67009997
-2.19099998 1.67279994 0.3951
-2.17529988 1.67250001 1.02489996
-2.13759995 1.63259995 1.33099997
-2.21420002 1.71179998 0.70190001
-2.77699995 0.32339999 -0.0074
-3.10829997 -0.0357 0.91180003
-3.23009992 1.55799997 0.0959
-3.49489999 1.31190002 -0.0099
-3.06690001 0.48030001 -0.0045
-3.31349993 0.667 -0.0058
-3.38809991 1.00699997 -0.0113
-2.33879995 1.90009999 1.55470002
-2.31949997 1.88919997 1.875
-2.13940001 1.64450002 1.6401
-2.32419991 0.0376 3.77659988
-2.77729988 2.61269999 -0.0321
-3.82739997 4.24819994 0.31810001
-3.69230008 1.55200005 -0.0135
-3.89899993 1.79489994 -0.0154
-4.31619978 1.3175 0.91509998
-5.21159983 2.37879992 3.18939996
-3.66639996 -0.70279998 0.89819998
-3.70300007 -0.39579999 0.89499998
-4.75080013 -1.92879999 0.49259999
-4.79839993 -1.62179995 0.56760001
-4.38189983 -0.88120002 0.73430002
-4.93030024 -0.32069999 0.57410002
-4.95790005 -0.0495 0.71429998
-4.84600019 -1.10160005 0.83920002
-5.01289988 -0.0016 2.07509995
-4.82999992 0.79040003 0.0065
-4.59899998 1.35230005 0.59649998
-4.71950006 1.35459995 0.91640002
-1.51460004 0.052 3.97410011
-1.7529 -0.1455 4.05000019
-2.19720006 -0.0036 4.05240011
-2.54029989 -0.1881 4.05210018
-2.74449992 0.0423 4.03900003
-2.9454 -0.20020001 4.05509996
-3.15190005 0.0337 4.05660009
-3.47180009 -0.0514 4.06029987
-3.77839994 -0.0499 4.05900002
-4.08129978 -0.0039 4.06160021
-4.40049982 0.0014 4.06459999
-4.72559977 -0.0503 4.0644002
-4.00719976 4.34590006 3.77399993
-4.32849979 4.34250021 3.74650002
-4.34119987 -2.5158 0.0822
-4.64720011 -2.50099993 0.0286
-4.91590023 -2.66260004 0.0371
-4.84810019 -2.22519994 0.1222
-5.00390005 -3.03320003 0.1161
-4.81720018 -2.32380009 0.42460001
-4.60559988 -2.9375 0.23119999
-4.60270023 -2.93490005 0.5966
-4.95429993 -2.88050008 0.40700001
-4.71729994 -2.78139997 1.70050001
-4.84800005 -2.24440002 2.35899997
-4.85960007 -2.2270999 2.74000001
-4.99119997 -3.17149997 2.81349993
-4.98810005 -3.10739994 3.41230011
-4.70900011 -2.96650004 4.08230019
-4.14680004 -2.82270002 0.3809
-4.66090012 -3.31340003 1.20539999
-4.8441 -3.62420011 1.2112
0.56300002 4.39370012 0.0863
0.0853 3.02920008 -0.0298
0.0779 3.01799989 0.35949999
3.19029999 -2.41339993 -0.0066
2.87269998 -2.57680011 -0.0015
2.87800002 -3.30879998 0.25229999
0.82270002 -3.04229999 0.0006
0.9605 -3.39989996 0.005
0.62720001 -3.29150009 0.0019
0.3369 -3.42350006 0.0049
0.51969999 -1.89199996 0.70429999
0.40709999 -3.07800007 0.0015
0.0844 -3.24110007 0.0043
-0.25690001 -3.26629996 0.0054
-1.25090003 -1.95249999 -0.0277
-1.16340005 -2.31629992 -0.0069
-1.29419994 -1.95449996 0.7094
-0.5679 0.1251 0.14049999
-0.5715 0.14910001 0.5776
-0.87440002 0.1619 0.0379
-0.82929999 0.1485 0.34169999
-0.89020002 0.1734 0.64660001
-1.07529998 0.37029999 0.191
-1.08080006 0.3924 0.52359998
-0.866 0.1441 0.96149999
-1.08010006 0.3926 0.84500003
-1.12100005 0.40580001 1.16279995
-1.58229995 -1.93200004 0.0002
-2.43339992 4.35589981 -0.0382
-3.06660008 4.35440016 -0.0047
-3.41289997 4.35109997 -0.0247
-3.30539989 4.37869978 0.42340001
-3.63890004 4.38219976 2.97679996
-5.44579983 2.55859995 3.26979995
-5.36609983 2.34770012 3.48060012
-0.39309999 -3.57710004 0.0074
-0.70569998 -3.59789991 0.0113
-0.91030002 -3.34739995 0.0096
-1.01100004 -3.61339998 0.1267
-1.21430004 -3.39529991 0.0123
-1.44459999 -3.60809994 0.0229
-1.52649999 -3.61910009 0.32100001
-1.08990002 -2.85100007 0.0064
-1.32360005 -3.05209994 0.0093
-1.34570003 -2.63429999 0.0047
-1.48339999 -2.29229999 0.003
-1.6681 -2.63210011 0.0952
-1.60360003 -2.94079995 0.1416
-1.5898 -3.30019999 0.0101
-1.88600004 -3.20939994 0.0138
-1.88310003 -2.84500003 0.0109
-2.16650009 -2.72009993 0.0738
-1.69079995 -2.31579995 0.2915
-1.7471 -2.73340011 0.38949999
-1.75600004 -3.60750008 0.0172
-2.04920006 -3.47810006 0.0176
-2.16849995 -3.08669996 0.0146
-2.46350002 -2.98049998 0.0129
-2.35339999 -3.33850002 0.0194
-2.30660009 -3.61859989 0.1471
-2.58949995 -3.54060006 0.02
-2.69400001 -3.19970012 0.0159
-2.8822 -3.4440999 0.0222
-1.83669996 -3.62249994 0.32120001
-3.13450003 -3.61919999 0.0252
-1.7852 -2.16149998 0.0039
-2.0250001 -1.9648 0.0012
-1.99619997 -2.39159989 0.0058
-2.26040006 -2.17549992 0.0041
-2.44370008 -2.60809994 0.0077
-2.55270004 -2.08109999 0.0021
-2.10680008 -2.34540009 0.30270001
-2.7119 -1.41910005 0.0059
-3.01320004 -1.36129999 -0.0009
-3.29579997 -1.31019998 0.14219999
-2.86619997 -1.33070004 0.2701
-2.86150002 -1.23800004 0.6067
-3.14400005 -1.25670004 0.40810001
-3.5855999 -1.23790002 0.27219999
-2.75609994 -2.88630009 0.0107
-2.9914999 -3.08999991 0.0113
-4.13630009 -0.1894 0.65359998
-4.14349985 -0.50620002 0.68010002
-3.92059994 -1.22850001 0.13770001
-4.2203002 -1.23389995 0.0106
-4.5237999 -1.29130006 0.0162
-4.67150021 -1.71459997 0.0254
-4.74060011 -1.07200003 0.0162
-4.80480003 -1.37580001 0.15189999
-4.02279997 -1.13940001 0.4253
-4.33090019 -1.10510004 0.4082
-4.64659977 -1.09249997 0.3154
-4.8611002 -0.80919999 0.18610001
-4.89300013 -0.85619998 0.50700003
-4.81489992 -1.23800004 0.54699999
-3.97009993 -3.29629993 0.021
-3.92980003 -3.63470006 0.1573
-4.62739992 -3.28399992 0.0435
-4.91690016 -1.93659997 0.0316
-4.87069988 -1.68519998 0.27129999
-5.08640003 -1.72800004 0.7141
-5.09040022 -1.74090004 1.02030003
-5.2730999 -1.54569995 1.17610002
-5.3355999 -1.57159996 0.81190002
-5.25449991 -1.66429996 1.46510005
-5.23869991 -1.57529998 1.76240003
-5.21049976 -1.50810003 2.28010011
-5.09030008 -1.58819997 2.5618
-5.12370014 -1.49769998 2.92910004
-5.17689991 -1.5266 3.23510003
-5.08979988 1.5431 0.331
-5.10720015 1.64180005 3.22219992
4.60699987 -3.51620007 0.26269999
2.7198 4.2972002 -0.0293
2.41930008 4.22139978 -0.0439
2.63930011 4.24770021 0.54960001
2.70020008 4.27120018 0.8567
2.54259992 4.2507 0.2438
2.148 4.18769979 0.38980001
3.21959996 4.30340004 1.47409999
2.8362 4.36870003 1.88950002
2.95219994 4.36959982 2.20689988
2.56139994 4.36420012 2.03110003
1.40779996 4.49959993 3.38490009
2.86529994 -3.30029988 1.57780004
-1.28260005 -0.1252 -0.0086
-1.30050004 0.2994 -0.0131
-1.51779997 0.0766 -0.0095
-2.29250002 2.29419994 -0.0259
-2.17529988 2.16359997 0.3836
-1.58169997 -0.2449 -0.0083
-1.82099998 -0.0386 -0.007
-1.98800004 -0.29969999 -0.0058
-2.21140003 -0.50919998 -0.0028
-2.47429991 -0.3337 -0.0018
-2.69289994 -0.71340001 0.002
-2.34500003 -0.47170001 0.27599999
-2.87470007 -0.96170002 0.0038
-1.49839997 4.32999992 0.0651
-5.13040018 2.07940006 2.35109997
-4.46939993 -3.23790002 0.72359997
-4.63040018 -3.50909996 0.77380002
1.58879995 4.39760017 0.31400001
3.33109999 0.0462 4.02930021
0.92089999 4.58990002 1.43959999
1.26129997 -2.80979991 -0.0026
0.4499 -2.16540003 0.30070001
0.67110002 -2.727 0.3457
-4.09040022 -3.28780007 0.40689999
-4.39960003 -3.32579994 1.77929997
3.2249999 4.32980013 -0.0421
3.17470002 4.32299995 0.3247
3.26069999 4.18279982 0.90420002
3.26160002 4.18660021 1.83200002
3.26149988 4.26620007 2.15380001
1.52750003 4.60680008 2.88089991
-4.34079981 -2.87030005 0.75569999
-4.27199984 -3.61590004 0.68730003
-4.77110004 -3.63569999 0.52640003
-4.91309977 -3.63549995 0.90880001
-4.52720022 -3.77670002 1.50440001
-4.75470018 -3.5229001 1.49230003
-4.12949991 0.18260001 0.54750001
-4.64900017 -0.61970001 0.0186
-4.89249992 -0.53570002 0.35710001
-4.87279987 -0.0662 0.20810001
-4.85279989 -0.35859999 0.0978
-5.31850004 -2.4303 3.47849989
