0 -2.629756 0.868512 1.496023 -0.880586 0.871222 1.497391
1 -0.630643 0.870059 1.498014 1.004327 0.870933 1.498938
2 -1.219859 -1.498387 0.837404 -1.21986 -0.188551 0.84722
3 -1.221859 -0.191141 0.847138 -0.321431 -0.1882 0.847683
4 -0.280804 -1.443507 1.488089 -0.284488 -0.186111 1.497844
5 -0.762087 -0.203687 0.858692 -0.766461 -1.498354 0.87577
6 0.754241 0.901029 0.335137 -0.259243 0.900808 0.314241
7 -0.309319 -1.460318 0.848289 -0.318698 -0.2127 0.848227
8 -1.458057 -1.496095 1.487316 -1.46457 -0.225564 1.496825
9 -0.712071 -0.218259 0.847415 -0.715935 -1.460637 0.848005
10 0.338461 -0.740284 -0.396717 1.200288 -0.74163 -0.395548
11 -0.801346 -1.458828 0.847658 -0.800935 -0.220043 0.831242
12 -1.251944 0.895309 0.297272 -2.266818 0.899821 0.307335
13 -1.262719 0.900229 -0.557435 -1.261263 0.900103 0.948073
14 -0.232762 0.901856 -0.686735 0.742776 0.896216 -0.703406
15 1.470647 -1.09481 -0.426377 1.505722 -0.590388 -0.386705
16 -0.235499 0.901664 -0.184789 0.73916 0.90095 -0.209482
17 1.751338 0.901705 -4.098632 1.746454 0.892009 1.500437
18 1.404133 -1.021418 -0.47555 1.360833 -0.589423 -0.449437
19 1.408749 -0.702547 -0.400339 1.442262 -1.059361 -0.390487
20 1.721483 0.215474 0.442904 1.747869 -0.285664 0.456239
21 0.244623 -0.633108 -0.351188 0.449811 -0.617674 -0.381708
22 0.741379 0.895809 0.796736 -0.249966 0.900315 0.809292
23 0.819158 -0.697496 0.392737 1.284856 -0.697307 0.392079
24 0.70077 -0.561748 -0.381318 0.244499 -0.556698 -0.381625
25 0.446577 -0.634025 -0.351352 0.245274 -0.61826 -0.381202
26 -2.953834 -1.437914 1.49585 -1.646801 -1.438378 1.489582
27 0.244159 -0.63453 -0.351361 0.444432 -0.634771 -0.351614
28 -1.605095 -0.698525 0.391439 -1.615664 -0.702432 -0.403009
29 -3.25191 -0.700166 0.395424 -1.864242 -0.69857 0.379549
30 -3.230075 -0.446324 0.04081 -3.251664 -0.447422 0.86157
31 -3.252079 -0.524321 0.85074 -3.251032 -0.499688 0.046464
32 -3.251649 -0.287576 0.862601 -3.248951 -0.32549 -3.058346
33 -3.22972 -0.366164 0.040689 -3.252391 -0.372197 0.860762
34 -3.252399 -0.007433 0.863678 -3.230146 -0.010166 -0.840304
35 -3.231486 -0.085938 -0.831491 -3.251873 -0.088498 0.861977
36 -3.230687 -0.048444 -0.80546 -3.252484 -0.085184 0.860612
37 -3.248743 -0.183905 -3.062025 -3.251776 -0.169665 0.857379
38 -3.251713 -0.205752 0.862037 -3.248571 -0.246689 -3.060206
39 -3.251635 -0.167588 0.863084 -3.248083 -0.285129 -3.048505
40 -3.22944 0.19493 0.839728 -3.248625 0.23636 -3.058274
41 -3.251983 -0.166865 0.862904 -3.249041 -0.086086 -3.058988
42 -0.317294 -0.635558 0.813099 -0.716728 -0.635569 0.847857
43 -3.251762 -0.387755 0.858011 -3.251086 -0.390354 0.050214
44 -3.252071 -0.447752 0.862568 -3.251042 -0.465312 0.048524
45 -3.252585 0.113261 0.862148 -3.229109 0.069739 -0.809831
46 -3.229197 -0.045483 0.838501 -3.230067 -0.005622 -0.834207
47 -3.248098 -0.179002 -3.00042 -3.252249 -0.305891 0.848032
48 -3.250711 0.46584 -0.814109 -3.252358 0.466474 0.860169
49 -3.248763 0.175099 -3.053474 -3.217566 0.283109 0.834683
50 -3.212496 0.085983 -0.803973 -3.251835 0.09415 0.842313
51 -3.251871 -0.250334 0.859652 -3.24888 -0.327645 -3.058413
52 -3.21233 0.510784 -0.803472 -3.212437 0.51232 0.823407
53 -3.251016 0.427373 -0.478386 -3.252137 0.466343 0.857327
54 -3.24889 0.076289 -3.058927 -3.209521 0.12913 0.83297
55 -3.212282 0.125423 -0.752529 -3.210158 0.128228 0.828842
56 -3.252292 0.053435 0.854562 -3.211604 0.046245 -0.800884
57 -3.232787 -0.168832 -0.807221 -3.252152 -0.167592 0.850479
58 -3.210473 0.287673 -0.803808 -3.211406 0.287929 0.821103
59 -1.91199 0.899801 0.807919 -1.263221 0.900039 0.81469
60 -1.759821 0.900268 -1.709336 -1.746987 0.900105 -0.702417
61 -2.259961 0.90021 -1.713446 -2.258007 0.899983 -0.700013
62 -3.249846 -0.42448 -1.377725 -3.248787 -0.40876 -3.059333
63 -3.249126 0.336783 -3.054095 -3.228162 0.355821 -1.378788
64 -3.24981 -0.370304 -1.38309 -3.2481 -0.367428 -3.053448
65 -3.211713 0.512665 -1.378804 -3.24858 0.502807 -3.054074
66 -3.248402 -0.126309 -3.058792 -3.228543 -0.164953 -1.397396
67 -3.250263 0.235812 -1.200879 -3.248498 0.277267 -3.050827
68 -3.248917 0.157097 -3.058336 -3.226957 0.200709 -0.80908
69 -3.248437 0.034736 -3.057707 -3.228946 0.074607 -1.396428
70 -3.249005 -0.046136 -3.059269 -3.229574 -0.005596 -1.346151
71 -3.229921 -0.00712 -1.345002 -3.248117 -0.004183 -3.055746
72 -3.224043 -0.122635 -1.428699 -3.248999 -0.084315 -3.057012
73 -3.228271 0.073178 -1.38973 -3.248325 0.115647 -3.05591
74 -3.248761 -0.450687 -3.05343 -3.250155 -0.425333 -1.377682
75 -3.250105 -0.52844 -1.375372 -3.248327 -0.524041 -3.037819
76 -3.250345 0.235218 -1.386166 -3.207259 0.207348 -3.025806
77 -3.207369 0.367719 -1.38785 -3.248398 0.39691 -3.048053
78 -3.248385 0.155018 -3.05616 -3.21032 0.125952 -1.403257
79 -3.216985 -0.476378 -1.387742 -3.248218 -0.476752 -3.029328
80 -3.227473 0.31553 -1.38059 -3.248976 0.316953 -3.043524
81 -3.207103 0.288418 -1.386145 -3.209885 0.285553 -3.027004
82 -3.246917 0.397873 -5.320166 -3.225581 0.397563 -3.603509
83 -3.223705 0.317953 -3.60468 -3.246835 0.312944 -5.313209
84 -3.226599 -0.24355 -3.61233 -3.246871 -0.24944 -5.317321
85 -3.24729 0.51598 -5.315263 -3.218355 0.512943 -3.603272
86 -3.208208 0.445116 -3.603739 -3.246767 0.438963 -5.313081
87 -3.246646 -0.12829 -5.317615 -3.22751 -0.163877 -3.612797
88 -3.247051 -0.048786 -5.316391 -3.226259 -0.043131 -3.61667
89 -3.205698 0.327228 -3.603767 -3.247198 0.355045 -5.310216
90 -3.248508 0.257002 -3.620302 -3.246751 0.209388 -5.303633
91 -3.207166 0.514846 -5.243012 -3.208482 0.5128 -3.603318
92 -3.205471 0.407287 -3.622215 -3.208961 0.404207 -5.252015
93 -1.743572 0.900178 -2.694402 -1.757218 0.90055 -3.716813
94 -3.228115 0.19589 -3.614693 -3.246677 0.19806 -5.291661
95 -3.206313 -0.071638 -2.702155 -3.207465 -0.071731 -1.441721
96 -3.247806 -0.705489 -4.027211 -3.248035 -0.710051 -3.129289
97 -1.273582 0.901895 -2.688789 -0.761343 0.900618 -2.710309
98 -2.436038 0.87634 -5.902337 -0.842669 0.872735 -5.901571
99 -0.261083 0.901414 -3.717314 -1.240552 0.900992 -3.689803
100 -3.248273 0.287901 -3.122437 -3.248228 -0.3012 -3.116124
101 -2.241023 0.900815 -4.672813 0.750252 0.896966 -4.704499
102 -3.227978 0.036374 -3.603288 -3.246974 0.033431 -5.302558
103 -3.246914 0.13292 -5.25353 -3.228278 0.116054 -3.614377
104 -0.73746 0.901006 -3.715255 -0.262744 0.901078 -3.693649
105 -2.263231 0.901585 -3.73041 -2.261034 0.900416 -2.716669
106 0.962069 0.877522 -5.899633 -0.614627 0.870181 -5.900562
107 -0.287441 0.901922 -3.21479 -1.243006 0.900767 -3.186802
108 0.279587 0.896797 -4.707233 -0.732282 0.901619 -4.688971
109 -1.231038 0.901177 -4.189114 -0.897751 0.891727 -4.201189
110 1.752228 0.247284 -5.069307 1.75235 -0.446259 -5.062985
111 0.250252 0.895906 -3.253046 0.254824 0.901092 -3.706439
112 -0.24673 0.901471 -5.209302 -0.236684 0.901539 -4.207875
113 1.72602 0.236763 -4.56296 1.751689 -0.453508 -4.549895
114 -0.255274 0.901371 -4.190012 -0.601214 0.89237 -4.175235
115 0.759208 0.901581 -3.707134 0.759741 0.901083 -2.839045
116 1.734848 -0.399061 -5.01025 1.728555 0.195101 -5.0145
117 1.750377 -0.216476 -3.367232 1.750088 0.209372 -3.367893
118 0.761039 0.901064 -2.873602 0.761471 0.901629 -3.189629
119 1.750686 0.206802 -3.368024 1.749899 0.209275 -2.627426
120 1.751099 -0.217098 -3.372222 1.749724 -0.217162 -2.622316
121 1.750136 0.208922 -2.626597 1.750361 -0.218362 -2.629189
122 1.730313 0.902658 -1.732273 1.750157 0.902063 -4.128004
123 1.727054 0.182047 -2.679963 1.733133 -0.177367 -2.678371
124 1.530534 0.007387 -2.295964 1.531336 -0.323034 -2.292167
125 1.727232 0.178602 -3.321025 1.733252 -0.174673 -3.320281
126 1.239512 0.901367 -1.711257 0.870677 0.901018 -1.711583
127 0.340501 0.895918 -1.177026 0.723846 0.901012 -1.163451
