0 -0.4031 -0.299244 0.846675
1 1.724016 0.180715 0.620275
2 1.725539 0.060757 0.770079
3 -1.120955 -0.090217 1.164193
4 0.22722 0.897605 0.740247
5 -0.222325 0.898198 0.770465
6 -0.373283 -0.329231 0.846624
7 0.25448 -0.575326 -0.129919
8 0.437238 -0.576141 -0.102222
9 0.285951 0.901558 0.710264
10 1.730277 -0.295587 0.442149
11 0.227289 0.897605 0.680525
12 0.196733 0.899257 0.771312
13 -0.223846 0.899389 0.680317
14 -1.303646 0.901195 0.680221
15 0.2865 0.899221 0.771292
16 0.285972 0.901553 0.680344
17 1.723186 0.206069 0.442491
18 0.435822 -0.57815 -0.249911
19 1.724117 0.180731 0.500201
20 1.723994 0.180677 0.650038
21 -1.122832 -0.15115 1.13523
22 -0.223833 0.899445 0.560127
23 1.724501 0.150753 0.530215
24 0.286182 0.901568 0.530374
25 0.501301 -0.489092 -0.407984
26 0.676574 -0.51248 -0.279188
27 -1.092895 -0.148589 1.18901
28 1.725616 0.060682 0.680172
29 0.226977 0.897792 0.440295
30 0.699369 -0.50966 -0.128423
31 -1.123219 -0.041195 1.220171
32 -0.223895 0.899414 0.4401
33 -0.917867 -0.041139 1.430224
34 -0.917886 -0.059366 1.460305
35 0.286264 0.901597 0.410062
36 -0.224473 0.899142 0.351415
37 0.699231 -0.489648 -0.113145
38 0.227726 0.89756 0.351198
39 0.286 0.901494 0.352632
40 0.706623 0.902064 0.353377
41 0.706677 0.902058 0.410203
42 0.49563 -0.487479 -0.129384
43 -1.121397 -0.089091 1.217347
44 -0.223591 0.899478 0.409924
45 -1.185509 -0.112095 1.497283
46 1.723228 0.180779 0.950408
47 1.723773 0.180809 0.919967
48 -1.118758 -0.16948 1.134025
49 1.183449 -0.670522 0.093171
50 1.729148 -0.209238 0.920129
51 1.724423 0.150668 0.620245
52 1.727511 -0.089198 0.890107
53 -1.783805 0.898351 0.710108
54 1.724686 0.120708 0.80006
55 0.317732 -0.641281 0.167135
56 1.725662 0.060746 0.620162
57 1.725104 0.090774 0.800325
58 1.725438 0.060725 0.890104
59 0.286336 -0.636503 0.137883
60 -1.124417 -0.126058 1.142119
61 1.726027 0.030747 0.680059
62 1.729828 -0.239342 0.590095
63 1.729878 -0.239185 0.529883
64 1.725976 0.030748 0.740135
65 -1.693325 0.90109 0.350306
66 0.341529 -0.642173 0.168764
67 -1.30364 0.901203 0.65028
68 0.44865 -0.592311 -0.07801
69 -1.30336 0.898527 0.7708
70 -0.945417 -0.08739 1.185094
71 1.722487 0.205473 0.950224
72 0.698317 -0.488793 -0.407027
73 1.725686 0.060734 0.590013
74 0.940424 -0.658273 -0.286524
75 1.022637 -0.673313 -0.326545
76 1.723892 0.180766 0.770165
77 1.273375 -0.695544 0.049949
78 -1.783613 0.898274 0.740065
79 1.725054 0.090817 0.860102
80 1.727926 -0.119301 0.890009
81 1.15675 -0.695811 0.138461
82 1.190269 -0.667125 0.10597
83 -1.123654 -0.04122 1.188044
84 1.724092 0.18066 0.530315
85 0.527171 -0.512531 -0.279366
86 1.729902 -0.239326 0.500047
87 0.698735 -0.509986 -0.111125
88 0.286027 0.901565 0.379927
89 1.72466 0.120797 0.830232
90 1.724143 0.180714 0.470015
91 1.7232 0.205868 0.470206
92 1.00453 -0.672165 -0.332412
93 -0.917824 -0.041178 1.369885
94 -0.917902 -0.041058 1.460304
95 -1.813331 0.901029 0.740187
96 0.706613 0.902015 0.680226
97 0.409069 -0.627448 0.169612
98 0.196801 0.90181 0.680421
99 -1.120938 -0.087397 1.188367
100 -1.123778 -0.120468 1.190156
101 0.315071 -0.646528 0.204294
102 0.286094 0.901568 0.650246
103 -1.093195 -0.090333 1.166608
104 1.726466 0.000751 0.650152
105 0.706606 0.899518 0.77155
106 0.394554 -0.612566 0.109013
107 -0.94353 -0.090428 1.16672
108 1.727488 -0.089322 0.92009
109 1.723173 0.205864 0.500331
110 0.493406 -0.598351 -0.099725
111 0.646535 0.901989 0.680189
112 0.136774 0.901783 0.680247
113 -0.163374 0.901663 0.680505
114 0.383085 -0.615156 0.147815
115 1.726003 0.030696 0.71023
116 -0.013335 0.899113 0.771451
117 -0.133457 0.901711 0.620761
118 0.286029 0.901559 0.560431
119 0.196558 0.901852 0.560237
120 1.725589 0.060821 0.710222
121 0.196676 0.901869 0.410371
122 0.676578 0.902021 0.530407
123 0.106849 0.901795 0.620884
124 1.12659 -0.86898 1.499229
125 0.556719 -0.512559 -0.136273
126 0.706579 0.902012 0.710258
127 -0.133298 0.899085 0.771367
128 1.729803 -0.239357 0.62009
129 1.729856 -0.239252 0.559981
130 -1.093327 -0.066331 1.188842
131 -0.917856 -0.059336 1.430323
132 0.393211 -0.612426 0.086246
133 0.496506 0.901935 0.650079
134 0.376635 0.901887 0.650207
135 -0.223994 0.899332 0.650641
136 -0.163321 0.901675 0.65061
137 0.196639 0.901812 0.650374
138 0.646595 0.899463 0.77167
139 0.136635 0.901796 0.650309
140 -0.043289 0.901722 0.650598
141 -0.103321 0.901697 0.650791
142 0.016862 0.901745 0.650607
143 1.729609 -0.23924 0.860249
144 -1.605398 -0.700067 0.379967
145 0.448891 -0.570367 -0.081766
146 0.076832 0.90177 0.650389
147 -0.946216 -0.065562 1.191278
148 -1.303536 0.901195 0.710263
149 0.676605 -0.512488 -0.249985
150 0.6752 -0.512574 -0.134106
151 0.527055 -0.512556 -0.189901
152 -0.917793 -0.149303 1.400119
153 0.106783 0.899205 0.771379
154 0.377056 -0.611133 0.080131
155 -0.917848 -0.041156 1.400265
156 1.727245 -0.059218 0.710185
157 1.726368 0.000635 0.770134
158 1.727217 -0.059188 0.740157
159 1.725639 0.06068 0.650235
160 -0.043309 0.901712 0.680304
161 0.076686 0.901765 0.680318
162 0.106717 0.901785 0.650459
163 0.316723 0.901856 0.680024
164 1.724398 0.150728 0.650187
165 1.725076 0.090717 0.830142
166 0.453288 -0.566513 -0.09966
167 1.729581 -0.239288 0.890042
168 1.725491 0.060731 0.83004
169 -1.210287 -0.19124 0.847858
170 0.286628 -0.582627 -0.129872
171 0.676542 -0.512496 -0.219989
172 0.55662 -0.512537 -0.219999
173 0.700088 -0.48769 -0.129568
174 0.495678 -0.487274 -0.160119
175 -1.123679 -0.120272 1.159787
176 0.166874 0.901806 0.650402
177 0.526591 0.901948 0.650273
178 0.646699 0.901991 0.650274
179 0.110321 -0.697703 -0.369641
180 1.729629 -0.239228 0.830169
181 -0.133344 0.901671 0.740097
182 0.45331 -0.566896 -0.129753
183 -0.013237 0.901716 0.740296
184 0.70651 0.902008 0.740127
185 0.797296 -0.92857 1.49893
186 0.316748 0.901911 0.410163
187 -0.917765 -0.149226 1.370078
188 0.106657 0.901762 0.74027
189 1.727976 -0.119279 0.830087
190 0.500077 -0.510775 -0.159751
191 0.646771 0.902037 0.410454
192 -0.223873 0.899401 0.710278
193 0.466717 0.90193 0.590196
194 0.246864 -0.593752 -0.076202
195 -1.303621 0.90122 0.380251
196 0.046702 0.901756 0.650574
197 0.700145 -0.487595 -0.16003
198 -0.013261 0.901724 0.710275
199 0.106754 0.901767 0.71035
200 -1.124144 -0.061734 1.170711
201 0.346696 0.901868 0.710401
202 0.436503 0.90191 0.650164
203 0.40669 0.901899 0.650122
204 0.466649 0.901917 0.710229
205 0.01676 0.901787 0.530091
206 0.406609 -0.58257 -0.189916
207 0.676605 0.902002 0.7101
208 -1.121023 -0.060138 1.188842
209 -1.121782 -0.147669 1.189007
210 -1.210382 -0.209044 0.847328
211 -0.133243 0.901673 0.710117
212 -0.073361 0.901713 0.650759
213 0.466528 0.901921 0.650149
214 0.947797 -0.659528 -0.308437
215 -0.88334 -0.299259 0.826301
216 -0.403077 -0.329227 0.846607
217 0.937413 -0.39971 -0.206408
218 -0.883358 -0.719225 0.846017
219 -0.403195 -0.719244 0.806401
220 0.49569 -0.487245 -0.219921
221 0.697641 -0.50924 -0.4111
222 1.727395 -0.059302 0.530107
223 0.888795 -0.363849 -0.184775
224 0.340024 -0.637848 0.139096
225 1.217485 -0.697397 0.162114
226 1.726103 0.030789 0.590216
227 1.186618 -0.696401 0.140046
228 -0.22359 0.899487 0.379799
229 1.274472 -0.696442 0.079756
230 0.227082 0.89777 0.380121
231 1.725826 0.030851 0.92002
232 0.402288 -0.627129 0.110604
233 1.725795 0.060717 0.470055
234 -0.883295 -0.329198 0.826208
235 0.286076 0.901549 0.440183
236 1.724042 0.180783 0.589959
237 -1.123676 -0.147607 1.160748
238 1.722821 0.205945 0.920103
239 1.18402 -0.678325 0.204634
240 1.725564 0.060886 0.74014
241 0.70666 0.902065 0.380353
242 0.227348 0.897664 0.560388
243 0.527163 -0.512561 -0.159995
244 -1.303435 0.901198 0.740336
245 0.225308 0.897199 0.770909
246 0.467871 -0.684621 0.379243
247 0.496737 0.901933 0.680325
248 1.727868 -0.089212 0.470335
249 0.864919 -0.365523 -0.159496
250 1.274992 -0.697364 0.139279
251 1.725762 0.060695 0.500152
252 1.72737 -0.059281 0.560137
253 0.285979 0.901564 0.740212
254 -0.223801 0.899391 0.74019
255 -1.813294 0.901034 0.710217
256 0.325617 -0.644475 0.183598
257 0.467274 -0.689955 0.348034
258 0.393841 -0.613614 0.131147
259 1.725709 0.060818 0.560074
260 1.724472 0.150686 0.56018
261 0.106854 0.901834 0.439971
262 1.72766 -0.08922 0.710204
263 1.186063 -0.677873 0.220303
264 1.726346 0.000703 0.800372
265 0.882714 -0.351531 -0.164457
266 1.724444 0.150786 0.590136
267 0.579545 -0.697644 0.381962
268 0.381712 -0.613023 0.133185
269 0.527033 -0.512541 -0.250011
270 0.496174 -0.488652 -0.113373
271 0.435765 -0.578058 -0.220087
272 0.196743 0.901799 0.740189
273 0.316755 0.901862 0.650282
274 -0.917867 -0.171324 1.400699
275 0.346735 0.901874 0.650224
276 -0.013282 0.901734 0.65059
277 -0.133408 0.90169 0.650603
278 0.19683 0.901862 0.4403
279 -0.917828 -0.059259 1.399972
280 0.67664 0.902002 0.680011
281 1.726053 0.030729 0.650139
282 -0.973249 -0.066185 1.190863
283 1.727195 -0.059183 0.770117
284 0.44988 -0.557943 -0.339217
285 0.498311 -0.510079 -0.130489
286 1.729166 -0.209229 0.890133
287 -0.133407 0.901678 0.680344
288 0.406677 0.901895 0.680124
289 0.52675 0.901942 0.680375
290 0.105795 -1.409335 1.498243
291 0.166946 0.901855 0.409912
292 0.046754 0.901751 0.680398
293 1.146686 -0.671299 0.168023
294 0.676766 0.902054 0.380132
295 0.556561 -0.512551 -0.159913
296 0.406678 -0.582561 -0.219978
297 0.166834 0.901794 0.680482
298 -0.193435 0.901657 0.680305
299 0.826805 -0.956258 1.498948
300 -1.393217 0.901175 0.620149
301 -0.01328 0.901725 0.680286
302 0.346693 0.901872 0.680283
303 0.254898 -0.574753 -0.219858
304 0.286022 0.90156 0.620257
305 0.406564 0.901905 0.620271
306 0.526585 0.90195 0.62014
307 0.466653 0.901923 0.680118
308 -1.303317 -0.175484 1.497198
309 0.493391 -0.600157 -0.075234
310 -0.380261 -0.150106 1.280037
311 1.164579 -0.681882 0.226079
312 -0.917764 -0.041134 1.310182
313 -0.766828 -0.239261 0.853558
314 0.700181 -0.487533 -0.189892
315 -0.373199 -0.719278 0.806421
316 0.500037 -0.510836 -0.189712
317 0.246014 -0.593709 -0.098154
318 0.286662 -0.582617 -0.159916
319 0.406652 -0.582578 -0.159969
320 1.16396 -0.678804 0.206611
321 1.725464 0.060719 0.86014
322 1.166716 -0.273329 -0.18491
323 1.216269 -0.696256 -0.369895
324 1.72381 0.180695 0.44208
325 0.396985 -0.626587 0.083523
326 1.724061 0.180816 0.559999
327 -1.093035 -0.149473 1.174419
328 1.723966 0.180751 0.680083
329 0.735699 0.896831 0.50017
330 0.316232 -0.637107 0.136435
331 0.288959 -0.640642 0.168281
332 1.726152 0.030762 0.529979
333 1.725857 0.030729 0.890034
334 -1.093319 -0.087566 1.187276
335 0.31913 -0.643546 0.189323
336 0.286008 0.901587 0.500209
337 1.729487 -0.209179 0.50013
338 -1.813195 0.901037 0.680191
339 1.729417 -0.209332 0.590251
340 -1.693485 0.901087 0.410204
341 1.725907 0.030802 0.830167
342 -0.133297 0.901735 0.410159
343 1.126919 -0.69715 0.137625
344 1.245973 -0.696236 -0.339206
345 1.729025 -0.17923 0.560111
346 -1.873286 0.898307 0.770524
347 -1.123722 -0.054056 1.218224
348 -0.942791 -0.024593 1.497532
349 -1.783825 0.898388 0.650096
350 -0.974406 -0.064953 1.211353
351 0.576854 -0.697633 0.352419
352 -1.272242 0.8954 0.318926
353 0.706727 0.902031 0.5302
354 0.676562 0.902005 0.650064
355 0.616588 0.902002 0.53042
356 -0.193216 0.901664 0.650199
357 -0.918352 -0.041069 1.187285
358 -0.762314 -0.239379 0.884548
359 0.247971 -0.572013 -0.081225
360 0.196843 0.901865 0.380384
361 0.43561 -0.577978 -0.189993
362 0.496612 0.901927 0.710335
363 0.496066 -0.697673 0.381495
364 -0.917573 -0.169997 1.37023
365 0.254821 -0.574571 -0.249857
366 0.676737 0.902049 0.410306
367 0.556604 0.90196 0.650169
368 0.676586 0.901997 0.740264
369 -1.123827 -0.121177 1.220258
370 0.700257 -0.487392 -0.339909
371 0.496042 -0.509748 -0.110658
372 1.068814 -0.691987 0.110429
373 1.126097 -0.668784 0.13872
374 -0.381646 -0.149958 1.25017
375 -0.76689 -0.269218 0.853461
376 -0.863267 -0.702353 0.845191
377 0.675603 -0.512537 -0.159954
378 1.078798 -0.670729 0.084523
379 0.19673 0.901859 0.530246
380 1.730357 -0.269249 0.470138
381 0.25444 -0.573652 -0.279329
382 0.436753 -0.577275 -0.278686
383 0.338853 -0.644577 0.181154
384 0.227146 0.897647 0.710341
385 0.527269 -0.512565 -0.136789
386 0.106744 0.901834 0.410124
387 1.723794 0.180695 0.89023
388 0.447568 -0.590656 -0.100729
389 0.350157 -0.643861 0.187279
390 1.725955 0.030665 0.770159
391 1.726395 0.000607 0.740025
392 -0.223833 0.899426 0.53003
393 1.729466 -0.209276 0.529805
394 0.706644 0.902044 0.500364
395 1.72613 0.030706 0.560172
396 0.616713 0.902025 0.410249
397 0.376693 0.901934 0.410204
398 1.726419 0.000776 0.710173
399 0.196623 0.901806 0.710313
400 -0.013354 0.901764 0.620732
401 -1.66328 0.9011 0.380151
402 0.586625 0.901964 0.710149
403 1.301374 -0.697356 0.166248
404 1.72542 0.060736 0.920093
405 -0.917791 -0.041177 1.340185
406 0.981732 -0.681319 -0.351609
407 0.016695 0.901736 0.710385
408 0.251885 -0.572899 -0.101323
409 -0.19324 0.901649 0.710164
410 0.616756 0.901985 0.620186
411 -0.917735 -0.149185 1.339986
412 0.699433 -0.509517 -0.159729
413 -0.392098 -0.149278 1.214815
414 0.196718 0.901865 0.352983
415 1.729939 -0.239231 0.470212
416 0.408663 -0.659109 0.222529
417 0.462425 -0.688523 0.321596
418 1.725737 0.060665 0.530269
419 1.729388 -0.209281 0.620173
420 0.49656 0.90198 0.410039
421 1.728608 -0.209222 0.950612
422 -0.103244 0.901689 0.680282
423 0.699318 -0.508041 -0.249956
424 0.016545 0.901737 0.680482
425 1.729557 -0.239196 0.919929
426 1.730001 -0.269412 0.890033
427 1.727562 -0.089383 0.830321
428 1.728019 -0.119085 0.770248
429 0.377194 -0.610627 0.108296
430 0.699685 -0.508709 -0.190102
431 0.226971 0.89782 0.410305
432 0.766924 -0.928596 1.498907
433 -0.073355 0.901703 0.680234
434 0.106716 0.901776 0.680297
435 0.260508 -0.634298 0.105743
436 0.700291 -0.487167 -0.369819
437 0.676552 -0.489506 -0.410731
438 1.094242 -0.694223 0.139099
439 0.293449 -0.643533 0.193282
440 0.706786 0.902051 0.440163
441 1.730467 -0.295663 0.470218
442 1.184974 -0.669488 0.139716
443 1.72394 0.180777 0.710169
444 0.735462 0.896774 0.560327
445 0.706612 0.902047 0.470395
446 -0.133457 0.901742 0.440035
447 0.435378 -0.577711 -0.13011
448 1.726079 0.030741 0.620279
449 1.729001 -0.179324 0.590257
450 0.767045 -0.956163 1.498897
451 0.676004 -0.512503 -0.189955
452 1.097205 -0.696098 0.110512
453 0.457563 -0.681265 0.405251
454 0.466507 0.90197 0.410193
455 0.706706 0.902028 0.559983
456 0.422836 -0.637728 0.209433
457 0.706651 0.902021 0.620255
458 -0.013511 0.901791 0.410252
459 1.725027 0.090702 0.890118
460 1.275623 -0.697366 0.16446
461 0.359573 -0.610104 0.09982
462 0.405936 -0.627183 0.140351
463 1.727951 -0.119423 0.860167
464 0.6465 0.902007 0.5601
465 0.110399 -0.699375 -0.397527
466 -0.380677 -0.145779 1.186489
467 -0.853321 -0.299308 0.826322
468 0.646576 -0.512505 -0.21985
469 0.344873 -0.651625 0.233325
470 0.286105 0.901571 0.470326
471 1.747477 0.210646 0.440168
472 0.314263 -0.649635 0.227935
473 -0.193369 0.899073 0.77122
474 0.341038 -0.646987 0.202669
475 1.126343 -0.669977 0.083417
476 1.724635 0.120708 0.860253
477 0.24675 -0.560514 -0.338966
478 1.728003 -0.119221 0.800068
479 0.646646 0.902044 0.380327
480 1.729658 -0.239204 0.800116
481 0.466609 0.901929 0.620055
482 0.436613 0.901909 0.680267
483 -0.380617 -0.171072 1.185239
484 -0.853332 -0.719228 0.846034
485 1.728976 -0.179278 0.620231
486 0.254556 -0.575155 -0.159941
487 1.106138 -0.674101 0.186232
488 1.145136 -0.673766 0.188535
489 -0.433069 -0.299241 0.847259
490 1.723815 0.180691 0.860272
491 0.376647 0.901881 0.680198
492 0.616664 0.901979 0.650202
493 1.727583 -0.089232 0.80024
494 1.727539 -0.089288 0.860146
495 -0.917684 -0.041031 1.220435
496 1.126304 -0.669765 0.118774
497 0.646692 0.901998 0.620257
498 0.52662 0.901961 0.560467
499 0.406684 0.901918 0.560329
500 0.346872 0.901891 0.590299
501 0.046686 0.901799 0.560204
502 0.526649 0.901955 0.590295
503 1.725513 0.060713 0.799983
504 1.723917 0.180775 0.740142
505 1.729048 -0.179243 0.52995
506 1.725247 0.090737 0.620366
507 0.315734 -0.653528 0.255561
508 0.406663 0.901911 0.590345
509 0.646583 0.90201 0.530321
510 0.526713 0.901964 0.530348
511 0.453396 -0.571657 -0.080451
512 0.586652 0.901973 0.650196
513 1.096663 -0.672683 0.169284
514 1.126791 -0.672124 0.169505
515 1.182262 -0.266356 -0.194236
516 1.724841 0.120664 0.620407
517 0.33976 -0.634991 0.111762
518 0.385273 -0.618274 0.167763
519 1.724811 0.120746 0.6503
520 -0.973086 -0.097604 1.2191
521 0.797706 -0.956016 1.498917
522 0.616728 0.901976 0.680155
523 1.729512 -0.29712 0.950362
524 -0.433144 -0.329228 0.847217
525 -1.063346 -0.14971 1.189197
526 0.699763 -0.508416 -0.220061
527 -1.063323 -0.066254 1.189366
528 1.152737 -0.669563 0.134079
529 0.616587 0.901974 0.710143
530 0.406745 0.901928 0.530384
531 -0.373342 -0.299257 0.846693
532 1.126395 -0.694828 0.111428
533 1.72387 0.1808 0.800025
534 -1.724312 0.898621 0.350261
535 1.241539 -0.678523 0.228307
536 -0.381624 -0.175077 1.220192
537 1.729437 -0.209235 0.55995
538 1.729974 -0.269123 0.920022
539 0.646587 0.902018 0.500288
540 1.726782 -0.029274 0.770156
541 -0.91328 -0.299223 0.82688
542 -0.913308 -0.329357 0.826829
543 -0.133264 0.901741 0.380141
544 -0.013035 0.901774 0.590102
545 -0.133201 0.901727 0.590305
546 1.727902 -0.119306 0.92007
547 1.727835 -0.089309 0.500163
548 -0.853322 -0.329258 0.826225
549 -0.013273 0.901786 0.440313
550 0.016702 0.901727 0.740345
551 1.096151 -0.670288 0.139585
552 0.294887 -0.654273 0.257885
553 1.729338 -0.209257 0.680202
554 -1.873256 0.901015 0.680117
555 1.725876 0.030755 0.86009
556 0.706668 0.902016 0.650178
557 0.586764 0.901968 0.680207
558 1.096651 -0.868779 1.499203
559 1.086862 -0.685123 0.168165
560 1.157285 -0.670925 0.11608
561 0.292322 -0.648664 0.224429
562 0.959244 -0.502654 -0.363842
563 0.286055 0.901553 0.590573
564 -1.813279 0.901034 0.650191
565 0.453347 -0.566827 -0.160136
566 0.556794 0.901953 0.680155
567 0.586628 0.901977 0.590254
568 -1.121131 -0.174396 1.158709
569 0.410121 -0.629301 0.223577
570 1.724888 0.060788 0.950584
571 0.166579 0.901843 0.530075
572 0.376603 0.901881 0.710322
573 0.265806 -0.637087 0.138041
574 0.67675 0.90204 0.440257
575 0.376059 -0.957479 1.498547
576 -0.381457 -0.150258 1.221834
577 1.73002 -0.269092 0.442221
578 1.729013 -0.239311 0.950527
579 0.495664 -0.487272 -0.189966
580 0.526618 0.901973 0.500353
581 0.646619 -0.512513 -0.189953
582 1.725146 0.090857 0.740033
583 0.526676 0.901939 0.710108
584 -1.123805 -0.143391 1.215188
585 0.414494 -0.647806 0.170917
586 1.725221 0.090785 0.650226
587 1.726829 -0.029219 0.710272
588 -0.4032 -0.749158 0.80687
589 1.747389 0.223223 0.560243
590 1.270731 -0.598134 -0.218911
591 1.747445 0.21917 0.496483
592 1.747399 0.223232 0.530149
593 1.726443 0.000708 0.68013
594 1.725175 0.090772 0.710046
595 0.869891 -0.371791 -0.177095
596 0.196791 0.90186 0.500128
597 1.747479 0.180831 0.467304
598 1.330371 -0.594441 -0.39456
599 0.434903 -0.659054 0.200697
600 1.747488 0.180698 0.440036
601 0.646793 0.90203 0.440196
602 1.730398 -0.295996 0.500222
603 1.729072 -0.179211 0.500119
604 1.725274 0.090706 0.59012
605 1.333722 -0.574906 -0.395208
606 0.387502 -0.623512 0.197318
607 1.747242 -0.328757 0.980257
608 0.700163 -0.487477 -0.219798
609 1.726804 -0.029284 0.74024
610 0.706655 0.902025 0.590132
611 1.325321 -0.552701 -0.386239
612 1.730324 -0.269293 0.500048
613 -1.363318 0.901186 0.620238
614 1.725129 0.090759 0.770286
615 1.729923 -0.297643 0.920221
616 1.096557 -0.676201 0.198957
617 0.346847 0.901923 0.410256
618 1.726943 -0.089241 0.95054
619 1.729785 -0.239249 0.650239
620 1.309887 -0.599126 -0.388834
621 1.095926 -0.670006 0.078948
622 0.453382 -0.566856 -0.219563
623 1.747203 -0.313528 0.980743
624 1.184646 -0.256908 -0.163223
625 0.495943 -0.487078 -0.369916
626 1.74724 -0.313691 0.950344
627 1.3541 -0.576915 -0.398145
628 1.29657 -0.59912 -0.370128
629 1.341073 -0.565178 -0.38208
630 1.747471 0.211233 0.467888
631 0.676585 0.89948 0.771683
632 1.729974 -0.297353 0.890296
633 1.689998 -0.697172 -0.130062
634 1.730294 -0.269183 0.529906
635 1.730351 -0.296136 0.53023
636 0.973789 -0.504802 -0.372571
637 1.313331 -0.532969 -0.424742
638 1.729366 -0.2093 0.650211
639 1.730273 -0.269342 0.560009
640 1.729219 -0.20923 0.830048
641 1.689951 -0.697166 -0.159941
642 1.69004 -0.697178 -0.100126
643 1.666775 -0.697165 -0.189894
644 1.337101 -0.553668 -0.383066
645 1.725201 0.09067 0.680095
646 1.747682 -0.296677 0.462808
647 1.243435 -0.586888 -0.238344
648 0.495884 -0.487129 -0.340045
649 1.723154 0.205854 0.530133
650 1.292058 -0.599678 -0.353345
651 0.226911 0.89785 0.500243
652 1.729191 -0.209249 0.860084
653 1.666552 -0.697172 -0.159778
654 1.72593 0.030717 0.800276
655 1.272264 -0.599171 -0.279875
656 0.556623 0.901963 0.620238
657 1.724787 0.120731 0.680283
658 0.526669 0.901991 0.440329
659 1.666915 -0.697179 -0.130264
660 0.496672 0.901938 0.620209
661 1.74766 -0.269104 0.440259
662 1.12642 -0.676183 0.202671
663 -0.373187 -0.749185 0.806895
664 0.67658 0.902009 0.620249
665 0.436713 0.901914 0.620158
666 -1.123203 -0.041087 1.249799
667 1.747666 -0.26908 0.462572
668 1.729755 -0.23932 0.680261
669 1.280316 -0.599189 -0.309836
670 1.72781 -0.089281 0.530047
671 1.159202 -0.269649 -0.159974
672 -0.853327 -0.749176 0.846502
673 1.324416 -0.614628 -0.385653
674 0.526561 0.901995 0.410228
675 0.736792 -0.928033 1.49888
676 1.726319 0.000741 0.830223
677 1.728905 -0.179302 0.710169
678 1.728048 -0.119153 0.740304
679 0.586617 0.901999 0.500397
680 0.52716 -0.512546 -0.219908
681 1.724885 0.120737 0.559975
682 1.724521 0.150827 0.500225
683 1.724861 0.120737 0.590209
684 -0.394727 -0.150406 1.249207
685 0.586614 0.902016 0.410278
686 1.730251 -0.269326 0.590183
687 -0.013292 0.901791 0.380163
688 0.136762 0.90178 0.710477
689 0.346701 0.901921 0.440226
690 1.7253 0.090814 0.559885
691 0.616765 0.901989 0.590318
692 1.729729 -0.239235 0.710062
693 0.342994 -0.654735 0.257241
694 1.247314 -0.596218 -0.223199
695 0.426629 -0.637592 0.230459
696 -0.919986 -0.089528 1.165056
697 0.466735 0.901975 0.380279
698 1.427009 -0.681828 -0.339902
699 0.166802 0.901844 0.560082
700 1.501093 -0.596813 -0.387953
701 1.249437 -0.60738 -0.200162
702 1.28019 -0.570326 -0.310327
703 1.724759 0.120763 0.710052
704 0.435632 -0.57776 -0.160035
705 1.131784 -0.67387 0.187761
706 -0.910164 -0.748924 0.845172
707 1.265908 -0.599025 -0.256069
708 0.616626 0.899472 0.771569
709 1.729612 -0.239331 0.442153
710 1.279527 -0.60806 -0.196284
711 1.728778 -0.179224 0.860079
712 1.726492 0.000785 0.620165
713 0.646557 0.901989 0.710118
714 1.724177 0.150746 0.442123
715 1.728458 -0.149147 0.74014
716 1.727171 -0.059311 0.800214
717 0.356507 -0.611506 0.082211
718 0.616615 0.901976 0.74021
719 1.63652 -0.69719 -0.130318
720 0.412319 -0.62862 0.197721
721 1.247825 -0.557445 -0.277576
722 1.506131 -0.602453 -0.39579
723 1.727781 -0.089299 0.560161
724 0.106627 0.901819 0.590397
725 1.272429 -0.573472 -0.280561
726 1.505161 -0.587185 -0.380351
727 1.24865 -0.695605 -0.309095
728 0.94457 -0.64265 -0.294118
729 1.72727 -0.059224 0.680114
730 0.496545 0.89944 0.771354
731 1.340173 -0.607704 -0.382211
732 1.747274 -0.328635 0.950362
733 0.646677 0.899561 -0.728343
734 0.106826 0.901841 0.380293
735 1.730312 -0.296372 0.560185
736 1.727682 -0.089279 0.680073
737 1.156479 -0.696458 0.110734
738 0.706701 0.902167 -0.759738
739 0.496589 0.901921 0.740086
740 1.156685 -0.67001 0.088761
741 0.431267 -0.640602 0.249107
742 0.376614 0.899328 0.77152
743 1.728753 -0.179282 0.889991
744 1.724373 0.150778 0.680027
745 1.394358 -0.69134 -0.367876
746 1.426369 -0.697322 0.13483
747 0.430358 -0.657449 0.173435
748 1.748224 -0.688682 -0.040247
749 0.376643 0.901889 0.620311
750 1.727349 -0.059394 0.590048
751 1.006653 -0.668802 -0.310747
752 1.486536 -0.570392 -0.343955
753 0.227345 0.897609 0.650329
754 1.724347 0.150653 0.710122
755 -0.433399 -0.749266 0.807355
756 0.376624 0.901869 0.740228
757 1.667273 -0.69719 -0.100655
758 1.366576 -0.691688 -0.367901
759 1.747298 -0.313674 0.919329
760 0.766804 -0.838672 1.498904
761 -0.193394 0.901702 0.530065
762 1.296529 -0.569245 -0.370077
763 1.306991 -0.697104 0.109035
764 1.068405 -0.689796 0.140415
765 -0.319465 -0.636367 0.82995
766 1.724737 0.120754 0.740077
767 0.283492 -0.645885 0.199569
768 0.437271 -0.65608 0.250985
769 1.097977 -0.669982 0.11495
770 0.136825 0.901804 0.620758
771 1.728954 -0.179291 0.650273
772 1.246073 -0.691054 -0.250333
773 0.346934 0.901927 0.380246
774 1.394118 -0.719737 -0.397647
775 1.243243 -0.570431 -0.252942
776 1.726575 -0.478945 -1.462325
777 1.074561 -0.673712 0.129679
778 0.136709 0.899232 0.771316
779 1.726659 -0.479045 -1.522269
780 1.732437 -0.459524 -1.475191
781 1.132253 -0.677278 0.216973
782 1.306762 -0.697352 0.137556
783 1.747285 -0.313653 0.891387
784 1.486901 -0.553863 -0.34285
785 1.02482 -0.67051 -0.310405
786 0.586607 0.902019 0.380287
787 0.736628 -0.838668 1.498876
788 1.456705 -0.688777 -0.341143
789 1.075446 -0.672038 0.109351
790 1.727637 -0.089219 0.740333
791 1.732509 -0.459478 -1.535168
792 0.499268 -0.689657 -0.345486
793 1.730013 -0.297347 0.86005
794 1.24984 -0.689137 -0.220218
795 1.427823 -0.718948 -0.397839
796 0.942746 -0.665093 -0.247689
797 1.310445 -0.614698 -0.387878
798 1.728512 -0.149213 0.680236
799 1.20245 -0.285707 -0.234324
800 1.725325 0.090766 0.530075
801 0.86359 -0.392297 -0.183936
802 1.305808 -0.697395 0.380263
803 0.452851 -0.684458 0.426531
804 0.227144 0.89773 0.53005
805 0.406596 0.901945 0.410251
806 0.851984 -0.388289 -0.162642
807 1.748262 -0.599221 -0.159917
808 1.245435 -0.69732 0.139629
809 0.436261 -0.657189 0.229722
810 0.454584 -0.673353 0.320233
811 0.703366 -0.691116 -0.34453
812 0.895331 -0.33872 -0.155571
813 1.636404 -0.697199 -0.100365
814 1.728877 -0.17925 0.74017
815 1.730269 -0.296385 0.590385
816 1.49614 -0.358932 -0.3833
817 0.586849 0.90201 0.440304
818 0.438561 -0.685228 0.419167
819 0.466661 0.901966 0.440084
820 1.067107 -0.689869 0.170567
821 1.244884 -0.694351 0.16484
822 1.728929 -0.179291 0.680301
823 1.395437 -0.69733 0.137728
824 0.446726 -0.591023 -0.129846
825 1.728486 -0.149294 0.710143
826 0.973786 -0.662181 -0.309912
827 0.5566 0.902005 0.410179
828 0.916422 -0.395852 -0.207879
829 1.313381 -0.509388 -0.425155
830 0.895034 -0.670038 -0.309154
831 1.457617 -0.67899 -0.311857
832 1.747169 -0.299711 1.015558
833 0.916629 -0.667941 -0.280752
834 1.426843 -0.693653 -0.366718
835 1.274179 -0.696007 0.109138
836 1.346044 -0.581103 -0.423576
837 1.516639 -0.359243 -0.377809
838 1.154635 -0.268873 -0.13931
839 1.605914 -0.697204 -0.129938
840 1.748239 -0.688787 -0.070097
841 1.515405 -0.553869 -0.335089
842 1.064248 -0.688615 0.199075
843 1.635926 -0.697209 -0.07133
844 0.897 -0.671275 -0.260011
845 1.60697 -0.697212 -0.100512
846 1.723135 0.205821 0.560014
847 1.306311 -0.697393 0.350233
848 0.893226 -0.669783 -0.282042
849 1.727323 -0.059328 0.619998
850 1.082316 -0.684472 0.223923
851 1.366578 -0.719305 -0.397799
852 1.747507 0.180473 0.48813
853 0.847624 -0.38451 -0.13502
854 0.466692 0.90194 0.560323
855 0.975238 -0.480961 -0.36799
856 1.73022 -0.269169 0.620187
857 0.91666 -0.409834 -0.212403
858 0.884741 -0.387604 -0.196879
859 0.959813 -0.486058 -0.362197
860 1.481013 -0.532525 -0.387308
861 0.848209 -0.40476 -0.172418
862 0.586688 0.90199 0.53032
863 0.586671 0.901978 0.560287
864 1.74848 -0.779349 -0.340783
865 1.511662 -0.303456 -0.183802
866 1.534996 -0.341041 -0.36762
867 1.730042 -0.297219 0.830144
868 1.177418 -0.600869 -0.198377
869 0.892173 -0.409181 -0.208959
870 0.896018 -0.398977 -0.2069
871 1.725283 0.030688 0.950599
872 1.748241 -0.715359 -0.039929
873 1.504024 -0.581579 -0.365494
874 1.398331 -0.596641 -0.36661
875 1.690045 -0.697191 -0.070007
876 0.916447 -0.667605 -0.310358
877 1.496388 -0.588659 -0.369004
878 1.748498 -0.779968 -0.313731
879 1.274979 -0.697409 0.380802
880 1.748259 -0.715036 -0.070156
881 0.70669 0.896073 0.314684
882 1.218322 -0.282358 -0.236919
883 1.729318 -0.20927 0.710074
884 1.73005 -0.269156 0.830192
885 1.060554 -0.692992 0.226207
886 1.512642 -0.318499 -0.193675
887 0.73572 0.899924 0.292576
888 1.536003 -0.359236 -0.372221
889 1.246246 -0.696962 -0.159627
890 1.515987 -0.339968 -0.369835
891 1.729706 -0.239214 0.739991
892 1.495617 -0.533644 -0.383155
893 1.216457 -0.69516 -0.09985
894 1.690291 -0.697196 -0.040771
895 1.274914 -0.697424 0.397381
896 0.69843 -0.534911 -0.108146
897 1.275086 -0.697407 0.350691
898 1.365109 -0.697348 0.137334
899 1.023906 -0.668799 -0.286528
900 0.877356 -0.407684 -0.202391
901 1.246393 -0.697422 0.380158
902 1.367365 -0.697346 0.16192
903 0.886674 -0.928883 1.498998
904 0.466612 0.901945 0.530372
905 1.216724 -0.697388 0.139861
906 1.723845 0.180714 0.830007
907 0.862349 -0.406722 -0.190592
908 1.24982 -0.693587 -0.279739
909 0.856792 -0.928818 1.498967
910 1.247281 -0.693391 -0.190203
911 0.700205 -0.487486 -0.249995
912 0.82705 -0.928639 1.49895
913 0.499942 -0.510576 -0.249714
914 0.439452 -0.667587 0.296863
915 0.346848 0.901899 0.560325
916 0.346778 0.901906 0.530232
917 0.43585 -0.68454 0.428375
918 0.453361 -0.566701 -0.189693
919 0.419593 -0.682014 0.425512
920 0.495827 -0.487164 -0.280129
921 0.346014 -0.928286 1.498523
922 0.345915 -0.898539 1.498512
923 0.55663 0.899418 0.771625
924 1.214177 -0.667814 0.105467
925 0.28634 -0.928128 1.49846
926 0.40639 -0.868446 1.498567
927 0.316421 -0.928118 1.498489
928 0.919486 -0.303123 -0.184649
929 0.384383 -0.657723 0.203118
930 0.256405 -0.927969 1.498434
931 0.346101 -0.868991 1.498513
932 0.495874 -0.487136 -0.310187
933 0.346971 -0.988169 1.498512
934 0.316035 -0.658255 0.282005
935 0.419302 -0.648032 0.13332
936 0.41854 -0.648126 0.116472
937 0.351122 -0.626292 0.076613
938 -0.403622 -0.178655 1.169928
939 -0.376733 -0.128621 1.187402
940 -0.282914 -0.20927 1.460509
941 -0.282882 -0.209231 1.430599
942 -0.371954 -0.128886 1.219502
943 0.413072 -0.645629 0.093032
944 0.495786 -0.4872 -0.250031
945 -0.284291 -0.190793 1.459755
946 -0.282857 -0.209168 1.400352
947 -0.912226 -0.059182 1.496851
948 -0.284755 -0.190404 1.429797
949 -0.374378 -0.149985 1.400225
950 -0.55926 -0.138505 1.174887
951 -0.917915 -0.088332 1.459803
952 -0.4009 -0.171843 1.181442
953 -0.439346 -0.514675 0.839405
954 -1.094536 -0.118399 1.443534
955 -0.373448 -0.128539 1.249895
956 -1.121911 -0.177001 1.401957
957 -0.975532 -0.144444 1.21285
958 -1.151151 -0.105656 1.49735
959 -1.12342 -0.024582 1.497393
960 0.424178 -0.652045 0.143468
961 -0.917824 -0.149328 1.430275
962 -0.439239 -0.524534 0.837534
963 -1.119867 -0.118345 1.436818
964 -1.183383 -0.09862 1.49734
965 -1.03313 -0.100663 1.2805
966 -0.37294 -0.150085 1.430159
967 -0.582184 -0.153231 1.186158
968 -0.552333 -0.150398 1.182253
969 -1.126058 -0.104793 1.497419
970 -0.973429 -0.148133 1.190254
971 -0.579775 -0.524594 0.836846
972 -0.949279 -0.14936 1.174518
973 -1.123255 -0.176762 1.49666
974 -0.973396 -0.149503 1.174515
975 -0.917056 -0.171205 1.429471
976 -0.343076 -0.633104 0.830003
977 -0.343157 -0.175734 1.497766
978 -0.433288 -0.719256 0.807101
979 -1.004324 -0.097603 1.219685
980 -0.575422 -0.13863 1.174504
981 -0.823363 -0.149192 1.497622
982 -1.094225 -0.0239 1.49741
983 -1.153178 -0.024428 1.497358
984 -1.304619 -0.087877 1.497198
985 -1.119184 -0.101708 1.457793
986 0.248475 -0.592061 -0.277817
987 -0.58014 -0.514408 0.839045
988 -1.334663 -0.088612 1.497204
989 -0.883344 -0.749248 0.846488
990 -0.973302 -0.09018 1.166797
991 -0.913369 -0.509838 0.824274
992 -1.393414 -0.149173 1.497155
993 -1.363502 -0.175068 1.497156
994 -0.284525 -0.190532 1.400261
995 -1.124771 -0.102097 1.497168
996 -1.032741 -0.1005 1.250013
997 -0.321926 -0.638127 0.808835
998 -1.184123 -0.638627 0.847825
999 -1.062822 -0.100438 1.309989
1000 -1.064791 -0.02408 1.497391
1001 -1.272881 -0.089638 1.497239
1002 -1.364098 -0.149344 1.497182
1003 -1.363304 0.898496 0.770784
1004 -1.063414 0.001449 1.49744
1005 -1.363249 0.901172 0.710138
1006 -1.393299 0.898519 0.77065
1007 -1.363254 0.901177 0.650165
1008 -0.918884 -0.928032 0.839282
1009 -1.513315 0.901129 0.740093
1010 -1.303484 0.901207 0.620275
1011 -1.483383 0.901141 0.650321
1012 -1.363283 0.901182 0.530263
1013 -1.483291 0.901147 0.62027
1014 -1.483226 0.901139 0.710215
1015 -1.603356 0.901098 0.710055
1016 -1.633334 0.90109 0.740065
1017 -1.513318 0.901127 0.710082
1018 -1.363431 0.901186 0.500219
1019 -1.603451 0.901099 0.650165
1020 -1.663279 0.901081 0.650187
1021 -1.483345 0.901154 0.500065
1022 -1.633259 0.901095 0.620158
1023 -1.843258 0.898324 0.770471
1024 -1.633283 0.901096 0.650197
1025 -1.573379 0.901106 0.680132
1026 -1.483282 0.901153 0.530255
1027 -1.693241 0.901073 0.68014
1028 -1.633267 0.901085 0.710071
1029 -1.603281 0.901113 0.530157
1030 -1.663273 0.901082 0.680157
1031 -1.633278 0.901089 0.680058
1032 -1.693168 0.901067 0.74013
1033 -1.483304 0.901162 0.410092
1034 -1.513243 0.901133 0.620119
1035 -1.873153 0.901009 0.740229
1036 -1.483404 0.901163 0.380091
1037 -1.633287 0.901103 0.500153
1038 -1.693514 0.901071 0.650125
1039 -1.993211 0.900973 0.740285
1040 -1.633272 0.9011 0.530162
1041 -1.663333 0.901089 0.530104
1042 -1.873205 0.901019 0.620133
1043 -1.873355 0.901011 0.71024
1044 -1.993379 0.900977 0.710138
1045 -1.603315 0.901122 0.410217
1046 -2.113158 0.900933 0.740432
1047 -1.873377 0.901015 0.650188
1048 -1.633228 0.901108 0.410088
1049 -1.933406 0.900994 0.680141
1050 -1.663282 0.901092 0.560207
1051 -1.993246 0.90098 0.620148
1052 -1.663383 0.9011 0.410168
1053 -1.903297 0.901006 0.679957
1054 -1.663262 0.901092 0.500002
1055 -1.60321 0.896637 0.318353
1056 -1.633393 0.901111 0.380128
1057 -1.873122 0.901025 0.500242
1058 -1.483149 0.896592 0.318125
1059 -1.993434 0.900981 0.650232
1060 -2.113529 0.900934 0.710149
1061 -1.873304 0.901026 0.53015
1062 -1.783967 0.898431 0.620144
1063 -2.113428 0.900938 0.650286
1064 -2.143269 0.900925 0.650273
1065 -2.11331 0.900938 0.620258
1066 -1.843229 0.901028 0.620087
1067 -1.99339 0.90099 0.500255
1068 -1.873305 0.901035 0.410152
1069 -1.513348 0.901139 0.500119
1070 -2.083364 0.900948 0.650067
1071 -1.993182 0.900977 0.680043
1072 -1.065561 -0.119397 1.443539
1073 -1.633363 0.901112 0.350381
1074 -2.02328 0.900979 0.53018
1075 -2.173111 0.900914 0.680223
1076 -2.143323 0.900925 0.710053
1077 -1.873379 0.901021 0.590083
1078 -2.113338 0.90094 0.530198
1079 -2.14341 0.900933 0.530151
1080 -1.873244 0.901038 0.38018
1081 -1.99327 0.900989 0.530314
1082 -1.993197 0.900987 0.590252
1083 -2.023422 0.900968 0.680264
1084 -2.113346 0.900946 0.500082
1085 -2.173261 0.900927 0.529977
1086 -1.903369 0.901024 0.410099
1087 -1.663373 0.901102 0.350385
1088 -1.903198 0.90101 0.560166
1089 -1.873433 0.901036 0.35033
1090 -1.782495 0.895689 0.317987
1091 -1.87344 0.901032 0.470281
1092 -2.143086 0.900925 0.680126
1093 -1.993186 0.900995 0.410217
1094 -1.843375 0.896617 0.318438
1095 -2.14329 0.900928 0.620149
1096 -1.993393 0.900997 0.380304
1097 -2.023331 0.900983 0.410097
1098 -1.335085 -0.150065 1.497169
1099 -2.113407 0.900936 0.590167
1100 -2.023251 0.900965 0.710064
1101 -2.113291 0.900953 0.410117
1102 -1.813322 0.90106 0.350356
1103 -1.873236 0.901024 0.560185
1104 -2.02327 0.900984 0.560127
1105 -2.113142 0.900935 0.680312
1106 -2.143199 0.900921 0.74009
1107 -2.143209 0.900946 0.410179
1108 -2.023252 0.900975 0.590183
1109 -2.143366 0.900939 0.500165
1110 -2.1133 0.900954 0.380094
1111 -1.903303 0.90103 0.350326
1112 -2.023198 0.900985 0.350292
1113 -1.903303 0.901019 0.440198
1114 -1.993236 0.90099 0.470084
1115 -1.993229 0.900993 0.350114
1116 -2.143203 0.900936 0.560052
1117 -1.993262 0.90099 0.560241
1118 -1.993385 0.896715 0.318779
1119 -2.113319 0.900946 0.470205
1120 -1.903258 0.901003 0.710159
1121 -2.173398 0.896643 0.318589
1122 -2.203433 0.90093 0.350112
1123 -2.113451 0.900965 0.350257
1124 -2.231615 0.897016 0.350151
1125 -2.173323 0.90094 0.350271
1126 -2.023257 0.900977 0.440036
1127 -2.083372 0.900953 0.620003
1128 -2.203415 0.896726 0.318889
1129 -2.113174 0.896719 0.318798
1130 -2.173312 0.900913 0.740061
1131 -2.143348 0.90094 0.440102
1132 -3.251863 -0.509199 0.800122
1133 -1.963251 0.896706 0.318778
1134 -2.173058 0.90094 0.410158
1135 -2.143365 0.900942 0.470049
1136 -2.113331 0.900941 0.560262
1137 -3.25189 -0.509332 0.83014
1138 -2.053276 0.896737 0.318852
1139 -1.933199 0.896681 0.318675
1140 -1.873271 0.896631 0.318554
1141 -2.203366 0.900899 0.740159
1142 -2.143204 0.90093 0.590125
1143 -3.252278 0.507008 0.830126
1144 -2.085247 -0.635988 -0.257296
1145 -2.143339 0.900952 0.3502
1146 -2.059764 -0.634818 -0.261684
1147 -2.02327 0.900979 0.470156
1148 -3.252262 0.507268 0.800489
1149 -2.113428 0.900956 0.440114
1150 -3.214571 0.516515 0.800203
1151 -1.843311 0.901047 0.380203
1152 -2.806435 -0.630684 -0.194864
1153 -2.231516 0.897051 0.380311
1154 -2.20317 0.900931 0.380214
1155 -1.963363 0.900982 0.740106
1156 -2.083378 0.896705 0.318806
1157 -2.701558 -0.60197 -0.230258
1158 -2.08329 0.900946 0.740148
1159 -1.993268 0.900986 0.440181
1160 -2.347143 -0.684271 0.194934
1161 -2.6525 -0.668037 0.136948
1162 -2.173109 0.900911 0.710243
1163 -1.819137 -0.57708 -0.520555
1164 -2.835206 -0.663489 -0.191533
1165 -2.797852 -0.627574 -0.216086
1166 -1.813332 0.896626 0.318488
1167 -2.66081 -0.271843 -0.160293
1168 -2.675439 -0.258844 -0.163761
1169 -2.352207 -0.66863 0.084143
1170 -1.724247 0.898669 0.41012
1171 -3.216949 -0.357281 -0.373099
1172 -2.143185 0.896703 0.318992
1173 -3.221667 -0.320742 -0.39874
1174 -3.250831 -0.353351 -0.370412
1175 -2.67525 -0.269829 -0.193549
1176 -3.208223 -0.31065 -0.399078
1177 -1.786836 -0.35905 -0.519742
1178 -1.805701 -0.272482 -0.760464
1179 -3.208254 -0.350643 -0.393925
1180 -3.090886 -0.499006 -0.791853
1181 -3.228674 -0.179074 -0.762835
1182 -1.829871 -0.259492 -0.836577
1183 -3.103351 -0.533947 -0.791701
1184 -3.250328 -0.533901 -0.820217
1185 -3.208186 -0.310683 -0.428745
1186 -3.227274 -0.058659 -0.762754
1187 -3.227391 -0.089012 -0.789928
1188 -3.230185 -0.179045 -0.789787
1189 -3.225494 -0.149445 -0.789979
1190 -3.224838 -0.119505 -0.789929
1191 -3.088173 -0.495429 -0.837356
1192 -3.224976 0.032594 -0.761745
1193 -3.091977 -0.488677 -0.841945
1194 -3.13333 -0.533951 -0.791407
1195 -3.226039 -0.087569 -0.76184
1196 -3.216331 -0.277142 -0.789447
1197 -3.225409 0.06141 -0.762706
1198 -3.223923 0.152657 -0.76168
1199 -3.221339 0.08885 -0.761554
1200 -3.091567 -0.488556 -0.791836
1201 -3.228408 -0.058798 -0.789832
1202 -3.223742 0.000211 -0.789925
1203 -3.22403 -0.029659 -0.789923
1204 -3.208127 -0.15078 -0.788398
1205 -3.250307 -0.534593 -0.853627
1206 -3.223854 0.181455 -0.762617
1207 -3.208136 -0.030763 -0.789541
1208 -3.208071 -0.070744 -0.790056
1209 -3.027862 -0.592215 -0.896313
1210 -1.993334 0.898512 -0.729796
1211 -2.113264 0.898398 -0.729614
1212 -3.0375 -0.569068 -0.882306
1213 -2.023337 0.89846 -0.729716
1214 -1.903309 0.898533 -0.729703
1215 -1.873273 0.898544 -0.72978
1216 -3.062574 -0.568284 -0.914612
1217 -3.090925 -0.498982 -0.820562
1218 -3.222387 -0.030984 -0.761594
1219 -3.208148 -0.110796 -0.788348
1220 -2.05334 0.89846 -0.729754
1221 -3.21863 -0.358521 -0.397963
1222 -1.963345 0.898507 -0.729725
1223 -1.933295 0.898512 -0.729702
1224 -3.062463 -0.568361 -0.937287
1225 -2.08334 0.898475 -0.729744
1226 -3.221284 -0.320498 -0.427935
1227 -3.037528 -0.569162 -0.965773
1228 -3.038053 -0.65532 -0.909988
1229 -2.173239 0.898366 -0.729651
1230 -3.088104 -0.492977 -0.837212
1231 -1.87331 0.901152 -0.819801
1232 -3.133252 -0.530646 -0.96894
1233 -2.113324 0.901083 -0.819683
1234 -3.038348 -0.655273 -0.939584
1235 -2.143331 0.898439 -0.729723
1236 -2.203325 0.898408 -0.729826
1237 -1.993299 0.90112 -0.819778
1238 -2.113285 0.901091 -0.849763
1239 -3.233334 -0.179265 -0.849798
1240 -1.784012 0.897036 -0.728505
1241 -3.103272 -0.530656 -0.968828
1242 -1.993422 0.901122 -0.849755
1243 -3.233541 -0.209233 -0.81985
1244 -1.784553 0.89901 -0.819759
1245 -3.157902 -0.530651 -0.96921
1246 -2.173304 0.901067 -0.819696
1247 -1.87336 0.901154 -0.849878
1248 -2.143328 0.901077 -0.819784
1249 -3.23029 0.000686 -0.819822
1250 -1.784484 0.898992 -0.849735
1251 -3.223567 -0.150793 -0.761822
1252 -1.813323 0.901173 -0.849741
1253 -2.143279 0.901079 -0.849788
1254 -2.17331 0.901073 -0.849713
1255 -3.250284 -0.532429 -0.878723
1256 -3.233359 -0.179287 -0.819757
1257 -2.113265 0.901102 -0.939761
1258 -1.993309 0.901132 -0.939839
1259 -3.250783 0.507805 -0.790502
1260 -3.250651 0.242752 -0.819855
1261 -2.113284 0.901104 -0.969822
1262 -1.873363 0.901165 -0.939815
1263 -1.873371 0.901159 -0.969822
1264 -1.99326 0.901135 -0.969811
1265 -1.784645 0.899097 -0.939843
1266 -1.903372 0.901146 -0.849781
1267 -3.233522 -0.209148 -0.849808
1268 -2.173268 0.901081 -0.939792
1269 -2.143327 0.901097 -0.969772
1270 -2.143342 0.901094 -0.93976
1271 -2.113334 0.901082 -0.78972
1272 -2.173308 0.90109 -0.969799
1273 -2.11332 0.901121 -1.059787
1274 -1.903382 0.901161 -0.969813
1275 -2.113346 0.901127 -1.089848
1276 -1.873405 0.901181 -1.059893
1277 -1.993314 0.901151 -1.059739
1278 -2.023295 0.901101 -0.759727
1279 -2.143396 0.901067 -0.759714
1280 -1.993396 0.901156 -1.089725
1281 -1.993362 0.901113 -0.759784
1282 -1.873297 0.901188 -1.089803
1283 -1.784533 0.899099 -1.089853
1284 -2.14335 0.901117 -1.089778
1285 -2.173319 0.901105 -1.059814
1286 -2.143392 0.901111 -1.05975
1287 -3.250666 0.270734 -0.81972
1288 -3.227172 0.180669 -0.879656
1289 -3.233065 -0.179245 -1.14985
1290 -1.993336 0.90113 -0.909822
1291 -2.143255 0.901069 -0.789738
1292 -3.231646 -0.178864 -1.389579
1293 -3.219834 0.240091 -1.39167
1294 -2.113304 0.901091 -0.879852
1295 -3.230061 0.000683 -1.089775
1296 -1.993271 0.89774 -1.179797
1297 -3.225094 -0.150008 -1.41818
1298 -3.226025 -0.088172 -1.418305
1299 -3.228853 -0.05817 -1.417369
1300 -3.224807 0.031996 -1.418358
1301 -3.226902 0.062073 -1.417466
1302 -3.22547 -0.02962 -1.389342
1303 -3.222377 0.08943 -1.418473
1304 -3.223517 0.152139 -1.418433
1305 -3.233058 -0.209168 -1.359766
1306 -3.227061 -0.149551 -1.389322
1307 -3.225075 0.000104 -1.389381
1308 -2.143299 0.901082 -0.879766
1309 -3.230674 -0.178427 -1.417445
1310 -2.113272 0.897792 -1.179608
1311 -1.993342 0.901129 -0.879831
1312 -2.113335 0.901096 -0.909833
1313 -2.113331 0.900511 -1.240309
1314 -3.223637 -0.03031 -1.41832
1315 -3.224963 0.18223 -1.417646
1316 -2.203236 0.89773 -1.179789
1317 -1.903265 0.901178 -1.089781
1318 -2.143309 0.901101 -0.999762
1319 -3.222374 0.119733 -1.41867
1320 -3.230841 -0.059291 -1.359793
1321 -2.143285 0.900505 -1.240388
1322 -2.143264 0.897784 -1.17962
1323 -2.11328 0.90111 -0.999764
1324 -1.963297 0.900593 -1.240391
1325 -1.903348 0.900613 -1.240402
1326 -1.873271 0.897781 -1.179693
1327 -1.993222 0.900592 -1.240384
1328 -2.173202 0.900492 -1.240386
1329 -2.203354 0.900466 -1.240336
1330 -3.227263 0.150688 -1.359891
1331 -2.083232 0.900524 -1.240286
1332 -2.053251 0.900527 -1.24038
1333 -2.1132 0.901115 -1.029777
1334 -1.993218 0.901143 -0.99976
1335 -2.113381 0.901158 -1.299788
1336 -3.207521 -0.152141 -1.392479
1337 -1.784344 0.898658 -1.239705
1338 -3.217103 -0.357434 -0.422347
1339 -3.228633 -0.208854 -1.389499
1340 -3.231353 -0.089337 -1.359748
1341 -2.113235 0.901159 -1.329757
1342 -1.993313 0.901186 -1.299829
1343 -3.227022 -0.208285 -1.418283
1344 -2.143268 0.901156 -1.329773
1345 -2.02333 0.900547 -1.240359
1346 -1.873327 0.900624 -1.24039
1347 -2.113352 0.90113 -1.149821
1348 -2.143344 0.90112 -1.119733
1349 -1.993348 0.901148 -1.029869
1350 -1.993243 0.901195 -1.329741
1351 -1.933301 0.900599 -1.240365
1352 -2.113284 0.901128 -1.119847
1353 -3.225628 0.181779 -1.389485
1354 -3.226747 0.180762 -1.359783
1355 -1.873358 0.901222 -1.329728
1356 -3.223536 -9.9e-05 -1.418614
1357 -1.993341 0.901161 -1.119778
1358 -1.784648 0.899205 -1.329709
1359 -1.873317 0.901215 -1.299797
1360 -2.113401 0.901173 -1.419885
1361 -2.143242 0.90115 -1.299761
1362 -2.113264 0.901177 -1.44978
1363 -2.143351 0.901161 -1.449852
1364 -2.173284 0.901139 -1.299728
1365 -1.993303 0.901166 -1.149796
1366 -3.212725 0.516487 -1.419863
1367 -2.143336 0.901156 -1.359818
1368 -1.87334 0.901192 -1.149774
1369 -3.250247 0.507085 -1.419801
1370 -3.250191 0.242793 -1.359869
1371 -1.87335 0.901238 -1.419788
1372 -1.903304 0.901212 -1.299788
1373 -1.784681 0.899281 -1.449743
1374 -1.993347 0.901199 -1.419741
1375 -2.113355 0.901193 -1.539814
1376 -2.143381 0.90116 -1.419761
1377 -3.229947 0.000645 -1.209707
1378 -2.083272 0.901169 -1.329809
1379 -2.113339 0.901206 -1.65976
1380 -2.113276 0.901187 -1.569817
1381 -1.993282 0.90122 -1.539703
1382 -2.143319 0.901174 -1.479859
1383 -1.784613 0.899075 -0.969788
1384 -1.873276 0.901243 -1.449857
1385 -2.113311 0.901176 -1.479789
1386 -1.87335 0.901228 -1.359781
1387 -1.784733 0.899343 -1.56984
1388 -1.993282 0.901213 -1.449799
1389 -2.143297 0.901188 -1.59987
1390 -2.113409 0.901163 -1.359802
1391 -1.993313 0.901191 -1.359752
1392 -2.113286 0.901158 -1.389786
1393 -1.993362 0.901234 -1.659832
1394 -1.873301 0.901278 -1.659763
1395 -1.78464 0.899205 -1.299745
1396 -3.073366 -0.530838 -0.969495
1397 -1.873402 0.90126 -1.539744
1398 -2.113347 0.901195 -1.599889
1399 -2.173334 0.901189 -1.659852
1400 -2.143326 0.901195 -1.659823
1401 -2.143411 0.901185 -1.539748
1402 -3.230331 -0.029267 -1.359811
1403 -2.203347 0.901179 -1.659899
1404 -1.903295 0.901234 -1.479801
1405 -2.173251 0.901141 -1.329808
1406 -1.873306 0.901246 -1.479813
1407 -1.784804 0.899386 -1.659875
1408 -1.993379 0.901209 -1.479775
1409 -1.903242 0.901255 -1.599796
1410 -2.083267 0.9012 -1.569919
1411 -2.023374 0.901229 -1.659799
1412 -1.784751 0.899311 -1.539762
1413 -2.053386 0.901223 -1.659729
1414 -1.993292 0.901231 -1.599769
1415 -2.113321 0.901198 -1.629835
1416 -2.023306 0.901227 -1.599801
1417 -1.784684 0.899265 -1.419716
1418 -3.232371 -0.149213 -1.35983
1419 -1.903341 0.901264 -1.659825
1420 -2.173311 0.901162 -1.449798
1421 -1.873318 0.901266 -1.599859
1422 -3.224707 0.270391 -3.113786
1423 -3.224457 0.270354 -3.13021
1424 -3.227035 0.090774 -3.130518
1425 -3.227217 0.090681 -3.159835
1426 -3.231253 -0.268438 -3.113823
1427 -3.230927 -0.268372 -3.130187
1428 -2.173278 0.901177 -1.569799
1429 -3.227172 0.090788 -3.219739
1430 -2.231327 0.896941 -1.659906
1431 -3.226499 0.150738 -3.159798
1432 -3.227503 0.060671 -3.249782
1433 -3.225697 0.210776 -3.249726
1434 -3.230472 -0.179247 -3.159748
1435 -3.227201 0.0907 -3.189723
1436 -3.231202 -0.239268 -3.159655
1437 -3.248501 -0.270576 -3.120273
1438 -3.228912 -0.059224 -3.30983
1439 -3.226806 0.120744 -3.21975
1440 -3.229029 -0.059126 -3.159682
1441 -3.225368 0.240745 -3.219783
1442 -3.227077 0.090709 -3.339791
1443 -3.228499 -0.029136 -3.36981
1444 -3.225351 0.240693 -3.249668
1445 -3.225585 0.210739 -3.399771
1446 -3.22927 -0.089196 -3.309743
1447 -3.22561 0.210706 -3.369689
1448 -3.225391 0.240724 -3.189785
1449 -3.230945 -0.239376 -3.489793
1450 -3.227532 0.060766 -3.219697
1451 -3.230287 -0.267945 -3.511985
1452 -3.045741 -0.629186 -0.939803
1453 -3.229249 -0.08928 -3.339836
1454 -3.225216 0.240795 -3.399728
1455 -3.230849 -0.26824 -3.489694
1456 -3.248469 -0.29933 -3.129762
1457 -3.230967 -0.239217 -3.459764
1458 -3.225911 0.180712 -3.429687
1459 -3.249978 -0.269279 -1.359754
1460 -3.226975 0.090726 -3.459759
1461 -2.407229 -0.669232 -0.937214
1462 -2.803778 -0.698737 -1.186066
1463 -3.231106 -0.268315 -3.159861
1464 -3.226426 0.150706 -3.249831
1465 -3.248917 0.507581 -3.009671
1466 -2.680352 -0.691776 -1.176715
1467 -3.229008 -0.059297 -3.189587
1468 -3.226133 0.180751 -3.159823
1469 -3.230587 -0.209363 -3.489796
1470 -3.228806 -0.059258 -3.429774
1471 -3.228478 -0.029264 -3.399751
1472 -3.229364 -0.089225 -3.189942
1473 -3.230595 -0.209179 -3.459699
1474 -3.22917 -0.089117 -3.429724
1475 -3.230836 -0.209295 -3.159816
1476 -2.939633 -0.310631 -3.565036
1477 -3.22637 0.150717 -3.309768
1478 -3.229886 -0.14928 -3.429679
1479 -3.229876 -0.149154 -3.459724
1480 -3.230233 -0.17926 -3.459724
1481 -3.22884 -0.059311 -3.39975
1482 -3.228189 0.000701 -3.309742
1483 -2.922724 -0.311262 -3.567574
1484 -3.225938 0.18077 -3.399634
1485 -3.228135 0.000747 -3.369685
1486 -3.228787 -0.059256 -3.459768
1487 -3.229196 -0.089306 -3.399759
1488 -3.230286 -0.179294 -3.399828
1489 -3.228111 0.000788 -3.399753
1490 -2.113229 0.901369 -2.769819
1491 -3.225245 0.240632 -3.369736
1492 -3.225564 0.21081 -3.429877
1493 -2.20337 0.900597 -2.742483
1494 -2.935639 -0.328787 -3.564355
1495 -2.173361 0.900577 -2.742245
1496 -3.230257 -0.179273 -3.42981
1497 -2.656514 -0.329206 -3.6119
1498 -1.993367 0.901399 -2.769805
1499 -2.1133 0.901391 -2.88972
1500 -2.143263 0.900648 -2.742402
1501 -3.23012 -0.149235 -3.15977
1502 -2.113364 0.901421 -3.009711
1503 -1.993179 0.901424 -2.889715
1504 -2.113231 0.900654 -2.742392
1505 -3.248733 0.270703 -3.121172
1506 -1.783772 0.899036 -2.741154
1507 -2.425967 -0.305064 -3.705171
1508 -1.784975 0.899904 -2.769917
1509 -1.873444 0.901438 -2.769771
1510 -2.173167 0.901354 -2.769758
1511 -2.143319 0.901373 -2.829736
1512 -2.374878 -0.307168 -3.660086
1513 -2.203282 0.90144 -3.250533
1514 -1.785009 0.899925 -2.799633
1515 -1.993219 0.90145 -3.009892
1516 -1.873324 0.901461 -2.889747
1517 -1.993382 0.900722 -2.74236
1518 -2.113212 0.90144 -3.099796
1519 -2.14328 0.901397 -2.949735
1520 -2.023266 0.901393 -2.769655
1521 -2.143247 0.901382 -2.859772
1522 -2.053103 0.900652 -2.74214
1523 -1.813392 0.901469 -2.829792
1524 -2.113303 0.901444 -3.12979
1525 -2.143256 0.901421 -3.069717
1526 -2.113209 0.901389 -2.859796
1527 -2.425913 -0.323073 -3.712922
1528 -1.784939 0.899924 -2.889834
1529 -2.173246 0.901446 -3.250784
1530 -1.903342 0.901438 -2.829821
1531 -2.113252 0.90141 -2.979765
1532 -1.993331 0.901418 -2.859794
1533 -2.384826 -0.334601 -3.732328
1534 -1.873455 0.900774 -2.742267
1535 -2.434945 -0.305953 -3.694102
1536 -2.37488 -0.298363 -3.651905
1537 -1.873294 0.90145 -2.829813
1538 -1.903328 0.901432 -2.769756
1539 -1.963305 0.901415 -2.79979
1540 -1.99333 0.901412 -2.82982
1541 -2.113267 0.901383 -2.829802
1542 -1.87329 0.901486 -3.009821
1543 -1.993379 0.901472 -3.129779
1544 -2.113312 0.901432 -3.069803
1545 -1.993221 0.901458 -3.039855
1546 -2.143227 0.901451 -3.250503
1547 -2.02313 0.901456 -3.099723
1548 -1.993298 0.901439 -2.949767
1549 -2.113181 0.901425 -3.039786
1550 -1.784999 0.899985 -3.009854
1551 -1.873386 0.901511 -3.129605
1552 -3.225322 0.240784 -3.279672
1553 -1.873322 0.901451 -2.859749
1554 -1.993261 0.901466 -3.099667
1555 -2.083302 0.901434 -3.039734
1556 -2.143272 0.901431 -3.099749
1557 -2.23187 0.896607 -2.740789
1558 -1.785044 0.89999 -2.919869
1559 -1.813283 0.901492 -2.949795
1560 -2.143383 0.901414 -3.009654
1561 -1.933258 0.900764 -2.742401
1562 -1.785063 0.900067 -3.129802
1563 -2.113133 0.901503 -3.489764
1564 -1.78496 0.900018 -3.069855
1565 -2.113159 0.901482 -3.36974
1566 -2.203144 0.901449 -3.279592
1567 -2.113254 0.901457 -3.250512
1568 -1.99316 0.901458 -3.069633
1569 -1.963301 0.901461 -3.039745
1570 -2.17318 0.901448 -3.279854
1571 -1.99327 0.901446 -2.979835
1572 -2.436726 -0.323871 -3.701892
1573 -1.993471 0.901513 -3.369721
1574 -2.113162 0.901526 -3.609755
1575 -3.229153 -0.089296 -3.459633
1576 -1.843383 0.9015 -3.039821
1577 -2.143251 0.901465 -3.339748
1578 -1.933366 0.901427 -2.799853
1579 -1.96325 0.90144 -2.919668
1580 -2.4068 -0.347396 -3.727233
1581 -1.784908 0.899897 -2.829855
1582 -1.993226 0.901494 -3.279814
1583 -1.873219 0.901501 -3.069826
1584 -1.785004 0.900069 -3.15975
1585 -1.903331 0.901487 -3.069682
1586 -2.413517 -0.332858 -3.722817
1587 -2.231122 0.896964 -3.250004
1588 -1.993279 0.901519 -3.399674
1589 -1.873323 0.90156 -3.399764
1590 -1.784996 0.900115 -3.309751
1591 -1.784895 0.90007 -3.250161
1592 -2.113221 0.901378 -2.79977
1593 -2.113365 0.901493 -3.399888
1594 -1.873302 0.901529 -3.250375
1595 -1.784119 0.896259 -3.187885
1596 -1.873439 0.901502 -3.099756
1597 -2.113283 0.901469 -3.309824
1598 -1.873251 0.901479 -2.979822
1599 -2.113208 0.901476 -3.339849
1600 -2.143352 0.901439 -3.12971
1601 -1.903284 0.901496 -3.099765
1602 -2.08329 0.901384 -2.799713
1603 -2.113283 0.901409 -2.949799
1604 -1.784995 0.900017 -3.039764
1605 -1.87336 0.901556 -3.369565
1606 -1.873304 0.901473 -2.949741
1607 -1.993273 0.901558 -3.609749
1608 -2.143148 0.901512 -3.579626
1609 -2.0232 0.900688 -2.742194
1610 -2.113318 0.901512 -3.549817
1611 -1.903295 0.901464 -2.949743
1612 -1.873334 0.901537 -3.279722
1613 -1.784958 0.900094 -3.279672
1614 -1.785076 0.900177 -3.369608
1615 -1.903382 0.90077 -2.742376
1616 -2.083166 0.901516 -3.519828
1617 -1.843366 0.901473 -2.91974
1618 -1.843287 0.901455 -2.799791
1619 -1.903422 0.901519 -3.250359
1620 -2.023254 0.901485 -3.279732
1621 -2.143202 0.901459 -3.279785
1622 -1.784903 0.900142 -3.429874
1623 -1.99328 0.90155 -3.579936
1624 -2.113404 0.901516 -3.579807
1625 -1.785016 0.900225 -3.519713
1626 -1.785044 0.900182 -3.39968
1627 -1.993382 0.90149 -3.250354
1628 -1.873392 0.90158 -3.51985
1629 -1.785081 0.900198 -3.489801
1630 -1.873317 0.901591 -3.609743
1631 -2.023331 0.901485 -3.250507
1632 -1.993308 0.901502 -3.309904
1633 -2.173145 0.901455 -3.309799
1634 -1.785031 0.900245 -3.609963
1635 -1.993389 0.901539 -3.519833
1636 -1.873354 0.901546 -3.309894
1637 -3.228443 -0.029364 -3.42975
1638 -1.873267 0.901588 -3.579809
1639 -1.993374 0.901507 -3.339741
1640 -2.143243 0.901475 -3.369796
1641 -1.785102 0.900075 -3.099882
1642 -1.785046 0.900244 -3.54984
1643 -1.785062 0.900257 -3.639947
1644 -1.785126 0.898786 -3.671965
1645 -1.785018 0.899967 -2.949798
1646 -1.903401 0.90158 -3.579888
1647 -2.143247 0.901514 -3.609898
1648 -2.023405 0.901494 -3.339806
1649 -2.140568 -0.269792 -4.121029
1650 -1.785061 0.900215 -3.579962
1651 -1.873421 0.901573 -3.489846
1652 -1.903361 0.90154 -3.339683
1653 -2.173209 0.901509 -3.609714
1654 -2.143242 0.901406 -2.979766
1655 -2.364564 -0.300011 -3.652602
1656 -1.903309 0.901445 -2.859755
1657 -1.873354 0.901587 -3.549687
1658 -1.933366 0.90143 -2.829802
1659 -1.843298 0.901588 -3.519814
1660 -2.143242 0.90149 -3.45987
1661 -1.873314 0.901546 -3.339863
1662 -2.203572 0.901717 -4.754215
1663 -1.873324 0.901492 -3.039777
1664 -1.993262 0.901404 -2.799833
1665 -2.023189 0.901452 -3.069786
1666 -1.993349 0.90154 -3.549877
1667 -1.873276 0.901572 -3.459778
1668 -1.993296 0.901534 -3.489727
1669 -2.173207 0.901748 -4.809598
1670 -1.813414 0.900826 -2.742386
1671 -1.813266 0.901585 -3.459744
1672 -2.023365 0.901546 -3.609776
1673 -2.203164 0.901724 -4.7796
1674 -1.873341 0.901518 -3.159726
1675 -2.203387 0.901728 -4.809618
1676 -2.023254 0.901401 -2.829724
1677 -2.023264 0.901539 -3.579809
1678 -1.843359 0.901564 -3.39986
1679 -2.113234 0.901471 -3.279787
1680 -1.813352 0.901549 -3.250471
1681 -2.17346 0.901724 -4.754227
1682 -1.933333 0.901558 -3.519604
1683 -2.173471 0.901738 -4.779498
1684 -2.93963 -0.543696 -3.564975
1685 -3.226599 0.120761 -3.489861
1686 -1.993307 0.901525 -3.429512
1687 -1.873388 0.901469 -2.919715
1688 -1.785159 0.900167 -3.33971
1689 -1.90332 0.901469 -2.979801
1690 -2.113156 0.901495 -3.429791
1691 -1.785113 0.900655 -4.809714
1692 -2.113252 0.901398 -2.919684
1693 -1.873303 0.901442 -2.799857
1694 -1.785368 0.900801 -4.839642
1695 -2.143135 0.901498 -3.489923
1696 -1.933217 0.901472 -3.039701
1697 -1.723261 0.898804 -4.779809
1698 -1.784425 0.900412 -4.752734
1699 -1.724045 0.898432 -4.751342
1700 -1.785377 0.900768 -4.779722
1701 -1.693351 0.90191 -4.809697
1702 -1.785237 0.900806 -5.079473
1703 -1.693281 0.901901 -4.779692
1704 -1.785631 0.900931 -5.139405
1705 -1.785386 0.900859 -5.109307
1706 -1.873323 0.901561 -3.429841
1707 -1.813393 0.901509 -3.039761
1708 -2.173401 0.901789 -5.079799
1709 -1.993261 0.901432 -2.919778
1710 -1.785619 0.899193 -5.172747
1711 -1.693533 0.901895 -4.753684
1712 -1.785113 0.900198 -3.459872
1713 -1.785434 0.90083 -5.049735
1714 -2.113324 0.901769 -4.839569
1715 -2.143219 0.901747 -4.779808
1716 -1.782907 0.895862 -4.716742
1717 -2.113335 0.901761 -4.809715
1718 -2.143198 0.901735 -4.75411
1719 -1.785456 0.900787 -4.92982
1720 -1.78541 0.900791 -4.959941
1721 -1.693286 0.901965 -5.109561
1722 -1.723512 0.900241 -4.692834
1723 -1.81309 0.901867 -4.809735
1724 -1.633383 0.901977 -5.049962
1725 -1.693292 0.90196 -5.079715
1726 -1.903348 0.901884 -5.079565
1727 -2.143269 0.901793 -5.049649
1728 -1.810787 -0.26737 -4.268309
1729 -1.813439 0.901923 -5.10952
1730 -1.63332 0.901929 -4.809757
1731 -1.813276 0.901904 -5.01959
1732 -2.143394 0.90175 -4.809789
1733 -1.810543 -0.268527 -4.300967
1734 -1.723125 0.898852 -4.959734
1735 -1.663406 0.901912 -4.779869
1736 -1.72436 0.895899 -4.71832
1737 -1.903301 0.901582 -3.609744
1738 -2.173363 0.901741 -4.839897
1739 -1.72309 0.898825 -4.809605
1740 -1.633382 0.901954 -4.929783
1741 -1.633288 0.901921 -4.779725
1742 -1.813375 0.901922 -5.07939
1743 -1.273316 0.898802 -4.779458
1744 -2.113129 0.901504 -3.519717
1745 -1.483455 0.902028 -5.049596
1746 -1.753252 0.89587 -4.719952
1747 -1.693366 0.901915 -4.839702
1748 -1.663321 0.901971 -5.079996
1749 -1.663385 0.901916 -4.809745
1750 -1.813332 0.901913 -5.049354
1751 -2.173362 0.901797 -5.11035
1752 -1.813387 0.901582 -3.399758
1753 -1.273149 0.898782 -4.809783
1754 -1.873298 0.901892 -5.049713
1755 -1.273061 0.898879 -5.079882
1756 -1.273092 0.898807 -4.930051
1757 -1.27201 0.896033 -4.718146
1758 -1.271947 0.898342 -4.751005
1759 -1.693238 0.901968 -5.139337
1760 -1.753361 0.895955 -5.14002
1761 -1.303293 0.90209 -5.049982
1762 -1.393286 0.902061 -5.050167
1763 -1.633333 0.901982 -5.079826
1764 -1.663301 0.901965 -5.050096
1765 -1.843381 0.901901 -5.04931
1766 -1.275214 0.898367 -5.171535
1767 -1.273232 0.898908 -5.109692
1768 -1.273159 0.89886 -5.049932
1769 -1.393313 0.902066 -5.079888
1770 -1.363307 0.902071 -5.050073
1771 -1.513455 0.902018 -5.049792
1772 -1.333411 0.90209 -5.079806
1773 -1.303337 0.902041 -4.779787
1774 -1.303186 0.902042 -4.809873
1775 -2.203378 0.901787 -5.140317
1776 -1.633228 0.901915 -4.75383
1777 -1.303422 0.902048 -4.839467
1778 -2.23035 0.897163 -4.809851
1779 -1.66335 0.901904 -4.753962
1780 -1.813339 0.901873 -4.839843
1781 -1.663211 0.901927 -4.839748
1782 -1.27328 0.89894 -5.139872
1783 -1.753304 0.895956 -5.169909
1784 -1.663206 0.901979 -5.1097
1785 -1.753342 0.895939 -5.079799
1786 -2.173289 0.901519 -3.63961
1787 -1.993231 0.90156 -3.639612
1788 -1.663346 0.901942 -4.929778
1789 -1.51331 0.902019 -5.079934
1790 -1.303315 0.902104 -5.109772
1791 -1.633214 0.901971 -5.019681
1792 -1.873598 0.901882 -5.019482
1793 -1.903244 0.90188 -5.049526
1794 -1.753234 0.89595 -5.109944
1795 -1.633478 0.901934 -4.839533
1796 -1.798035 -0.282305 -4.286623
1797 -1.873341 0.901893 -5.079738
1798 -1.303331 0.902099 -5.079877
1799 -1.843278 0.901573 -3.429616
1800 -1.663243 0.901956 -5.019778
1801 -1.873237 0.901597 -3.639605
1802 -1.633279 0.901958 -4.95992
1803 -1.723066 0.898837 -5.079858
1804 -1.693174 0.901938 -4.9597
1805 -1.273233 0.898826 -4.839803
1806 -1.273339 0.898894 -4.959805
1807 -1.723104 0.898849 -4.899824
1808 -2.143419 0.901807 -5.079964
1809 -1.843307 0.901595 -3.549757
1810 -1.633184 0.901938 -4.869793
1811 -2.113207 0.901784 -4.92969
1812 -1.873329 0.901878 -4.959589
1813 -1.363283 0.902073 -5.080001
1814 -1.993258 0.901476 -3.159867
1815 -2.173204 0.901767 -4.959574
1816 -1.813492 0.901861 -4.779637
1817 -1.363282 0.902083 -5.109827
1818 -1.873377 0.901875 -4.989532
1819 -1.303406 0.902032 -4.753311
1820 -1.39324 0.902047 -4.989561
1821 -1.693202 0.895891 -4.715383
1822 -1.273335 0.898855 -4.899462
1823 -1.393192 0.902054 -5.019884
1824 -1.785291 0.900829 -4.989696
1825 -1.393327 0.902038 -4.95969
1826 -2.323881 -0.292825 -3.615275
1827 -1.273119 0.898881 -4.989646
1828 -1.363192 0.902085 -5.13971
1829 -1.273499 0.900298 -4.69296
1830 -1.303493 0.902088 -5.019659
1831 -1.51336 0.902011 -5.019989
1832 -2.113126 0.901527 -3.639694
1833 -1.513324 0.901975 -4.80996
1834 -1.393329 0.90201 -4.809476
1835 -1.36326 0.902063 -5.019862
1836 -1.30319 0.902078 -4.989597
1837 -1.785282 0.900741 -4.869933
1838 -1.273384 0.898929 -5.019756
1839 -1.244172 0.900693 -4.691128
1840 -1.573327 0.901948 -4.809633
1841 -1.633242 0.899889 -5.172364
1842 -1.693121 0.901916 -4.869685
1843 -1.513367 0.901974 -4.839763
1844 -1.303463 0.902066 -4.929931
1845 -2.113392 0.901816 -5.080297
1846 -1.5133 0.899925 -5.172301
1847 -1.423217 0.902052 -5.050025
1848 -2.231016 0.896868 -4.750659
1849 -1.513261 0.901996 -4.929536
1850 -1.873527 0.901902 -5.109796
1851 -1.993123 0.90185 -5.079606
1852 -1.333365 0.902032 -4.809881
1853 -2.159517 -0.277222 -4.132237
1854 -1.393452 0.902018 -4.839727
1855 -1.303431 0.902075 -4.959579
1856 -0.221895 0.898416 -5.171195
1857 -1.993351 0.901832 -4.959698
1858 -1.393364 0.90207 -5.109362
1859 -0.223483 0.899017 -4.959887
1860 -0.223533 0.899016 -4.929594
1861 -0.22363 0.898991 -5.079825
1862 -0.223555 0.899008 -4.83969
1863 -0.193347 0.900286 -5.171881
1864 -0.223535 0.899006 -4.809682
1865 -0.223676 0.898973 -5.109754
1866 -0.223584 0.899014 -5.049638
1867 -1.543369 0.902013 -5.079718
1868 -1.423348 0.902057 -5.079851
1869 -0.223682 0.898951 -4.779655
1870 -1.453371 0.901993 -4.809808
1871 -0.193471 0.902506 -5.139615
1872 -0.224343 0.898705 -4.750478
1873 -1.393365 0.902036 -4.929847
1874 -0.223539 0.899017 -4.989836
1875 -1.873363 0.901866 -4.929703
1876 -1.483497 0.899994 -5.172003
1877 -1.993461 0.901799 -4.809699
1878 -1.483239 0.902021 -5.019795
1879 -0.22472 0.896406 -4.717838
1880 -0.103465 0.902534 -5.079548
1881 -1.873421 0.901846 -4.809428
1882 -1.51351 0.902029 -5.110019
1883 -1.483421 0.902017 -4.989636
1884 -1.513341 0.902002 -4.959588
1885 -2.203147 0.895718 -4.715983
1886 -1.693357 0.901925 -4.899625
1887 -1.51321 0.902003 -4.989911
1888 -0.133525 0.902538 -5.139735
1889 -1.363374 0.899984 -5.172279
1890 -0.103152 0.902533 -5.049883
1891 -1.603231 0.899844 -5.172524
1892 -0.252464 0.901026 -4.690935
1893 -1.873428 0.901861 -4.870013
1894 -1.873141 0.901847 -4.839642
1895 -0.10339 0.90251 -4.959789
1896 -0.163331 0.902518 -5.139741
1897 -1.84338 0.899843 -5.172428
1898 -1.603252 0.901982 -5.019722
1899 -1.39328 0.899993 -5.172192
1900 -1.543224 0.902006 -5.049622
1901 -2.113247 0.901819 -5.110215
1902 -0.13326 0.90031 -5.171864
1903 -1.663336 0.901948 -4.959922
1904 -0.103358 0.902513 -4.989665
1905 -1.993399 0.90185 -5.049716
1906 -1.42328 0.902001 -4.809595
1907 -1.993627 0.901809 -4.839439
1908 -0.193323 0.902494 -5.049684
1909 -0.193312 0.902473 -4.959543
1910 -0.163478 0.902507 -5.079739
1911 -2.113307 0.90181 -5.049886
1912 -0.193399 0.902499 -5.079736
1913 -1.603387 0.901975 -4.989602
1914 -1.393243 0.902001 -4.779864
1915 -0.223632 0.898956 -4.869837
1916 -0.013342 0.900357 -5.171732
1917 -0.193443 0.902501 -5.109678
1918 -1.633377 0.901987 -5.109573
1919 -0.163438 0.90032 -5.171729
1920 -0.193339 0.902447 -4.839585
1921 -0.223214 0.900568 -4.69264
1922 -1.42331 0.902003 -4.839894
1923 0.016709 0.902589 -5.139762
1924 -0.103397 0.902538 -5.109641
1925 -0.193377 0.902441 -4.809628
1926 0.016646 0.902575 -5.04961
1927 -0.103337 0.90249 -4.869678
1928 -0.1034 0.900312 -5.171742
1929 -1.543408 0.901962 -4.80971
1930 -1.99319 0.901856 -5.109586
1931 0.016597 0.900336 -5.17178
1932 -1.603554 0.902003 -5.139714
1933 -1.993301 0.901823 -4.929944
1934 0.016697 0.902588 -5.109735
1935 0.016788 0.902578 -5.079682
1936 -0.133338 0.902506 -5.019725
1937 -0.103352 0.902477 -4.809584
1938 -0.103413 0.902479 -4.839732
1939 -1.513207 0.902031 -5.139645
1940 -1.543448 0.901962 -4.839843
1941 -1.633336 0.901966 -4.989675
1942 0.016634 0.902556 -4.959626
1943 -0.103404 0.902547 -5.139709
1944 -0.193321 0.902469 -4.929805
1945 -1.483146 0.902046 -5.139491
1946 -0.013457 0.90258 -5.139738
1947 0.016483 0.902522 -4.80982
1948 -0.19337 0.902434 -4.77975
1949 -2.023188 0.901842 -5.07963
1950 -1.903353 0.90184 -4.80966
1951 0.136648 0.902629 -5.079871
1952 -0.163342 0.902451 -4.809897
1953 0.13665 0.90262 -5.049731
1954 -0.193299 0.902422 -4.752133
1955 -0.133306 0.902514 -5.049634
1956 0.136515 0.902627 -5.109545
1957 -2.113309 0.901794 -4.989783
1958 0.136711 0.902595 -4.959725
1959 -1.273168 0.898822 -4.869616
1960 0.016621 0.902533 -4.839717
1961 -1.993388 0.901836 -4.989527
1962 -2.113358 0.901771 -4.869505
1963 -0.073142 0.902545 -5.079942
1964 0.136614 0.902609 -4.989885
1965 0.13669 0.902579 -4.86979
1966 0.136454 0.902594 -4.929567
1967 0.016815 0.902559 -4.98965
1968 0.016505 0.902537 -4.869701
1969 -0.133354 0.902458 -4.779781
1970 -1.903346 0.901839 -4.839829
1971 0.136662 0.902571 -4.809779
1972 -0.073475 0.902539 -5.049506
1973 -1.993363 0.901814 -4.869818
1974 -1.513199 0.90198 -4.869761
1975 0.196693 0.90265 -5.079784
1976 0.016555 0.902549 -4.929856
1977 -1.693302 0.901948 -5.019798
1978 -2.023314 0.901838 -5.049621
1979 -1.393322 0.902019 -4.869856
1980 -2.023462 0.901791 -4.809424
1981 0.136456 0.900384 -5.171704
1982 0.136676 0.902573 -4.839849
1983 -0.163392 0.90246 -4.839624
1984 -0.043529 0.902556 -5.07954
1985 0.226677 0.899778 -5.139704
1986 -0.10327 0.902503 -4.929832
1987 -2.023548 0.901799 -4.839625
1988 0.196557 0.902617 -4.929779
1989 0.288738 0.899589 -5.172021
1990 -0.163231 0.902486 -4.959826
1991 -0.133342 0.902448 -4.752038
1992 -0.193422 0.902479 -4.989554
1993 0.19656 0.902653 -5.109712
1994 0.288276 0.901258 -5.109809
1995 -0.013344 0.902559 -5.019655
1996 -0.013355 0.902564 -5.049723
1997 0.196653 0.90259 -4.809716
1998 0.046705 0.902589 -5.079676
1999 0.288223 0.901253 -5.049676
2000 0.196502 0.902639 -5.049696
2001 0.046695 0.902585 -5.049766
2002 0.288453 0.901301 -5.079806
2003 0.196606 0.902622 -4.959771
2004 0.166766 0.902631 -5.049732
2005 0.076544 0.902604 -5.079782
2006 0.226677 0.899697 -4.929676
2007 -0.073231 0.902469 -4.752025
2008 0.346611 0.900449 -5.171694
2009 0.288254 0.901277 -4.989578
2010 0.196652 0.902612 -4.899688
2011 -0.133279 0.902506 -4.989718
2012 -0.103361 0.90246 -4.752
2013 0.19663 0.902575 -4.751705
2014 0.226697 0.899647 -4.809733
2015 -0.013406 0.902495 -4.752038
2016 -0.073356 0.902485 -4.809691
2017 0.37671 0.900435 -5.171649
2018 0.288433 0.901276 -5.139774
2019 0.196565 0.902601 -4.839627
2020 -0.013337 0.902554 -4.989858
2021 -0.073505 0.902496 -4.839756
2022 0.226637 0.899648 -4.779738
2023 0.288526 0.901339 -4.929737
2024 0.37658 0.902731 -5.1398
2025 0.288495 0.9013 -4.959767
2026 0.22704 0.899469 -4.750513
2027 0.288336 0.901265 -4.869628
2028 0.376533 0.902717 -5.07963
2029 0.316688 0.902683 -5.049704
2030 0.376657 0.902722 -5.109757
2031 0.316638 0.9027 -5.079652
2032 0.346628 0.902719 -5.13964
2033 0.10655 0.9026 -5.019702
2034 0.37661 0.902711 -5.049817
2035 0.196729 0.902637 -5.019687
2036 0.166619 0.902578 -4.809634
2037 0.016624 0.902568 -5.019764
2038 0.166536 0.902634 -5.079585
2039 0.288308 0.901273 -4.809599
2040 0.376549 0.902699 -4.989714
2041 0.166562 0.902606 -4.929875
2042 0.316667 0.902702 -5.109818
2043 0.046622 0.902537 -4.809727
2044 0.287941 0.901127 -4.751169
2045 0.288283 0.90125 -4.839637
2046 0.31648 0.902664 -4.929642
2047 0.196607 0.902585 -4.779783
2048 0.166582 0.902558 -4.75174
2049 0.106688 0.902603 -5.04976
2050 0.046536 0.902534 -4.839836
2051 0.288284 0.901238 -4.779603
2052 0.106587 0.902549 -4.779584
2053 0.376658 0.902677 -4.869834
2054 0.376751 0.902691 -4.959793
2055 0.136516 0.902554 -4.751748
2056 0.496707 0.90277 -5.079714
2057 0.166757 0.902612 -4.959754
2058 -0.193469 0.902454 -4.869879
2059 0.316654 0.902668 -4.959625
2060 0.285764 0.896607 -4.716111
2061 0.106512 0.902539 -4.751631
2062 -0.223649 0.898982 -4.899624
2063 0.316566 0.902678 -4.989721
2064 0.496561 0.902748 -4.989761
2065 0.196608 0.896568 -4.71503
2066 0.496549 0.902719 -4.869767
2067 0.616561 0.902809 -5.07977
2068 0.376562 0.902666 -4.839829
2069 0.376665 0.90266 -4.809753
2070 0.316687 0.902624 -4.751447
2071 0.04649 0.902568 -4.959634
2072 0.616433 0.902797 -4.989741
2073 0.616506 0.902819 -5.109805
2074 0.496481 0.902766 -5.109703
2075 0.016384 0.90251 -4.751925
2076 0.346673 0.902692 -5.019881
2077 0.166602 0.902587 -4.839617
2078 0.376573 0.902687 -4.929625
2079 0.226682 0.899779 -5.109746
2080 0.496588 0.902691 -4.751236
2081 0.316644 0.902639 -4.809809
2082 0.616545 0.90277 -4.869725
2083 0.616556 0.90279 -4.959635
2084 0.406579 0.902733 -5.079854
2085 0.376682 0.902646 -4.751548
2086 0.616638 0.902749 -4.779763
2087 0.496652 0.902759 -5.049907
2088 0.406552 0.902721 -5.049708
2089 0.496638 0.90274 -4.95974
2090 0.466604 0.902688 -4.779741
2091 0.316589 0.902646 -4.839848
2092 0.6165 0.902759 -4.809709
2093 0.616631 0.902757 -4.839601
2094 0.616629 0.902739 -4.751183
2095 0.616665 0.9028 -5.019664
2096 0.676727 0.90284 -5.079744
2097 0.676726 0.902813 -4.9597
2098 0.046676 0.902517 -4.751805
2099 0.406604 0.902679 -4.839666
2100 0.406607 0.902672 -4.809635
2101 0.706758 0.902779 -4.751083
2102 0.616385 0.902802 -5.049511
2103 0.676476 0.902827 -5.049652
2104 0.676628 0.902803 -4.929723
2105 0.734461 0.898222 -4.749849
2106 0.616619 0.902782 -4.929752
2107 0.496565 0.902709 -4.809757
2108 0.526424 0.902771 -5.049662
2109 0.734334 0.898304 -4.809694
2110 0.706428 0.90285 -5.079684
2111 0.676559 0.902791 -4.839732
2112 0.646385 0.902825 -5.079692
2113 0.166717 0.902572 -4.779565
2114 0.734205 0.898289 -4.779566
2115 0.676569 0.902777 -4.80974
2116 0.526772 0.902772 -5.079676
2117 0.646454 0.902771 -4.80977
2118 0.526507 0.90272 -4.809741
2119 0.676446 0.902847 -5.109681
2120 0.526714 0.902726 -4.839701
2121 0.646654 0.902796 -4.959778
2122 0.646649 0.90282 -5.049698
2123 0.0767 0.902526 -4.751783
2124 0.466756 0.902738 -5.019876
2125 0.646641 0.902775 -4.839766
2126 0.646504 0.902797 -4.929694
2127 0.346557 0.902683 -4.989743
2128 0.406579 0.902658 -4.751296
2129 0.376446 0.902706 -5.019581
2130 0.288602 0.901318 -5.019764
2131 0.526597 0.902752 -4.959729
2132 0.676586 0.902765 -4.751018
2133 0.676681 0.896763 -4.714734
2134 0.706607 0.902787 -4.779638
2135 0.406542 0.902701 -4.959575
2136 0.496522 0.90273 -4.92964
2137 0.288225 0.899432 -3.671232
2138 0.586642 0.902739 -4.779693
2139 0.406687 0.900473 -5.171615
2140 0.676675 0.902795 -4.899685
2141 -0.043471 0.902532 -4.959671
2142 0.676711 0.902773 -4.779816
2143 0.346551 0.900335 -3.670567
2144 0.288676 0.901284 -3.63977
2145 0.526693 0.902702 -4.751276
2146 0.376595 0.900333 -3.670597
2147 0.466604 0.902684 -4.751298
2148 1.726759 0.23423 -5.038185
2149 1.727562 0.234649 -5.01961
2150 0.288834 0.90129 -3.549844
2151 1.731179 -0.029278 -4.959954
2152 1.731148 -0.029379 -4.929869
2153 1.728957 0.180727 -4.989592
2154 1.732403 -0.149245 -4.8998
2155 1.732738 -0.179331 -4.899597
2156 1.729773 0.090684 -4.839509
2157 1.730102 0.060529 -4.839901
2158 1.73042 0.030605 -4.839756
2159 1.730122 0.060804 -4.869868
2160 1.73147 -0.059282 -4.929815
2161 1.732665 -0.179374 -4.83965
2162 1.730448 0.030724 -4.86981
2163 1.732702 -0.17923 -4.869656
2164 1.730762 0.000676 -4.869594
2165 0.376589 0.902367 -3.639708
2166 1.732345 -0.149358 -4.839703
2167 1.730062 0.060664 -4.809891
2168 1.731032 -0.029323 -4.809906
2169 0.646427 0.902753 -4.751161
2170 1.733631 -0.269198 -4.839748
2171 1.733603 -0.269125 -4.809626
2172 1.730357 0.030879 -4.779722
2173 0.70654 0.902858 -5.139721
2174 1.732934 -0.209383 -4.779696
2175 1.733311 -0.239306 -4.839726
2176 1.733279 -0.239343 -4.809833
2177 0.4966 0.900391 -3.670507
2178 1.733223 -0.239319 -4.749719
2179 1.733543 -0.268916 -4.749886
2180 1.732897 -0.209358 -4.749826
2181 1.732642 -0.179383 -4.809776
2182 1.730328 0.030745 -4.749694
2183 1.733251 -0.239143 -4.779818
2184 1.733186 -0.239099 -4.719676
2185 1.733521 -0.268942 -4.719794
2186 1.733866 -0.29914 -4.749679
2187 1.733837 -0.299114 -4.719671
2188 1.730739 0.000778 -4.839647
2189 0.376591 0.902347 -3.549799
2190 1.728686 0.210676 -5.01988
2191 1.752143 0.250661 -5.049615
2192 1.732879 -0.209255 -4.719803
2193 1.733158 -0.239259 -4.689717
2194 1.731063 -0.029139 -4.83984
2195 1.733806 -0.299153 -4.689669
2196 1.731006 -0.029417 -4.779813
2197 1.730036 0.060817 -4.779906
2198 1.733419 -0.268891 -4.62975
2199 1.727029 0.23468 -4.569129
2200 1.733131 -0.239371 -4.659726
2201 1.733774 -0.299087 -4.65964
2202 0.496598 0.902422 -3.639775
2203 0.288767 0.901283 -3.579812
2204 0.376603 0.902352 -3.57976
2205 1.730397 0.030685 -4.809677
2206 1.733389 -0.268877 -4.59962
2207 0.496583 0.902402 -3.54978
2208 1.729451 0.120793 -4.83974
2209 1.73229 -0.149401 -4.779771
2210 1.730678 0.000798 -4.779772
2211 1.727917 0.210908 -4.569306
2212 1.751672 0.243237 -4.566313
2213 0.616634 0.902473 -3.639825
2214 1.72857 0.18065 -4.599739
2215 1.729745 0.090808 -4.809681
2216 0.586633 0.90273 -4.751156
2217 0.346632 0.902643 -4.779608
2218 1.728745 0.180718 -4.779605
2219 1.729886 0.060503 -4.629677
2220 0.616714 0.902456 -3.549771
2221 0.496593 0.902411 -3.579764
2222 1.728272 0.210593 -4.599849
2223 0.61679 0.902462 -3.579797
2224 0.496643 0.902362 -3.429786
2225 1.728605 0.180734 -4.629753
2226 1.751683 0.210676 -4.562628
2227 0.526582 0.902424 -3.5798
2228 1.72922 0.120672 -4.59984
2229 0.646588 0.902476 -3.579773
2230 0.616624 0.900419 -3.670544
2231 0.676553 0.902486 -3.579772
2232 0.496596 0.902727 -4.899678
2233 0.616642 0.90243 -3.429802
2234 0.616726 0.902438 -3.459814
2235 0.676539 0.902459 -3.459805
2236 0.616638 0.902398 -3.309835
2237 1.724869 0.200672 -3.359355
2238 1.7318 -0.196759 -3.359265
2239 1.73192 -0.089263 -3.309783
2240 1.729792 0.030715 -3.30979
2241 1.72543 0.180643 -3.359348
2242 1.727172 0.18072 -3.339807
2243 1.72976 0.030701 -3.279777
2244 1.730857 -0.029269 -3.309804
2245 1.729255 0.060725 -3.309749
2246 1.730238 0.000714 -3.219735
2247 1.730772 -0.029281 -3.219724
2248 1.731838 -0.089337 -3.219773
2249 1.732453 -0.119281 -3.309802
2250 1.73181 -0.089313 -3.189756
2251 1.731271 -0.05931 -3.189726
2252 1.731303 -0.059272 -3.219709
2253 1.732395 -0.119298 -3.249771
2254 1.731783 -0.089267 -3.159779
2255 1.730184 0.000711 -3.15981
2256 1.731863 -0.089311 -3.249715
2257 1.731248 -0.059284 -3.159739
2258 1.731194 -0.059297 -3.099741
2259 1.732288 -0.119253 -3.129779
2260 1.72965 0.030726 -3.159753
2261 1.730108 0.000767 -3.069733
2262 1.730662 -0.029297 -3.099709
2263 1.72968 0.030714 -3.189748
2264 1.73173 -0.089292 -3.099784
2265 1.730127 0.000747 -3.099759
2266 1.731226 -0.059333 -3.129785
2267 1.730691 -0.029258 -3.12973
2268 1.731167 -0.059312 -3.069757
2269 1.732261 -0.119281 -3.099794
2270 1.730159 0.000712 -3.129753
2271 1.730605 -0.029212 -3.039762
2272 1.729572 0.030688 -3.069768
2273 1.730635 -0.02926 -3.069767
2274 1.729545 0.030694 -3.039768
2275 1.728559 0.090701 -3.129791
2276 1.729492 0.030712 -2.979791
2277 1.73008 0.000683 -3.03978
2278 1.73165 -0.089332 -3.009826
2279 1.730583 -0.02928 -3.009757
2280 1.730562 -0.029336 -2.979783
2281 1.731119 -0.059274 -3.009821
2282 1.729444 0.030672 -2.919833
2283 1.731067 -0.059239 -2.949821
2284 1.729467 0.030752 -2.949804
2285 1.72952 0.030753 -3.009732
2286 1.730484 -0.029249 -2.889816
2287 1.731574 -0.08922 -2.919755
2288 1.728914 0.060665 -2.9198
2289 1.728964 0.060768 -2.979735
2290 1.728865 0.0607 -2.859849
2291 1.730054 0.000719 -3.009665
2292 1.729954 0.000742 -2.889787
2293 1.731018 -0.059281 -2.889731
2294 1.730004 0.000733 -2.949818
2295 1.731526 -0.089272 -2.859777
2296 1.728426 0.090756 -2.979829
2297 1.729926 0.000713 -2.859853
2298 1.730437 -0.029291 -2.829899
2299 1.730969 -0.059337 -2.829851
2300 1.730392 -0.029301 -2.7698
2301 1.73092 -0.059278 -2.769835
2302 1.732013 -0.119271 -2.799851
2303 1.730535 -0.029273 -2.94978
2304 1.724969 0.200586 -2.649902
2305 1.731926 -0.119237 -2.679797
2306 1.730874 -0.059266 -2.709844
2307 1.728356 0.090676 -2.889836
2308 1.73199 -0.119282 -2.769878
2309 1.730413 -0.029241 -2.799788
2310 1.728885 0.060787 -2.88984
2311 1.73241 -0.179299 -2.649816
2312 1.730899 -0.059266 -2.739836
2313 1.726015 0.180736 -2.64982
2314 1.726605 0.180743 -2.679796
2315 1.730946 -0.059246 -2.799814
2316 1.730341 -0.02927 -2.709758
2317 1.72873 0.06069 -2.679782
2318 1.730368 -0.029259 -2.739817
2319 1.73143 -0.196686 -2.650213
2320 1.524453 0.212016 -2.294619
2321 1.450274 -0.053547 -2.442113
2322 1.665255 0.095882 -2.384423
2323 1.526069 0.21419 -2.313407
2324 1.618698 -0.050959 -2.168893
2325 1.479761 0.058737 -2.384672
2326 1.399348 0.095503 -2.208855
2327 1.458074 -0.015178 -2.243062
2328 1.666854 0.11281 -2.384737
2329 1.588649 0.04231 -2.210596
2330 1.482751 0.039923 -2.385674
2331 1.449197 0.001898 -2.239482
2332 1.535366 0.247568 -2.296443
2333 1.524381 0.234875 -2.294838
2334 1.623527 -0.009739 -2.355177
2335 1.588707 0.042404 -2.222068
2336 1.586973 0.055997 -2.209558
2337 1.610692 0.002683 -2.350169
2338 1.402858 0.09629 -2.223903
2339 1.412878 0.122606 -2.212969
2340 1.585724 0.055524 -2.226208
2341 1.403523 0.112437 -2.223313
2342 1.526268 0.233732 -2.313153
2343 1.627826 -0.060455 -2.173601
2344 1.673001 0.097076 -2.400641
2345 1.400022 0.112869 -2.209302
2346 1.455148 0.018591 -2.241194
2347 1.449866 -0.050627 -2.42102
2348 1.594167 0.067208 -2.209381
2349 1.454765 0.001567 -2.257063
2350 1.489606 0.041889 -2.398406
2351 1.620149 0.017116 -2.354924
2352 1.541966 0.209989 -2.323135
2353 1.619368 0.003092 -2.367162
2354 1.619314 -0.040038 -2.168494
2355 1.522514 0.095384 -2.292146
2356 1.487831 0.056241 -2.399815
2357 1.541375 0.237906 -2.321577
2358 1.451847 -0.036572 -2.441174
2359 1.598155 0.039051 -2.226841
2360 1.533681 -0.001429 -2.288466
2361 1.608642 -0.041344 -2.200018
2362 0.706693 0.902198 -1.389869
2363 0.706767 0.902184 -1.14919
2364 0.706665 0.902176 -0.969803
2365 0.706856 0.902179 -1.029494
2366 0.706659 0.902174 -0.909803
2367 0.70669 0.902172 -0.849823
2368 0.706631 0.902176 -0.879871
2369 0.706917 0.902186 -1.089491
2370 0.706623 0.899603 -0.728335
2371 0.706621 0.902173 -0.819768
2372 0.706643 0.902168 -0.789864
2373 0.646658 0.902151 -0.909738
2374 0.706708 0.902174 -0.939748
2375 0.646624 0.902149 -0.849819
2376 0.646776 0.902155 -0.969652
2377 0.58702 0.902124 -0.969469
2378 0.586662 0.902125 -0.879705
2379 0.586699 0.902119 -0.849764
2380 0.646691 0.902145 -0.789751
2381 0.586766 0.902125 -0.909694
2382 0.646678 0.902149 -0.879816
2383 0.646599 0.902146 -0.819749
2384 0.586729 0.902119 -0.819812
2385 0.5867 0.902118 -0.789744
2386 0.466987 0.902069 -0.879324
2387 0.466916 0.90207 -0.849455
2388 0.586609 0.899525 -0.728355
2389 0.136953 0.901827 0.590484
2390 0.136783 0.901774 0.740172
2391 0.106814 0.901825 0.469988
2392 0.106797 0.901822 0.560099
2393 0.316672 0.899285 0.771551
2394 -0.133405 0.901727 0.560333
2395 0.016631 0.899133 0.771362
2396 -0.043153 0.899112 0.771344
2397 0.076666 0.899175 0.771376
2398 -0.01339 0.901776 0.560263
2399 0.436585 0.899384 0.771472
2400 -0.133114 0.901735 0.470132
2401 -0.013497 0.901783 0.470073
