0 0.0 0.0 -2.25 0.0 0.0 0.0 1.0 
1 -4.6e-05 0.002677 -2.25091 0.001236 -0.000192 -0.000265 0.999999 
2 0.000112 0.001957 -2.25082 -0.000958 -0.000421 -0.000145 0.999999 
3 -8.4e-05 0.001558 -2.25065 -0.001386 0.0002 -0.000411 0.999999 
4 5.8e-05 0.002657 -2.25098 -0.001245 0.000639 -0.000822 0.999999 
5 -5.2e-05 0.002856 -2.25106 -0.002401 0.000882 -0.001135 0.999996 
6 -0.000212 0.001528 -2.25062 -0.003647 0.001035 -0.000842 0.999992 
7 -5e-06 0.001528 -2.25056 -0.002813 0.000814 -0.000751 0.999995 
8 4.4e-05 0.002268 -2.25073 -0.002339 0.000802 -0.000901 0.999997 
9 -8.2e-05 0.001658 -2.25054 -0.003092 0.000857 -0.000829 0.999995 
10 -8.7e-05 0.000809 -2.25026 -0.00281 0.000908 -0.000695 0.999995 
11 -0.000114 0.00036 -2.24993 -0.001716 0.001049 -0.000496 0.999998 
12 6.3e-05 0.000311 -2.24984 -0.000667 0.000876 -5e-05 0.999999 
13 4.8e-05 0.000221 -2.24977 2.6e-05 0.000562 0.000429 1.0 
14 0.000366 0.000271 -2.24983 0.000727 0.000189 0.000655 1.0 
15 0.000247 0.000411 -2.2498 0.000959 0.000106 0.000814 0.999999 
16 0.000232 0.00109 -2.25005 0.001294 -0.000199 0.000637 0.999999 
17 0.000156 0.00101 -2.2501 0.000732 -0.000308 2.2e-05 1.0 
18 -8e-06 0.00128 -2.25021 0.00042 -0.000239 -0.000748 1.0 
19 -0.000108 0.001369 -2.25035 -0.000315 -1.3e-05 -0.001566 0.999999 
20 -4e-06 0.00121 -2.25025 -0.000887 0.000109 -0.002046 0.999997 
21 -0.000314 0.001369 -2.25032 -0.001115 0.000147 -0.002472 0.999996 
22 -0.000295 0.00123 -2.25031 -0.001637 -2.8e-05 -0.002646 0.999995 
23 -0.000588 0.00119 -2.25031 -0.001751 -0.000115 -0.002736 0.999995 
24 -0.000429 0.00094 -2.25027 -0.001783 -0.0006 -0.002828 0.999994 
25 -0.000671 0.001 -2.25029 -0.00147 -0.000584 -0.002992 0.999994 
26 -0.000782 0.00111 -2.25026 -0.001285 -0.00056 -0.003315 0.999994 
27 -0.001155 0.000821 -2.25015 -0.001574 -0.000338 -0.003534 0.999992 
28 -0.000928 0.000431 -2.25018 -0.001558 -0.00042 -0.003809 0.999991 
29 -0.001118 0.000691 -2.2502 -0.001094 -0.000295 -0.004127 0.999991 
30 -0.001364 0.001091 -2.25024 -0.000985 -0.000171 -0.004291 0.99999 
31 -0.001617 0.000931 -2.25008 -0.001914 -0.000219 -0.004741 0.999987 
32 -0.00206 0.001262 -2.25001 -0.001641 -0.000169 -0.00511 0.999986 
33 -0.002384 0.002111 -2.25025 -0.001665 8.1e-05 -0.005404 0.999984 
34 -0.002754 0.002271 -2.25027 -0.002386 0.000635 -0.005627 0.999981 
35 -0.002885 0.001792 -2.25003 -0.002894 0.00158 -0.005712 0.999978 
36 -0.003053 0.002362 -2.25 -0.002607 0.002585 -0.005689 0.999977 
37 -0.003643 0.003892 -2.25034 -0.002823 0.003847 -0.005431 0.999974 
38 -0.003918 0.003453 -2.24992 -0.004947 0.004665 -0.004604 0.999966 
39 -0.004285 0.002236 -2.2492 -0.006034 0.004993 -0.003539 0.999963 
40 -0.004857 0.002527 -2.24885 -0.005223 0.005375 -0.002687 0.999968 
41 -0.005066 0.002659 -2.24831 -0.005109 0.005675 -0.002139 0.999969 
42 -0.00552 0.002281 -2.24766 -0.005007 0.006125 -0.001841 0.999967 
43 -0.005813 0.002783 -2.24711 -0.004055 0.006951 -0.002275 0.999965 
44 -0.006088 0.003905 -2.24657 -0.003648 0.007775 -0.003362 0.999957 
45 -0.006141 0.004298 -2.24567 -0.004576 0.008799 -0.004644 0.99994 
46 -0.006486 0.004353 -2.24422 -0.005465 0.00981 -0.006116 0.999918 
47 -0.006422 0.005796 -2.24319 -0.005698 0.010108 -0.007958 0.999901 
48 -0.006382 0.006351 -2.24168 -0.007509 0.010387 -0.009916 0.999869 
49 -0.006329 0.006157 -2.23977 -0.009196 0.010697 -0.011604 0.999833 
50 -0.005761 0.006293 -2.23785 -0.009781 0.010462 -0.013184 0.999811 
51 -0.005366 0.007538 -2.23621 -0.01004 0.010079 -0.014393 0.999795 
52 -0.004391 0.008263 -2.23443 -0.011426 0.009747 -0.015669 0.999764 
53 -0.004036 0.008011 -2.23192 -0.013015 0.009483 -0.016456 0.999735 
54 -0.00352 0.007778 -2.2294 -0.013611 0.008229 -0.016997 0.999729 
55 -0.002398 0.007875 -2.227 -0.013547 0.006235 -0.017901 0.999729 
56 -0.001729 0.006854 -2.22414 -0.013554 0.004795 -0.019128 0.999714 
57 -0.000435 0.007141 -2.22149 -0.011698 0.00306 -0.020634 0.999714 
58 0.000492 0.008458 -2.21909 -0.010153 0.001548 -0.023071 0.999681 
59 0.001772 0.008477 -2.21616 -0.010131 4e-05 -0.025487 0.999624 
60 0.003064 0.008565 -2.21325 -0.00971 -0.00167 -0.027959 0.999561 
61 0.004477 0.009213 -2.21056 -0.009183 -0.003887 -0.030197 0.999494 
62 0.006072 0.008892 -2.20741 -0.009236 -0.006428 -0.032228 0.999417 
63 0.007278 0.00927 -2.20456 -0.008906 -0.009121 -0.034904 0.999309 
64 0.009064 0.010257 -2.20202 -0.009203 -0.011826 -0.038114 0.999161 
65 0.011179 0.008806 -2.19871 -0.010559 -0.014618 -0.041176 0.998989 
66 0.011512 0.008595 -2.19585 -0.008704 -0.016749 -0.044888 0.998814 
67 0.013342 0.009462 -2.19319 -0.006862 -0.019817 -0.04779 0.998637 
68 0.014845 0.010199 -2.19072 -0.006502 -0.022736 -0.050221 0.998458 
69 0.016101 0.009488 -2.18768 -0.007012 -0.025888 -0.051815 0.998296 
70 0.01759 0.009775 -2.18501 -0.006394 -0.029202 -0.052962 0.998149 
71 0.018921 0.010302 -2.18255 -0.006673 -0.032151 -0.054093 0.997996 
72 0.020402 0.00945 -2.17965 -0.007496 -0.035646 -0.055586 0.997789 
73 0.02176 0.009118 -2.17695 -0.006504 -0.039308 -0.057618 0.997543 
74 0.023252 0.010354 -2.17477 -0.005003 -0.043261 -0.060491 0.997218 
75 0.024353 0.0115 -2.17267 -0.005467 -0.046902 -0.063356 0.996873 
76 0.025869 0.010818 -2.16984 -0.007023 -0.05073 -0.066726 0.996456 
77 0.026697 0.010616 -2.16711 -0.006889 -0.053704 -0.069989 0.996077 
78 0.027779 0.011692 -2.16488 -0.006166 -0.057352 -0.07287 0.995672 
79 0.029107 0.01194 -2.16236 -0.00699 -0.062004 -0.075887 0.995162 
80 0.029639 0.012187 -2.15985 -0.007628 -0.066175 -0.079132 0.994636 
81 0.03074 0.013114 -2.15745 -0.008168 -0.070834 -0.082512 0.994036 
82 0.031499 0.013321 -2.1549 -0.010141 -0.075004 -0.085305 0.993476 
83 0.032093 0.01294 -2.15213 -0.011942 -0.079311 -0.087766 0.992907 
84 0.032904 0.013097 -2.14955 -0.01249 -0.083981 -0.090155 0.992302 
85 0.033775 0.013056 -2.1467 -0.012747 -0.08865 -0.092662 0.991661 
86 0.034562 0.013404 -2.14394 -0.01254 -0.092979 -0.09535 0.991013 
87 0.035383 0.013383 -2.14103 -0.012686 -0.096748 -0.098038 0.990388 
88 0.035852 0.013372 -2.13806 -0.012279 -0.100249 -0.101079 0.989739 
89 0.037086 0.013951 -2.13505 -0.011277 -0.104185 -0.104351 0.989004 
90 0.037632 0.0142 -2.13188 -0.011354 -0.107441 -0.107199 0.98835 
91 0.038093 0.01472 -2.12894 -0.011534 -0.111001 -0.108947 0.987763 
92 0.0389 0.014529 -2.12575 -0.012575 -0.115052 -0.11017 0.987151 
93 0.039749 0.014748 -2.12268 -0.013054 -0.119482 -0.111598 0.986458 
94 0.040678 0.014608 -2.11943 -0.014219 -0.124557 -0.113581 0.985588 
95 0.041238 0.013169 -2.11579 -0.015097 -0.129664 -0.116745 0.984545 
96 0.041872 0.013309 -2.11264 -0.01361 -0.134065 -0.12001 0.983585 
97 0.042929 0.013308 -2.10941 -0.013066 -0.138513 -0.123379 0.982559 
98 0.043131 0.0117 -2.10578 -0.012924 -0.142867 -0.126628 0.981523 
99 0.043691 0.01115 -2.1024 -0.010481 -0.147331 -0.129136 0.980565 
100 0.044385 0.011469 -2.09944 -0.008078 -0.151654 -0.13111 0.979666 
101 0.044712 0.01027 -2.09604 -0.006566 -0.156365 -0.133073 0.978672 
102 0.045576 0.010239 -2.0929 -0.003476 -0.161529 -0.134872 0.977602 
103 0.046032 0.010118 -2.09017 -0.001205 -0.16577 -0.136723 0.97664 
104 0.046157 0.009397 -2.08733 0.001003 -0.169706 -0.13824 0.97575 
105 0.046773 0.010054 -2.08488 0.003587 -0.173809 -0.139352 0.974863 
106 0.0469 0.009143 -2.08211 0.004496 -0.17793 -0.140814 0.973906 
107 0.047105 0.008271 -2.07942 0.006271 -0.182404 -0.142102 0.97288 
108 0.047492 0.007939 -2.07686 0.009018 -0.187631 -0.142228 0.971846 
109 0.048003 0.007727 -2.07433 0.011459 -0.193786 -0.141895 0.97066 
110 0.048478 0.007514 -2.07192 0.0136 -0.200018 -0.14156 0.969417 
111 0.048146 0.006802 -2.06949 0.015388 -0.205969 -0.141671 0.968127 
112 0.048515 0.00698 -2.06706 0.017828 -0.212158 -0.141715 0.966741 
113 0.048907 0.007047 -2.06471 0.019578 -0.218162 -0.142156 0.965305 
114 0.048762 0.006375 -2.06212 0.020904 -0.223682 -0.143117 0.963871 
115 0.048985 0.006663 -2.05968 0.02264 -0.229227 -0.143434 0.962481 
116 0.049042 0.006492 -2.05699 0.023712 -0.235801 -0.143738 0.96082 
117 0.049552 0.006371 -2.05402 0.025458 -0.243038 -0.14364 0.958985 
118 0.049677 0.006649 -2.05125 0.027267 -0.249286 -0.144165 0.957251 
119 0.049908 0.006499 -2.04821 0.028274 -0.255835 -0.145183 0.955338 
120 0.049951 0.006459 -2.04513 0.029975 -0.262695 -0.146736 0.953185 
121 0.050046 0.006319 -2.04198 0.031194 -0.269284 -0.147668 0.951161 
122 0.050097 0.006019 -2.0389 0.032363 -0.275585 -0.148208 0.949231 
123 0.050396 0.005709 -2.03559 0.033743 -0.282354 -0.148694 0.947115 
124 0.05067 0.005779 -2.03244 0.03543 -0.288926 -0.149645 0.94492 
125 0.051169 0.005699 -2.02917 0.036351 -0.295073 -0.151119 0.942748 
126 0.051645 0.005199 -2.02597 0.037322 -0.301174 -0.152973 0.940479 
127 0.052187 0.005188 -2.02286 0.038943 -0.307168 -0.153859 0.938328 
128 0.052806 0.005926 -2.02022 0.039416 -0.312728 -0.154953 0.936289 
129 0.053413 0.005705 -2.01742 0.038414 -0.318566 -0.156081 0.934173 
130 0.053744 0.005184 -2.01447 0.037866 -0.324828 -0.156521 0.931963 
131 0.054432 0.005762 -2.01192 0.038174 -0.331099 -0.157681 0.929544 
132 0.055039 0.005101 -2.00886 0.037706 -0.337535 -0.159696 0.926901 
133 0.055554 0.005438 -2.00657 0.038867 -0.343851 -0.161092 0.924286 
134 0.056282 0.006185 -2.00431 0.039313 -0.350762 -0.162547 0.921411 
135 0.057057 0.006432 -2.0018 0.038589 -0.357909 -0.163689 0.918487 
136 0.057526 0.006319 -1.99948 0.037695 -0.364439 -0.163944 0.915907 
137 0.05791 0.006496 -1.9972 0.037638 -0.371686 -0.163208 0.913124 
138 0.058195 0.006953 -1.99493 0.037879 -0.379728 -0.162547 0.909918 
139 0.058241 0.007426 -1.99081 0.035552 -0.394903 -0.161773 0.903669 
140 0.05814 0.007923 -1.98878 0.035076 -0.402849 -0.160416 0.900416 
141 0.057979 0.008369 -1.98689 0.03386 -0.410651 -0.159145 0.897158 
142 0.057514 0.008296 -1.9849 0.032537 -0.417977 -0.158021 0.894017 
143 0.056899 0.008292 -1.98311 0.032068 -0.424836 -0.157142 0.89095 
144 0.056283 0.008099 -1.98119 0.03264 -0.432143 -0.155841 0.887638 
145 0.055588 0.009044 -1.97967 0.034106 -0.439382 -0.154988 0.884171 
146 0.054727 0.009759 -1.97826 0.033984 -0.446021 -0.155091 0.880827 
147 0.053789 0.009856 -1.97648 0.033288 -0.452922 -0.155164 0.877313 
148 0.052868 0.010133 -1.97448 0.03294 -0.459791 -0.155158 0.873746 
149 0.051742 0.010319 -1.97271 0.032698 -0.466118 -0.155128 0.870402 
150 0.050647 0.010546 -1.97081 0.032705 -0.472535 -0.154548 0.867038 
151 0.049554 0.010834 -1.96855 0.033298 -0.479479 -0.153987 0.863296 
152 0.048312 0.011281 -1.96657 0.034016 -0.485948 -0.153572 0.859717 
153 0.046892 0.011489 -1.96455 0.03437 -0.491803 -0.153373 0.856402 
154 0.044033 0.012444 -1.96036 0.034157 -0.501825 -0.152378 0.850756 
155 0.042646 0.012562 -1.95806 0.033237 -0.507633 -0.151901 0.847426 
156 0.041184 0.01303 -1.95604 0.033092 -0.513529 -0.151508 0.843942 
157 0.039538 0.013277 -1.95404 0.032438 -0.519462 -0.152169 0.840209 
158 0.037985 0.013225 -1.95189 0.032009 -0.525278 -0.152622 0.83652 
159 0.036316 0.013313 -1.94996 0.032488 -0.53107 -0.153531 0.832669 
160 0.034539 0.01358 -1.94813 0.03241 -0.53632 -0.155167 0.828995 
161 0.03299 0.013617 -1.9464 0.03147 -0.541485 -0.156224 0.825468 
162 0.031459 0.013644 -1.94447 0.031081 -0.547475 -0.156559 0.821459 
163 0.029872 0.013881 -1.9425 0.030616 -0.553619 -0.157342 0.817197 
164 0.028428 0.013998 -1.9407 0.029469 -0.559349 -0.157673 0.813265 
165 0.026912 0.013676 -1.9385 0.028724 -0.565228 -0.156917 0.809364 
166 0.02545 0.014282 -1.93703 0.029071 -0.570642 -0.156589 0.805607 
167 0.023992 0.014498 -1.93555 0.028021 -0.575722 -0.15716 0.80191 
168 0.022866 0.014684 -1.93382 0.027681 -0.581013 -0.156639 0.798199 
169 0.021834 0.015459 -1.93237 0.027809 -0.586524 -0.15607 0.794266 
170 0.020664 0.016033 -1.93129 0.026395 -0.591773 -0.156031 0.790419 
171 0.019701 0.016537 -1.93034 0.024218 -0.596785 -0.155462 0.786824 
172 0.018868 0.017051 -1.92929 0.022388 -0.602266 -0.153781 0.783024 
173 0.018005 0.017645 -1.92819 0.020645 -0.608238 -0.151912 0.778808 
174 0.017162 0.018127 -1.92758 0.018603 -0.613756 -0.150253 0.774843 
175 0.016557 0.01875 -1.92673 0.016782 -0.619828 -0.148133 0.770447 
176 0.015974 0.019333 -1.92603 0.014916 -0.626076 -0.146658 0.765701 
177 0.015488 0.019716 -1.92527 0.013289 -0.632284 -0.145132 0.760905 
178 0.015058 0.020218 -1.92444 0.011997 -0.638633 -0.142992 0.756014 
179 0.014523 0.02057 -1.92401 0.010258 -0.644741 -0.141045 0.751206 
180 0.014041 0.020802 -1.92355 0.008554 -0.650866 -0.139104 0.746291 
181 0.013643 0.021113 -1.9234 0.007559 -0.657228 -0.137007 0.741096 
182 0.012908 0.021655 -1.92288 0.005559 -0.670781 -0.133403 0.729538 
183 0.01261 0.021906 -1.92268 0.005961 -0.677912 -0.131445 0.723272 
184 0.012083 0.022229 -1.92172 0.005877 -0.68473 -0.130273 0.717035 
185 0.01174 0.022384 -1.92044 0.005176 -0.691245 -0.13031 0.710755 
186 0.011514 0.022628 -1.91912 0.004453 -0.697586 -0.130221 0.704554 
187 0.011332 0.022892 -1.91776 0.003045 -0.703694 -0.131228 0.698273 
188 0.011325 0.022758 -1.91624 0.001856 -0.709725 -0.132929 0.691821 
189 0.011607 0.022882 -1.91486 0.003146 -0.716 -0.133489 0.685212 
190 0.011692 0.023147 -1.9131 0.004654 -0.722267 -0.133428 0.678606 
191 0.011702 0.023242 -1.91156 0.004535 -0.727905 -0.13406 0.67243 
192 0.011846 0.023287 -1.91018 0.004056 -0.733217 -0.134583 0.666531 
193 0.012062 0.02343 -1.90901 0.003882 -0.738535 -0.134352 0.660682 
194 0.012218 0.023653 -1.90801 0.003479 -0.743536 -0.133919 0.655139 
195 0.012424 0.023976 -1.90708 0.002696 -0.748351 -0.133334 0.649758 
196 0.012649 0.024099 -1.90607 0.001797 -0.753339 -0.133107 0.644018 
197 0.012919 0.0243 -1.90563 0.00144 -0.757969 -0.132332 0.638725 
198 0.013137 0.024623 -1.9048 0.000888 -0.762468 -0.131148 0.633595 
199 0.01326 0.024776 -1.90398 -0.000487 -0.766842 -0.130385 0.628453 
200 0.013532 0.024897 -1.90358 -0.001444 -0.771208 -0.129443 0.623283 
201 0.013633 0.024858 -1.9032 -0.001959 -0.775432 -0.128321 0.618252 
202 0.01375 0.02484 -1.90263 -0.002372 -0.779686 -0.126897 0.613174 
203 0.013817 0.024761 -1.90205 -0.00262 -0.783727 -0.125352 0.608319 
204 0.013814 0.024492 -1.90188 -0.003185 -0.787649 -0.123789 0.603552 
205 0.013911 0.024383 -1.90153 -0.003251 -0.79182 -0.12134 0.59857 
206 0.013901 0.024344 -1.9014 -0.003042 -0.795722 -0.118725 0.593904 
207 0.013872 0.024443 -1.90143 -0.003755 -0.799384 -0.116251 0.589454 
208 0.013755 0.024354 -1.90124 -0.005073 -0.802954 -0.114763 0.584866 
209 0.013751 0.024224 -1.90138 -0.006264 -0.806302 -0.113595 0.58046 
210 0.01373 0.023962 -1.90188 -0.007434 -0.809504 -0.112101 0.576265 
211 0.013758 0.023961 -1.90217 -0.008406 -0.81283 -0.110106 0.571938 
212 0.013776 0.023889 -1.90269 -0.009308 -0.815795 -0.108627 0.567972 
213 0.013682 0.023508 -1.9031 -0.010146 -0.818543 -0.107412 0.564223 
214 0.0136 0.023216 -1.90362 -0.010482 -0.821293 -0.10557 0.560556 
215 0.013452 0.022875 -1.90407 -0.010806 -0.824216 -0.103575 0.556617 
216 0.01335 0.022504 -1.90458 -0.011187 -0.827182 -0.101398 0.552597 
217 0.013237 0.022103 -1.90499 -0.011307 -0.830025 -0.099256 0.548706 
218 0.013137 0.021721 -1.90557 -0.010938 -0.832913 -0.097218 0.544688 
219 0.013057 0.021529 -1.90596 -0.010077 -0.835622 -0.095006 0.540933 
220 0.012883 0.021128 -1.90652 -0.008774 -0.838118 -0.093159 0.537403 
221 0.012576 0.020576 -1.90721 -0.007567 -0.840322 -0.091034 0.534336 
222 0.012293 0.020344 -1.90785 -0.007104 -0.842507 -0.088434 0.531329 
223 0.011948 0.019772 -1.90867 -0.007289 -0.844798 -0.08603 0.528075 
224 0.01166 0.019389 -1.90949 -0.006945 -0.847357 -0.083362 0.524394 
225 0.011262 0.018987 -1.91028 -0.006804 -0.849858 -0.080977 0.520709 
226 0.010905 0.018555 -1.91108 -0.006252 -0.852221 -0.078287 0.517254 
227 0.010503 0.018442 -1.91205 -0.005809 -0.854137 -0.075524 0.514503 
228 0.010041 0.018049 -1.91306 -0.006043 -0.85575 -0.073378 0.512123 
229 0.009508 0.017466 -1.91412 -0.006334 -0.857586 -0.071032 0.509374 
230 0.008986 0.016923 -1.9151 -0.005963 -0.859355 -0.068551 0.50673 
231 0.008388 0.016471 -1.91584 -0.004938 -0.861075 -0.065806 0.504178 
232 0.007785 0.016017 -1.91711 -0.003644 -0.862446 -0.063033 0.502196 
233 0.007158 0.015705 -1.91808 -0.002277 -0.863597 -0.060764 0.500503 
234 0.006447 0.015142 -1.9192 0.000597 0.864582 0.058818 -0.499038 
235 0.005674 0.014709 -1.92023 -0.000379 0.865451 0.056632 -0.497782 
236 0.003886 0.012883 -1.92257 -0.003463 0.867124 0.052695 -0.495284 
237 0.002928 0.01207 -1.92374 -0.005311 0.868122 0.049864 -0.493812 
238 0.001871 0.010766 -1.92504 -0.007506 0.869243 0.047048 -0.492084 
239 0.000821 0.009943 -1.92603 -0.009869 0.870354 0.04321 -0.490427 
240 -0.000236 0.009211 -1.92711 -0.01238 0.871379 0.039255 -0.48888 
241 -0.001272 0.008377 -1.92863 -0.014574 0.872062 0.035609 -0.487881 
242 -0.002407 0.007443 -1.92987 -0.016421 0.872693 0.032017 -0.486942 
243 -0.003418 0.00689 -1.93125 -0.017444 0.873123 0.028641 -0.486346 
244 -0.004542 0.005966 -1.93275 -0.017451 0.87377 0.025757 -0.485343 
245 -0.005639 0.004872 -1.93414 -0.017836 0.874542 0.022515 -0.484098 
246 -0.006733 0.003867 -1.93584 -0.018512 0.875302 0.018945 -0.48285 
247 -0.007689 0.003133 -1.93747 -0.01982 0.875966 0.015283 -0.481724 
248 -0.008712 0.002229 -1.93893 -0.020742 0.876638 0.011846 -0.480557 
249 -0.009805 0.000895 -1.94049 -0.021733 0.877518 0.008391 -0.478977 
250 -0.010802 -0.000129 -1.94214 -0.023285 0.878608 0.004496 -0.476954 
251 -0.011676 -0.001164 -1.94389 -0.025244 0.879686 0.001216 -0.474883 
252 -0.012662 -0.002299 -1.94549 -0.027259 0.880907 -0.002075 -0.472498 
253 -0.01369 -0.003223 -1.94699 -0.029578 0.882066 -0.005793 -0.470162 
254 -0.014584 -0.004087 -1.94851 -0.031827 0.88312 -0.009342 -0.467972 
255 -0.015561 -0.005111 -1.94999 -0.033867 0.884267 -0.012884 -0.465573 
256 -0.016376 -0.005996 -1.95162 -0.035779 0.885366 -0.015467 -0.463259 
257 -0.017276 -0.00686 -1.95321 -0.03685 0.886492 -0.01758 -0.460939 
258 -0.018257 -0.008004 -1.95467 -0.037811 0.887806 -0.020395 -0.458208 
259 -0.019091 -0.008699 -1.95625 -0.039586 0.889188 -0.02369 -0.45521 
260 -0.019925 -0.009393 -1.95787 -0.041177 0.890394 -0.026272 -0.452562 
261 -0.020829 -0.010278 -1.95942 -0.042281 0.891756 -0.0283 -0.449647 
262 -0.021774 -0.011132 -1.96105 -0.043166 0.893351 -0.030521 -0.44624 
263 -0.02266 -0.011346 -1.96238 -0.04476 0.894991 -0.033594 -0.44256 
264 -0.023406 -0.01176 -1.96398 -0.046623 0.896357 -0.035599 -0.439436 
265 -0.024301 -0.012505 -1.96567 -0.047502 0.897676 -0.036464 -0.436568 
266 -0.025161 -0.01295 -1.96742 -0.048515 0.899131 -0.037958 -0.433324 
267 -0.026044 -0.013193 -1.9688 -0.050078 0.900518 -0.03993 -0.430075 
268 -0.026887 -0.013518 -1.97045 -0.051926 0.901529 -0.042231 -0.427511 
269 -0.027541 -0.014154 -1.9726 -0.052878 0.902399 -0.043947 -0.425381 
270 -0.028455 -0.014759 -1.97426 -0.052919 0.903658 -0.045055 -0.422579 
271 -0.029316 -0.015234 -1.97614 -0.05294 0.905054 -0.047322 -0.419328 
272 -0.030179 -0.015429 -1.97775 -0.053516 0.906535 -0.049314 -0.41581 
273 -0.030697 -0.015455 -1.9797 -0.054048 0.907785 -0.050444 -0.412869 
274 -0.031486 -0.01557 -1.98142 -0.054487 0.909136 -0.05139 -0.409709 
275 -0.032356 -0.015694 -1.98295 -0.055109 0.910396 -0.052868 -0.406629 
276 -0.033127 -0.015789 -1.98459 -0.05632 0.911461 -0.054491 -0.403854 
277 -0.033792 -0.015744 -1.98625 -0.05731 0.912455 -0.055446 -0.401332 
278 -0.034548 -0.016198 -1.98794 -0.05747 0.913452 -0.05587 -0.398974 
279 -0.035303 -0.016463 -1.98954 -0.057679 0.914602 -0.05662 -0.396196 
280 -0.036158 -0.016798 -1.9912 -0.057828 0.915983 -0.057316 -0.392869 
281 -0.037062 -0.017112 -1.99274 -0.058127 0.917594 -0.05777 -0.38898 
282 -0.037852 -0.017256 -1.99423 -0.057768 0.919345 -0.057939 -0.384852 
283 -0.038838 -0.017441 -1.99594 -0.057528 0.921229 -0.057858 -0.380368 
284 -0.03975 -0.017466 -1.99783 -0.057249 0.923077 -0.057736 -0.375923 
285 -0.040784 -0.01737 -1.99946 -0.056257 0.924924 -0.057674 -0.371515 
286 -0.041825 -0.017276 -2.00144 -0.054868 0.92682 -0.057794 -0.366951 
287 -0.04356 -0.016989 -2.00272 -0.05279 0.928918 -0.057446 -0.361974 
288 -0.044943 -0.016804 -2.00466 -0.050841 0.930753 -0.05726 -0.357542 
289 -0.046439 -0.016529 -2.00636 -0.04906 0.93252 -0.05818 -0.353008 
290 -0.048071 -0.015852 -2.00788 -0.047957 0.934306 -0.05825 -0.348395 
291 -0.049728 -0.015306 -2.00947 -0.046708 0.935981 -0.057053 -0.344243 
292 -0.051683 -0.015241 -2.01136 -0.044694 0.937533 -0.056756 -0.340312 
293 -0.053778 -0.015164 -2.01291 -0.043337 0.939034 -0.05735 -0.336227 
294 -0.055904 -0.014968 -2.01444 -0.042404 0.940537 -0.057648 -0.332066 
295 -0.058073 -0.014791 -2.01588 -0.04199 0.942004 -0.05761 -0.327942 
296 -0.060218 -0.014605 -2.01743 -0.041785 0.943437 -0.056609 -0.324 
297 -0.062644 -0.014757 -2.01882 -0.040694 0.944959 -0.055293 -0.319905 
298 -0.06504 -0.01451 -2.02033 -0.03935 0.946482 -0.054516 -0.315676 
299 -0.067469 -0.014654 -2.02183 -0.037851 0.947946 -0.053308 -0.311648 
300 -0.070025 -0.014986 -2.02328 -0.035908 0.949419 -0.052289 -0.307538 
301 -0.072432 -0.01497 -2.02491 -0.034822 0.950889 -0.051466 -0.30323 
302 -0.074941 -0.014773 -2.02628 -0.034546 0.952321 -0.050326 -0.29893 
303 -0.077504 -0.015156 -2.02789 -0.034544 0.953755 -0.048932 -0.294558 
304 -0.080147 -0.015489 -2.02925 -0.034866 0.95527 -0.048203 -0.28969 
305 -0.082658 -0.015572 -2.03079 -0.035569 0.956677 -0.048133 -0.284932 
306 -0.085077 -0.015004 -2.03204 -0.036625 0.957965 -0.047836 -0.280489 
307 -0.087574 -0.014707 -2.03336 -0.03715 0.959276 -0.046621 -0.276107 
308 -0.090158 -0.0149 -2.03477 -0.037349 0.960602 -0.045322 -0.271652 
309 -0.093013 -0.01491 -2.0357 -0.037263 0.961951 -0.045159 -0.266875 
310 -0.095444 -0.014472 -2.03683 -0.037258 0.963257 -0.045012 -0.262148 
311 -0.097851 -0.014204 -2.03796 -0.036451 0.964641 -0.044472 -0.257218 
312 -0.100614 -0.013855 -2.0388 -0.035315 0.966173 -0.044263 -0.2516 
313 -0.102986 -0.012836 -2.03964 -0.03448 0.967673 -0.04369 -0.245991 
314 -0.10552 -0.012097 -2.04036 -0.034379 0.969104 -0.042675 -0.240486 
315 -0.10764 -0.011148 -2.0413 -0.034711 0.970242 -0.041574 -0.236004 
316 -0.109765 -0.010379 -2.04204 -0.03447 0.971293 -0.039542 -0.23203 
317 -0.111769 -0.010111 -2.04324 -0.033709 0.972216 -0.037862 -0.228531 
318 -0.113815 -0.009923 -2.04438 -0.032644 0.973066 -0.03727 -0.225139 
319 -0.115429 -0.009206 -2.04567 -0.031576 0.973813 -0.036974 -0.222088 
320 -0.117051 -0.007938 -2.04671 -0.030599 0.974502 -0.03615 -0.219325 
321 -0.118827 -0.007661 -2.04799 -0.029169 0.975203 -0.034642 -0.216629 
322 -0.120535 -0.007205 -2.04951 -0.028249 0.975963 -0.033674 -0.213459 
323 -0.122148 -0.006358 -2.0509 -0.027884 0.97673 -0.032886 -0.210092 
324 -0.123478 -0.005482 -2.05242 -0.027532 0.97742 -0.031736 -0.207088 
325 -0.125193 -0.004976 -2.05405 -0.027055 0.97809 -0.0305 -0.20415 
326 -0.126721 -0.00437 -2.05546 -0.026474 0.978566 -0.02963 -0.202062 
327 -0.128216 -0.003684 -2.0572 -0.025898 0.97891 -0.02852 -0.200627 
328 -0.129657 -0.002949 -2.05895 -0.025047 0.979193 -0.027451 -0.199499 
329 -0.131059 -0.002494 -2.06094 -0.024331 0.979484 -0.026331 -0.198309 
330 -0.132441 -0.001739 -2.06284 -0.023852 0.979769 -0.025128 -0.197111 
331 -0.133693 -0.001626 -2.06531 -0.023439 0.979995 -0.023568 -0.196226 
332 -0.135143 -0.001352 -2.06761 -0.023587 0.98021 -0.022505 -0.195259 
333 -0.136379 0.000282 -2.06953 -0.024282 0.980326 -0.021343 -0.194718 
334 -0.137599 0.000265 -2.07213 -0.024191 0.980371 -0.018215 -0.19482 
335 -0.138896 -0.000285 -2.07551 -0.024098 0.980484 -0.015788 -0.194476 
336 -0.140184 -3.1e-05 -2.0779 -0.024145 0.980688 -0.014088 -0.19357 
337 -0.141549 -0.000479 -2.08061 -0.023911 0.980988 -0.012281 -0.192197 
338 -0.142907 -0.001027 -2.08338 -0.023362 0.98127 -0.011509 -0.190869 
339 -0.144258 -0.001214 -2.0859 -0.022846 0.981556 -0.011548 -0.189451 
340 -0.145548 -0.000962 -2.08855 -0.023216 0.981815 -0.011631 -0.188058 
341 -0.14662 -0.000339 -2.09113 -0.023709 0.981912 -0.011294 -0.187506 
342 -0.147658 -0.000439 -2.09441 -0.023492 0.982007 -0.009877 -0.187115 
343 -0.148682 -0.000818 -2.09754 -0.022987 0.982179 -0.008671 -0.186337 
344 -0.149702 -0.000897 -2.10032 -0.022996 0.982374 -0.008332 -0.185317 
345 -0.150693 -0.000685 -2.10324 -0.022898 0.982507 -0.008432 -0.184622 
346 -0.151655 -0.000293 -2.10575 -0.022824 0.982576 -0.008101 -0.184279 
347 -0.15258 7.9e-05 -2.1086 -0.022103 0.982592 -0.007413 -0.184308 
348 -0.153263 0.000389 -2.11183 -0.021226 0.982591 -0.006427 -0.184453 
349 -0.154017 0.000941 -2.1146 -0.020221 0.982619 -0.005519 -0.184447 
350 -0.154803 0.001261 -2.11769 -0.019182 0.982689 -0.004179 -0.184219 
351 -0.155528 0.001523 -2.12049 -0.018227 0.982778 -0.002985 -0.183863 
352 -0.156519 0.001244 -2.12338 -0.017135 0.98295 -0.002175 -0.183062 
353 -0.157245 0.001367 -2.12579 -0.016429 0.983115 -0.002372 -0.182237 
354 -0.157948 0.001499 -2.12846 -0.015611 0.98332 -0.002531 -0.181195 
355 -0.15875 0.001231 -2.13114 -0.014197 0.983651 -0.00273 -0.179506 
356 -0.159756 0.001115 -2.13327 -0.013109 0.984068 -0.003725 -0.177269 
357 -0.160208 0.002077 -2.13579 -0.01276 0.984407 -0.005016 -0.175369 
358 -0.160241 0.00303 -2.13808 -0.012061 0.98475 -0.004485 -0.173497 
359 -0.160784 0.003143 -2.14033 -0.010759 0.985263 -0.002871 -0.170685 
360 -0.161264 0.003134 -2.14315 -0.009979 0.985886 -0.002086 -0.167108 
361 -0.161783 0.003878 -2.1452 -0.009726 0.986565 -0.001735 -0.163071 
362 -0.16195 0.004261 -2.1476 -0.009825 0.987199 -0.000625 -0.15919 
363 -0.162703 0.003753 -2.15008 -0.009702 0.987817 0.000173 -0.155316 
364 -0.163271 0.003656 -2.15255 -0.010141 0.988369 -0.000787 -0.151732 
365 -0.16327 0.004909 -2.15487 -0.010979 0.988879 -0.001854 -0.148305 
366 -0.163515 0.005461 -2.15728 -0.011077 0.989504 -0.000883 -0.144079 
367 -0.164003 0.005494 -2.15951 -0.011218 0.990175 6.1e-05 -0.139386 
368 -0.164521 0.005178 -2.16172 -0.011333 0.990833 0.00053 -0.134617 
369 -0.165244 0.004589 -2.16448 -0.011106 0.991508 0.000263 -0.12957 
370 -0.165572 0.00462 -2.16739 -0.010835 0.99215 -0.001013 -0.124578 
371 -0.165988 0.004202 -2.17016 -0.010277 0.992783 -0.002247 -0.119465 
372 -0.166826 0.003825 -2.17249 -0.009842 0.993387 -0.004356 -0.114309 
373 -0.167359 0.005009 -2.17437 -0.009565 0.993921 -0.006989 -0.109453 
374 -0.167866 0.005542 -2.17673 -0.008722 0.994366 -0.007872 -0.105344 
375 -0.168883 0.004475 -2.17916 -0.007309 0.994761 -0.008214 -0.101637 
376 -0.169129 0.004937 -2.18189 -0.006106 0.995086 -0.010641 -0.098253 
377 -0.16964 0.00597 -2.18426 -0.005725 0.995463 -0.012135 -0.094203 
378 -0.170362 0.005761 -2.18715 -0.00555 0.995879 -0.012032 -0.089717 
379 -0.171252 0.005765 -2.18924 -0.005421 0.996249 -0.012635 -0.085438 
380 -0.171716 0.006146 -2.19221 -0.004607 0.996517 -0.013185 -0.082209 
381 -0.172537 0.00599 -2.1944 -0.00317 0.996798 -0.013304 -0.078778 
382 -0.173782 0.005722 -2.19702 -0.001813 0.9971 -0.013748 -0.074824 
383 -0.17508 0.005366 -2.19932 -0.000686 0.997356 -0.014529 -0.0712 
384 -0.175718 0.005237 -2.20219 0.00014 0.997569 -0.015173 -0.068009 
385 -0.176765 0.004699 -2.20486 0.000746 0.997801 -0.015491 -0.064434 
386 -0.178353 0.003964 -2.20694 0.001273 0.99802 -0.016514 -0.060671 
387 -0.179272 0.003555 -2.20973 0.001165 0.998175 -0.018038 -0.057613 
388 -0.180783 0.003239 -2.21198 0.000997 0.998315 -0.019289 -0.054713 
389 -0.182395 0.002173 -2.21436 0.001176 0.998435 -0.020145 -0.05216 
390 -0.183748 0.001566 -2.21688 0.001029 0.998507 -0.021977 -0.05 
391 -0.184721 0.001259 -2.21929 0.001445 0.998537 -0.023606 -0.048616 
392 -0.186021 0.000722 -2.22161 0.002035 0.998579 -0.024996 -0.047026 
393 -0.18799 -0.000165 -2.22429 0.002942 0.998625 -0.026164 -0.045336 
394 -0.188866 -0.001094 -2.22715 0.00344 0.998612 -0.027581 -0.044748 
395 -0.190201 -0.001769 -2.22922 0.003683 0.998606 -0.029674 -0.0435 
396 -0.191479 -0.001287 -2.23173 0.00361 0.9986 -0.032106 -0.041878 
397 -0.192553 -0.001193 -2.23393 0.003066 0.998637 -0.03319 -0.040174 
398 -0.193854 -0.00245 -2.23648 0.002849 0.998711 -0.033704 -0.037845 
399 -0.194805 -0.002617 -2.23878 0.002691 0.99873 -0.035824 -0.035333 
400 -0.196013 -0.002993 -2.24096 0.002231 0.99877 -0.037319 -0.032579 
401 -0.197139 -0.00374 -2.24324 0.002344 0.99877 -0.03924 -0.030233 
402 -0.197428 -0.004278 -2.24585 0.002569 0.99872 -0.042004 -0.028078 
403 -0.198508 -0.003962 -2.24759 0.001985 0.998667 -0.045042 -0.025146 
404 -0.199192 -0.00548 -2.25005 0.000686 0.998654 -0.046426 -0.023134 
405 -0.200097 -0.005615 -2.2518 4.4e-05 0.998557 -0.049224 -0.021465 
406 -0.200521 -0.005781 -2.25391 -0.000164 0.998481 -0.051386 -0.019899 
407 -0.201133 -0.005867 -2.25599 -0.000182 0.998457 -0.05254 -0.017999 
408 -0.201497 -0.007094 -2.25814 0.000388 0.998449 -0.053262 -0.016189 
409 -0.201857 -0.0076 -2.26017 0.000811 0.998355 -0.055531 -0.014258 
410 -0.202373 -0.008257 -2.26235 0.000628 0.998251 -0.057729 -0.012753 
411 -0.203066 -0.008403 -2.26437 0.000707 0.998169 -0.059401 -0.011353 
412 -0.203327 -0.008619 -2.26653 0.001244 0.998123 -0.060413 -0.009943 
413 -0.203624 -0.009567 -2.26905 0.002411 0.998113 -0.06077 -0.008477 
414 -0.204009 -0.009714 -2.27119 0.003967 0.998053 -0.061881 -0.00667 
415 -0.204762 -0.010371 -2.27359 0.005835 0.997982 -0.063098 -0.004133 
416 -0.205759 -0.011388 -2.27603 0.006825 0.997873 -0.06482 -0.001304 
417 -0.206168 -0.012677 -2.27877 0.006939 0.997701 -0.067409 0.000728 
418 -0.206216 -0.012555 -2.28126 0.006452 0.997483 -0.070584 0.002207 
419 -0.206677 -0.013233 -2.28407 0.005996 0.997374 -0.072097 0.003291 
420 -0.206227 -0.014013 -2.28687 0.005725 0.997276 -0.073459 0.003301 
421 -0.207061 -0.01463 -2.28945 0.00548 0.997176 -0.074815 0.003603 
422 -0.207332 -0.01571 -2.29247 0.005246 0.99708 -0.07613 0.003007 
423 -0.207031 -0.016 -2.29554 0.004434 0.996861 -0.079024 0.00185 
424 -0.206822 -0.016089 -2.29845 0.002834 0.996726 -0.080806 0.000456 
425 -0.206856 -0.015758 -2.30127 0.001161 0.996684 -0.08136 -0.000998 
426 -0.205251 -0.01645 -2.30465 -0.000413 0.996671 -0.081452 -0.003468 
427 -0.20476 -0.01661 -2.30783 -0.001743 0.996614 -0.082063 -0.004905 
428 -0.205184 -0.0169 -2.31079 -0.00262 0.996583 -0.082376 -0.005523 
429 -0.204745 -0.017792 -2.31432 -0.002581 0.996565 -0.082508 -0.006646 
430 -0.204629 -0.018241 -2.31726 -0.002213 0.99646 -0.08374 -0.007042 
431 -0.204777 -0.018571 -2.32057 -0.002126 0.996323 -0.085327 -0.007471 
432 -0.204441 -0.018961 -2.32364 -0.001632 0.996223 -0.086369 -0.008828 
433 -0.204584 -0.020392 -2.32707 -0.000633 0.996169 -0.086944 -0.009339 
434 -0.203785 -0.020813 -2.33025 -0.000371 0.995951 -0.089336 -0.010027 
435 -0.203108 -0.021062 -2.33309 -0.001177 0.99568 -0.092204 -0.010905 
436 -0.201961 -0.021393 -2.33631 -0.002547 0.99551 -0.093804 -0.012385 
437 -0.199709 -0.021855 -2.3394 -0.004322 0.995317 -0.09554 -0.014041 
438 -0.199088 -0.022104 -2.34208 -0.005499 0.995087 -0.097726 -0.014886 
439 -0.198396 -0.022672 -2.34472 -0.006686 0.994845 -0.099887 -0.016185 
440 -0.198191 -0.022341 -2.34743 -0.007128 0.99456 -0.102472 -0.017289 
441 -0.197977 -0.021779 -2.3498 -0.007447 0.994325 -0.10449 -0.018559 
442 -0.197798 -0.021757 -2.35243 -0.007334 0.994189 -0.105504 -0.020064 
443 -0.197852 -0.022566 -2.35521 -0.006955 0.994181 -0.105431 -0.020963 
444 -0.19785 -0.022735 -2.35794 -0.007105 0.994225 -0.10496 -0.021199 
445 -0.197936 -0.023293 -2.36043 -0.007114 0.99434 -0.10388 -0.021132 
446 -0.197541 -0.023361 -2.36295 -0.007166 0.99426 -0.104548 -0.021595 
447 -0.196993 -0.022319 -2.36516 -0.007731 0.994134 -0.105576 -0.02215 
448 -0.197351 -0.023375 -2.37027 -0.006102 0.994172 -0.105232 -0.022611 
449 -0.197243 -0.023094 -2.37278 -0.005229 0.993922 -0.107498 -0.02315 
450 -0.197588 -0.02186 -2.37491 -0.004649 0.993661 -0.109804 -0.02366 
451 -0.197681 -0.021247 -2.37724 -0.003839 0.993397 -0.111929 -0.024872 
452 -0.198155 -0.021816 -2.38007 -0.003543 0.993235 -0.113168 -0.025777 
453 -0.198699 -0.023055 -2.38305 -0.002891 0.99325 -0.112901 -0.026448 
454 -0.199178 -0.024063 -2.3858 -0.002382 0.993191 -0.113351 -0.026787 
455 -0.199648 -0.023771 -2.38825 -0.002634 0.992944 -0.115377 -0.027262 
456 -0.200433 -0.024549 -2.39105 -0.002331 0.992766 -0.116824 -0.027602 
457 -0.20144 -0.024687 -2.39366 -0.0022 0.992437 -0.119693 -0.027176 
458 -0.201676 -0.024846 -2.39657 -0.003119 0.992168 -0.121948 -0.026851 
459 -0.202502 -0.025155 -2.39942 -0.003624 0.991989 -0.123442 -0.026588 
460 -0.202811 -0.024332 -2.40189 -0.003762 0.991578 -0.126624 -0.026915 
461 -0.20332 -0.024511 -2.40483 -0.004375 0.99128 -0.128873 -0.027124 
462 -0.204207 -0.023879 -2.40739 -0.005535 0.991014 -0.13077 -0.027567 
463 -0.204895 -0.024338 -2.41046 -0.00668 0.990763 -0.13234 -0.028807 
464 -0.206336 -0.025647 -2.41375 -0.007414 0.990667 -0.132893 -0.029391 
465 -0.207591 -0.026866 -2.41689 -0.007892 0.990659 -0.132763 -0.030114 
466 -0.208728 -0.028066 -2.42004 -0.007814 0.990568 -0.133186 -0.03125 
467 -0.20955 -0.028464 -2.42291 -0.007565 0.990293 -0.134937 -0.032485 
468 -0.211211 -0.031224 -2.42634 -0.00739 0.990246 -0.135261 -0.0326 
469 -0.21167 -0.030902 -2.429 -0.008394 0.989685 -0.13896 -0.033803 
470 -0.212548 -0.032081 -2.43205 -0.009766 0.9888 -0.144651 -0.035429 
471 -0.213537 -0.03172 -2.43506 -0.011606 0.987955 -0.149697 -0.037421 
472 -0.215355 -0.032228 -2.43783 -0.012724 0.987607 -0.151543 -0.038811 
473 -0.216695 -0.033586 -2.44062 -0.01335 0.987327 -0.152919 -0.040274 
474 -0.217837 -0.035264 -2.44351 -0.014118 0.986812 -0.155846 -0.041402 
475 -0.218593 -0.037254 -2.44654 -0.01523 0.986474 -0.157567 -0.042549 
476 -0.219655 -0.039421 -2.44915 -0.015207 0.986339 -0.158209 -0.043292 
477 -0.221083 -0.040398 -2.4517 -0.014943 0.986101 -0.159841 -0.042798 
478 -0.221957 -0.041346 -2.45432 -0.014929 0.985813 -0.161815 -0.042023 
479 -0.222926 -0.042103 -2.45673 -0.015184 0.985618 -0.163286 -0.040806 
480 -0.224046 -0.043151 -2.45929 -0.015307 0.985425 -0.16481 -0.039254 
481 -0.224764 -0.042467 -2.46142 -0.015249 0.984937 -0.167975 -0.03808 
482 -0.225304 -0.042883 -2.46342 -0.015568 0.984712 -0.169535 -0.036844 
483 -0.225584 -0.043139 -2.46523 -0.015997 0.984622 -0.170241 -0.035788 
484 -0.22584 -0.043795 -2.46722 -0.015877 0.984572 -0.170806 -0.034514 
485 -0.22637 -0.044861 -2.46926 -0.015309 0.984466 -0.171785 -0.032891 
486 -0.226684 -0.045598 -2.47142 -0.014716 0.984306 -0.173116 -0.030906 
487 -0.226935 -0.045223 -2.47329 -0.01441 0.984015 -0.175198 -0.02851 
488 -0.22711 -0.04596 -2.47529 -0.014594 0.98388 -0.17633 -0.025982 
489 -0.228036 -0.046245 -2.47726 -0.013729 0.983903 -0.176749 -0.022491 
490 -0.22762 -0.047172 -2.47921 -0.013138 0.983946 -0.176972 -0.018938 
491 -0.227878 -0.047308 -2.48114 -0.01303 0.983853 -0.177922 -0.014402 
492 -0.227348 -0.048304 -2.48308 -0.012697 0.983818 -0.178404 -0.010633 
493 -0.228496 -0.04786 -2.48522 -0.012199 0.98355 -0.18013 -0.005728 
494 -0.229888 -0.047977 -2.48763 -0.011213 0.983296 -0.181665 -0.000919 
495 -0.230108 -0.047413 -2.48954 -0.010534 0.983065 -0.18293 0.002949 
496 -0.228815 -0.045598 -2.49085 -0.010458 0.982834 -0.184119 0.005285 
497 -0.22823 -0.045785 -2.49302 -0.010277 0.982836 -0.184032 0.007778 
498 -0.227304 -0.046333 -2.4953 -0.010292 0.982832 -0.183961 0.009702 
499 -0.228158 -0.0443 -2.49775 -0.009618 0.982293 -0.186667 0.01281 
500 -0.229128 -0.043518 -2.50058 -0.008786 0.981706 -0.189516 0.016093 
501 -0.228466 -0.044638 -2.50334 -0.009303 0.981553 -0.190057 0.018574 
502 -0.227835 -0.045235 -2.50561 -0.009328 0.981488 -0.190125 0.02113 
503 -0.227553 -0.046424 -2.50832 -0.008689 0.981503 -0.189732 0.024061 
504 -0.227788 -0.047441 -2.51073 -0.007289 0.981441 -0.189634 0.027568 
505 -0.228463 -0.046309 -2.51331 -0.005985 0.981143 -0.190578 0.031666 
506 -0.228195 -0.046268 -2.51606 -0.004865 0.980901 -0.191216 0.035312 
507 -0.22715 -0.045715 -2.51814 -0.004091 0.98053 -0.192527 0.038448 
508 -0.226854 -0.046773 -2.52049 -0.0024 0.980052 -0.194155 0.04237 
509 -0.226889 -0.047341 -2.52313 -0.001082 0.979802 -0.194549 0.046235 
510 -0.226621 -0.04798 -2.52596 -5.3e-05 0.979632 -0.194687 0.04917 
511 -0.223875 -0.049402 -2.52879 0.001924 0.97946 -0.195283 0.050194 
512 -0.223264 -0.049412 -2.53193 0.003339 0.979151 -0.196256 0.05231 
513 -0.221732 -0.048812 -2.53467 0.004799 0.978894 -0.197117 0.053745 
514 -0.219224 -0.048272 -2.5373 0.006793 0.978583 -0.198403 0.054455 
515 -0.217091 -0.048591 -2.53972 0.008257 0.978383 -0.199035 0.055525 
516 -0.21526 -0.04938 -2.54224 0.009723 0.978109 -0.200034 0.056515 
517 -0.213951 -0.05002 -2.54488 0.011364 0.977808 -0.201116 0.057574 
518 -0.213132 -0.049678 -2.54731 0.011763 0.977483 -0.202288 0.058897 
519 -0.212137 -0.050816 -2.54948 0.012767 0.977308 -0.202632 0.06038 
520 -0.211604 -0.052894 -2.55186 0.014321 0.977104 -0.202857 0.062548 
521 -0.210819 -0.053362 -2.55413 0.014622 0.976919 -0.202991 0.064893 
522 -0.210551 -0.0534 -2.55658 0.015045 0.97683 -0.2025 0.067602 
523 -0.209968 -0.053608 -2.55887 0.015813 0.976844 -0.201475 0.070232 
524 -0.209415 -0.054195 -2.56106 0.016728 0.976863 -0.2002 0.073344 
525 -0.208864 -0.054401 -2.56293 0.018297 0.976816 -0.199009 0.076756 
526 -0.207868 -0.054658 -2.56473 0.020297 0.976897 -0.196989 0.080343 
527 -0.207203 -0.053774 -2.56661 0.022902 0.976901 -0.195215 0.083852 
528 -0.207442 -0.05371 -2.56847 0.0247 0.976911 -0.193257 0.087669 
529 -0.206869 -0.053976 -2.57032 0.025849 0.977035 -0.190856 0.091147 
530 -0.206047 -0.052552 -2.57193 0.027011 0.977262 -0.188208 0.093844 
531 -0.205638 -0.052217 -2.57354 0.027757 0.977426 -0.1857 0.096867 
532 -0.205067 -0.051342 -2.57495 0.029348 0.977259 -0.184678 0.099992 
533 -0.204946 -0.050357 -2.57633 0.030478 0.977188 -0.183202 0.103017 
534 -0.204747 -0.050552 -2.57791 0.032061 0.977105 -0.18145 0.10637 
535 -0.204857 -0.049566 -2.57918 0.032402 0.976999 -0.179939 0.109752 
536 -0.204248 -0.04942 -2.58034 0.033004 0.977134 -0.177216 0.112755 
537 -0.204012 -0.048424 -2.58163 0.032912 0.977296 -0.174212 0.116019 
538 -0.203866 -0.048158 -2.58288 0.032927 0.977367 -0.171774 0.119009 
539 -0.2042 -0.047902 -2.5842 0.033005 0.977241 -0.169648 0.123003 
540 -0.204306 -0.046526 -2.5854 0.033558 0.976992 -0.167886 0.127178 
541 -0.205003 -0.045579 -2.58656 0.03349 0.976711 -0.165964 0.131799 
542 -0.205556 -0.044503 -2.5878 0.033815 0.976201 -0.164732 0.136934 
543 -0.205767 -0.043146 -2.58881 0.034747 0.975569 -0.163768 0.14226 
544 -0.206153 -0.042239 -2.5898 0.034628 0.975063 -0.161585 0.14813 
545 -0.206021 -0.040782 -2.5908 0.034481 0.974713 -0.158194 0.154013 
546 -0.206503 -0.039765 -2.592 0.033959 0.974196 -0.155464 0.16006 
547 -0.207079 -0.036288 -2.59302 0.03651 0.97365 -0.15269 0.165406 
548 -0.207913 -0.035501 -2.59412 0.036504 0.973067 -0.150213 0.171011 
549 -0.208547 -0.035714 -2.59527 0.037212 0.97229 -0.148839 0.176392 
550 -0.209305 -0.034807 -2.59619 0.037367 0.971547 -0.147582 0.18144 
551 -0.210222 -0.032839 -2.59712 0.039063 0.970906 -0.145732 0.185949 
552 -0.210768 -0.032651 -2.59799 0.038924 0.97036 -0.143274 0.190679 
553 -0.211168 -0.034015 -2.5991 0.038042 0.96974 -0.141286 0.195436 
554 -0.211334 -0.033738 -2.60004 0.039201 0.968917 -0.140495 0.199812 
555 -0.211556 -0.0321 -2.6008 0.040032 0.968077 -0.140045 0.203992 
556 -0.211356 -0.031662 -2.60142 0.039184 0.967552 -0.138524 0.207653 
557 -0.211767 -0.031324 -2.60235 0.038435 0.967144 -0.136482 0.211017 
558 -0.212149 -0.031477 -2.60312 0.037474 0.9667 -0.135071 0.214109 
559 -0.211973 -0.030839 -2.60385 0.037054 0.96618 -0.133628 0.217412 
560 -0.212619 -0.030211 -2.60459 0.036547 0.965676 -0.13231 0.220516 
561 -0.212709 -0.029753 -2.60527 0.036252 0.965213 -0.130878 0.223428 
562 -0.212871 -0.029654 -2.60583 0.034929 0.964758 -0.129184 0.226569 
563 -0.213634 -0.028796 -2.60661 0.034679 0.964278 -0.127165 0.229771 
564 -0.213499 -0.028538 -2.60712 0.033806 0.963772 -0.125491 0.232923 
565 -0.213802 -0.028171 -2.60802 0.033554 0.963156 -0.123929 0.236316 
566 -0.214266 -0.027522 -2.60838 0.033211 0.962615 -0.122262 0.239421 
567 -0.214521 -0.027223 -2.60901 0.033688 0.962101 -0.119851 0.242615 
568 -0.214998 -0.026865 -2.60961 0.033794 0.961528 -0.117784 0.245864 
569 -0.215213 -0.025847 -2.61035 0.035695 0.960865 -0.115388 0.249297 
570 -0.215281 -0.02615 -2.61107 0.035647 0.960157 -0.112707 0.253231 
571 -0.215633 -0.025672 -2.61193 0.036907 0.95915 -0.110943 0.257606 
572 -0.215355 -0.024825 -2.61294 0.038185 0.958147 -0.108909 0.261985 
573 -0.215348 -0.024168 -2.61379 0.03872 0.957191 -0.106666 0.266285 
574 -0.215691 -0.023301 -2.61485 0.039786 0.956156 -0.104141 0.270809 
575 -0.215311 -0.022254 -2.61566 0.04056 0.95512 -0.101609 0.275274 
576 -0.215314 -0.021177 -2.61649 0.041 0.954185 -0.09902 0.279364 
577 -0.215325 -0.020289 -2.61736 0.040881 0.953205 -0.096672 0.283521 
578 -0.215563 -0.019642 -2.61815 0.040085 0.952244 -0.094312 0.287627 
579 -0.215694 -0.018674 -2.61869 0.038826 0.951261 -0.092298 0.291678 
580 -0.215021 -0.018226 -2.61925 0.037204 0.950194 -0.090421 0.295923 
581 -0.214283 -0.018328 -2.61993 0.036515 0.949101 -0.088 0.300216 
582 -0.214864 -0.01693 -2.6206 0.036044 0.94799 -0.086172 0.304287 
583 -0.214175 -0.016471 -2.62072 0.034866 0.94718 -0.083482 0.307677 
584 -0.214032 -0.016703 -2.62127 0.034102 0.946146 -0.080399 0.311737 
585 -0.21401 -0.016214 -2.62173 0.03384 0.945003 -0.078152 0.31578 
586 -0.213447 -0.015624 -2.62163 0.0334 0.943943 -0.07582 0.319542 
587 -0.213467 -0.015466 -2.62207 0.032827 0.942827 -0.073383 0.323443 
588 -0.213445 -0.015207 -2.62241 0.032539 0.941722 -0.071138 0.327171 
589 -0.213573 -0.013727 -2.62243 0.032644 0.940622 -0.069386 0.330682 
590 -0.213725 -0.013098 -2.62274 0.032279 0.939516 -0.066638 0.334406 
591 -0.21378 -0.012738 -2.62287 0.031942 0.938594 -0.064335 0.337463 
592 -0.213854 -0.01234 -2.6234 0.031682 0.937499 -0.062705 0.340823 
593 -0.213856 -0.01145 -2.62351 0.031698 0.936534 -0.060756 0.343814 
594 -0.214508 -0.01099 -2.62375 0.031551 0.935537 -0.058522 0.346915 
595 -0.214376 -0.01082 -2.6236 0.031769 0.934653 -0.056723 0.349567 
596 -0.21456 -0.01027 -2.62379 0.032056 0.933596 -0.055268 0.352586 
597 -0.214518 -0.00904 -2.6237 0.03205 0.932472 -0.054336 0.355692 
598 -0.214402 -0.008071 -2.62385 0.032046 0.931284 -0.05327 0.358951 
599 -0.214488 -0.007311 -2.62384 0.032333 0.930144 -0.05183 0.362079 
600 -0.214362 -0.00624 -2.62375 0.032538 0.928993 -0.050012 0.365257 
601 -0.214228 -0.00551 -2.6235 0.032806 0.927894 -0.047451 0.368353 
602 -0.214147 -0.004999 -2.62327 0.032669 0.926686 -0.045289 0.371663 
603 -0.214458 -0.004889 -2.62333 0.032593 0.925219 -0.043795 0.375485 
604 -0.214276 -0.004259 -2.62329 0.032522 0.92384 -0.043012 0.378961 
605 -0.213962 -0.003859 -2.62324 0.032374 0.92255 -0.042317 0.382182 
606 -0.213553 -0.003419 -2.62317 0.031901 0.921371 -0.041709 0.385122 
607 -0.21426 -0.002089 -2.6232 0.031587 0.9202 -0.041092 0.388002 
608 -0.214088 -0.002 -2.62347 0.031245 0.918948 -0.039337 0.391166 
609 -0.213862 -0.001009 -2.62329 0.03137 0.917621 -0.03832 0.39436 
610 -0.213773 -0.000821 -2.62366 0.031368 0.916052 -0.03687 0.398128 
611 -0.212866 -0.001811 -2.62346 0.031344 0.914746 -0.035789 0.401219 
612 -0.21279 -0.001671 -2.62348 0.033092 0.913041 -0.035891 0.404937 
613 -0.213394 -0.000151 -2.62376 0.035333 0.910739 -0.035418 0.40994 
614 -0.213702 0.001608 -2.62417 0.036384 0.908464 -0.033846 0.414999 
615 -0.213242 0.001948 -2.62404 0.036068 0.906768 -0.031859 0.418874 
616 -0.212683 0.002637 -2.62418 0.036054 0.905178 -0.030023 0.422436 
617 -0.212186 0.002736 -2.6245 0.035011 0.9034 -0.027113 0.426506 
618 -0.212004 0.002083 -2.62546 0.033982 0.901275 -0.024806 0.431199 
619 -0.211274 0.002182 -2.62565 0.033482 0.899273 -0.024264 0.435428 
620 -0.210169 0.002791 -2.62569 0.033072 0.897491 -0.024312 0.43912 
621 -0.20932 0.00319 -2.62566 0.032429 0.896039 -0.024024 0.442138 
622 -0.208841 0.004039 -2.62606 0.031673 0.894303 -0.023649 0.445713 
623 -0.207439 0.003838 -2.62582 0.030534 0.892992 -0.022754 0.448458 
624 -0.206201 0.003488 -2.62578 0.03013 0.891327 -0.022485 0.451799 
625 -0.205117 0.004337 -2.6259 0.03078 0.889333 -0.022381 0.455674 
626 -0.203647 0.003956 -2.62587 0.03067 0.887698 -0.02122 0.458913 
627 -0.201926 0.002513 -2.62629 0.030396 0.885974 -0.020534 0.462282 
628 -0.200868 0.002892 -2.62618 0.03074 0.884365 -0.021897 0.465268 
629 -0.199085 0.003552 -2.62578 0.030356 0.882933 -0.022655 0.467969 
630 -0.197479 0.003551 -2.62574 0.029572 0.881288 -0.022667 0.471109 
631 -0.195949 0.00243 -2.62576 0.028989 0.879433 -0.022629 0.4746 
632 -0.194023 0.002581 -2.62513 0.029456 0.877573 -0.023513 0.47796 
633 -0.191962 0.002932 -2.62436 0.029999 0.875726 -0.024459 0.481254 
634 -0.190228 0.00277 -2.62463 0.030163 0.873603 -0.025105 0.485055 
635 -0.187974 0.00254 -2.62416 0.030161 0.871731 -0.02594 0.488367 
636 -0.186274 0.003601 -2.62361 0.030503 0.869943 -0.027175 0.491457 
637 -0.183965 0.003509 -2.6235 0.030213 0.868253 -0.027282 0.494449 
638 -0.181554 0.003119 -2.62288 0.03002 0.86664 -0.027684 0.497259 
639 -0.178739 0.00265 -2.62222 0.029952 0.86518 -0.028174 0.499772 
640 -0.176692 0.003189 -2.62212 0.03013 0.863503 -0.029097 0.5026 
641 -0.174141 0.002517 -2.62187 0.029685 0.86217 -0.029116 0.50491 
642 -0.171638 0.002748 -2.62107 0.030148 0.860986 -0.029701 0.506865 
643 -0.169076 0.003419 -2.62037 0.030492 0.859889 -0.029908 0.508692 
644 -0.166597 0.002948 -2.61998 0.030042 0.858744 -0.029008 0.5107 
645 -0.163898 0.002489 -2.61913 0.029978 0.857779 -0.028983 0.512325 
646 -0.16175 0.00311 -2.61835 0.030419 0.856729 -0.029631 0.514016 
647 -0.159175 0.00352 -2.61794 0.030037 0.855607 -0.029637 0.515903 
648 -0.156525 0.00303 -2.61727 0.029194 0.854878 -0.029185 0.517184 
649 -0.154043 0.0025 -2.61676 0.028373 0.854198 -0.029142 0.518354 
650 -0.151683 0.002378 -2.61689 0.027583 0.85329 -0.029448 0.519874 
651 -0.149433 0.002587 -2.6167 0.027207 0.85266 -0.029686 0.520913 
652 -0.143788 0.001789 -2.61472 0.026434 0.85297 -0.02924 0.520471 
653 -0.141558 0.002429 -2.61434 0.026646 0.852822 -0.029443 0.52069 
654 -0.138664 0.00197 -2.61329 0.026208 0.852967 -0.029057 0.520495 
655 -0.135978 0.002062 -2.61216 0.026382 0.853151 -0.028924 0.520194 
656 -0.13343 0.002272 -2.61154 0.02656 0.852756 -0.028696 0.520845 
657 -0.130862 0.001791 -2.61138 0.02671 0.852215 -0.02803 0.521757 
658 -0.128308 0.002262 -2.61055 0.027067 0.851906 -0.02805 0.522241 
659 -0.12536 0.002554 -2.60919 0.027288 0.85204 -0.027603 0.522035 
660 -0.122669 0.002404 -2.60855 0.026859 0.85201 -0.026816 0.522148 
661 -0.120179 0.003014 -2.60802 0.026244 0.852103 -0.026928 0.522022 
662 -0.117776 0.004175 -2.60713 0.025428 0.85279 -0.02659 0.520957 
663 -0.115673 0.005815 -2.60692 0.024496 0.853208 -0.025623 0.520364 
664 -0.113136 0.006405 -2.60643 0.022994 0.853534 -0.02392 0.519979 
665 -0.110779 0.007113 -2.60632 0.021666 0.853475 -0.022431 0.5202 
666 -0.108371 0.007773 -2.60583 0.019919 0.853423 -0.021366 0.5204 
667 -0.106131 0.008902 -2.60587 0.017907 0.853312 -0.020482 0.520691 
668 -0.10377 0.00929 -2.60602 0.014875 0.853357 -0.018892 0.520772 
669 -0.101191 0.008977 -2.6064 0.012201 0.853559 -0.017714 0.520553 
670 -0.098951 0.010334 -2.60663 0.010658 0.853616 -0.017387 0.520504 
671 -0.096447 0.011112 -2.60679 0.008778 0.853678 -0.015468 0.520497 
672 -0.093709 0.010379 -2.60713 0.007394 0.853583 -0.013009 0.520741 
673 -0.091192 0.010404 -2.60821 0.007315 0.853093 -0.011991 0.521569 
674 -0.088692 0.011762 -2.60821 0.007388 0.8529 -0.011533 0.521894 
675 -0.086008 0.011817 -2.60935 0.006354 0.852481 -0.010292 0.522619 
676 -0.083331 0.012133 -2.61 0.00605 0.851972 -0.009327 0.52347 
677 -0.080998 0.012628 -2.61115 0.006121 0.850869 -0.008036 0.52528 
678 -0.078191 0.012202 -2.61242 0.006843 0.849644 -0.006478 0.527273 
679 -0.075567 0.012326 -2.61361 0.00846 0.848046 -0.00603 0.529821 
680 -0.073011 0.012639 -2.6152 0.009982 0.8461 -0.005486 0.532902 
681 -0.070131 0.012623 -2.6164 0.011264 0.844593 -0.004631 0.53527 
682 -0.067348 0.012766 -2.61814 0.012809 0.843367 -0.004348 0.537167 
683 -0.064688 0.01464 -2.61917 0.013934 0.842989 -0.004528 0.537732 
684 -0.062044 0.015503 -2.62084 0.013181 0.84297 -0.002948 0.53779 
685 -0.058996 0.015365 -2.62278 0.011825 0.843158 -0.001038 0.537534 
686 -0.055916 0.015397 -2.62471 0.010981 0.843642 0.000723 0.536794 
687 -0.053154 0.015768 -2.62685 0.010021 0.844128 0.002495 0.536042 
688 -0.049838 0.014948 -2.62912 0.00878 0.84456 0.004652 0.535369 
689 -0.046539 0.013988 -2.63147 0.00796 0.844728 0.004881 0.535115 
690 -0.043447 0.013868 -2.63395 0.00765 0.845012 0.003666 0.534681 
691 -0.040491 0.01464 -2.63586 0.006982 0.84553 0.002513 0.533877 
692 -0.037478 0.014931 -2.6381 0.005752 0.846117 0.002504 0.53296 
693 -0.034473 0.015443 -2.64001 0.004704 0.846494 0.002811 0.53237 
694 -0.031606 0.015826 -2.64162 0.003603 0.846729 0.003742 0.531999 
695 -0.025828 0.014866 -2.64643 0.002435 0.846902 0.005017 0.531719 
696 -0.023349 0.015959 -2.64808 0.003116 0.847594 0.004975 0.530612 
697 -0.018758 0.016203 -2.65211 0.001962 0.848699 0.008183 0.528809 
698 -0.016657 0.016855 -2.65415 0.001559 0.849076 0.008863 0.528194 
699 -0.0145 0.01787 -2.65544 0.001141 0.849515 0.010038 0.527468 
700 -0.012547 0.018784 -2.65696 0.000423 0.849665 0.012271 0.52718 
701 -0.010365 0.018516 -2.65894 -0.000342 0.849869 0.015555 0.526765 
702 -0.007943 0.01842 -2.6604 -0.000375 0.850429 0.017894 0.525786 
703 -0.006004 0.019294 -2.66176 -0.000287 0.851157 0.019576 0.524546 
704 -0.00391 0.019728 -2.66313 -0.001271 0.851837 0.021878 0.523348 
705 -0.001482 0.018911 -2.66474 -0.002611 0.852168 0.024077 0.522707 
706 0.001025 0.018685 -2.6663 -0.003031 0.852539 0.024335 0.522088 
707 0.003204 0.019721 -2.66709 -0.002769 0.853078 0.024116 0.521219 
708 0.005615 0.020117 -2.66774 -0.003164 0.853916 0.02545 0.519779 
709 0.008203 0.019471 -2.66904 -0.003549 0.854683 0.026838 0.518443 
710 0.010596 0.020328 -2.66936 -0.003267 0.855931 0.026821 0.516383 
711 0.012928 0.021156 -2.6697 -0.004464 0.857272 0.027462 0.514112 
712 0.015554 0.020701 -2.67048 -0.006508 0.858477 0.028872 0.511998 
713 0.018578 0.019697 -2.67106 -0.007881 0.85988 0.029504 0.509582 
714 0.021459 0.019265 -2.67127 -0.007996 0.861615 0.028732 0.506685 
715 0.024291 0.019562 -2.67139 -0.007973 0.863624 0.027578 0.503318 
716 0.027038 0.019701 -2.67133 -0.007795 0.865637 0.02722 0.499871 
717 0.029926 0.02007 -2.67092 -0.007789 0.86761 0.027247 0.496438 
718 0.033126 0.02034 -2.67022 -0.008385 0.869612 0.028341 0.49285 
719 0.036454 0.019078 -2.67019 -0.009017 0.871559 0.03018 0.489278 
720 0.040026 0.018718 -2.66949 -0.008142 0.873691 0.030335 0.485466 
721 0.04341 0.018548 -2.66879 -0.007348 0.875677 0.030708 0.481863 
722 0.046842 0.018378 -2.66786 -0.007124 0.877587 0.030877 0.478369 
723 0.050515 0.018389 -2.66669 -0.007255 0.879534 0.031068 0.474766 
724 0.053753 0.01849 -2.6659 -0.007886 0.881255 0.031807 0.471503 
725 0.057734 0.017521 -2.6647 -0.008584 0.88326 0.033506 0.467606 
726 0.061585 0.016792 -2.6636 -0.007852 0.885172 0.033987 0.463955 
727 0.06508 0.017424 -2.66211 -0.005932 0.887317 0.034022 0.459865 
728 0.068409 0.017525 -2.66091 -0.004782 0.889326 0.036043 0.455826 
729 0.072356 0.016978 -2.65934 -0.004077 0.891647 0.038179 0.4511 
730 0.075869 0.01674 -2.65806 -0.003306 0.893991 0.03949 0.44633 
731 0.079318 0.01637 -2.65722 -0.002666 0.896251 0.040671 0.44167 
732 0.082886 0.016152 -2.65593 -0.002055 0.898655 0.041437 0.43669 
733 0.086014 0.016293 -2.65483 -0.001755 0.900892 0.041597 0.432043 
734 0.089066 0.016705 -2.65349 -0.00178 0.90304 0.041715 0.427521 
735 0.091978 0.016756 -2.65244 -0.00232 0.905158 0.042576 0.422932 
736 0.095002 0.016428 -2.65141 -0.002682 0.90735 0.043409 0.418119 
737 0.09765 0.017 -2.65021 -0.002324 0.909501 0.043525 0.413409 
738 0.100097 0.017852 -2.64895 -0.002547 0.911357 0.044766 0.409167 
739 0.102343 0.018004 -2.64796 -0.004062 0.913091 0.047185 0.404997 
740 0.105101 0.017705 -2.64695 -0.005861 0.914869 0.049082 0.400714 
741 0.107424 0.017556 -2.64615 -0.007688 0.916438 0.050216 0.396938 
742 0.109661 0.017777 -2.64522 -0.00925 0.917919 0.050853 0.393387 
743 0.111979 0.017008 -2.64457 -0.010924 0.919034 0.051842 0.390602 
744 0.114002 0.016398 -2.64424 -0.011514 0.919729 0.050902 0.38907 
745 0.115596 0.017459 -2.64331 -0.010963 0.920345 0.049235 0.387841 
746 0.119512 0.017242 -2.64147 -0.014043 0.921748 0.051671 0.384075 
747 0.121651 0.016813 -2.64074 -0.014906 0.922599 0.05174 0.381983 
748 0.123328 0.016814 -2.64009 -0.01526 0.923298 0.051333 0.380332 
749 0.125272 0.016244 -2.63957 -0.0155 0.923961 0.051262 0.37872 
750 0.127253 0.015744 -2.63907 -0.014971 0.924831 0.05023 0.37675 
751 0.129054 0.016146 -2.63841 -0.013291 0.926074 0.049077 0.3739 
752 0.131116 0.015856 -2.63792 -0.012292 0.927426 0.049129 0.370562 
753 0.132876 0.015906 -2.63742 -0.011137 0.928946 0.048616 0.366841 
754 0.134464 0.016847 -2.63659 -0.009973 0.930607 0.048487 0.362658 
755 0.136265 0.017669 -2.63576 -0.010376 0.932321 0.050152 0.357987 
756 0.138227 0.017488 -2.63551 -0.011646 0.934125 0.05336 0.352742 
757 0.140663 0.017128 -2.6351 -0.012634 0.936131 0.056194 0.346901 
758 0.142784 0.017418 -2.63447 -0.012364 0.937946 0.058234 0.341633 
759 0.14481 0.017758 -2.6342 -0.011664 0.93956 0.060788 0.336743 
760 0.147302 0.017668 -2.63349 -0.010648 0.94135 0.063863 0.331163 
761 0.149914 0.017437 -2.63324 -0.009259 0.943215 0.066532 0.325321 
762 0.152401 0.017777 -2.63279 -0.007379 0.945038 0.068996 0.319512 
763 0.154662 0.017916 -2.63251 -0.006435 0.946757 0.072196 0.313685 
764 0.157305 0.017215 -2.63246 -0.006219 0.948525 0.075235 0.307575 
765 0.160055 0.016743 -2.63244 -0.005183 0.950276 0.076865 0.30173 
766 0.162218 0.017022 -2.63233 -0.003916 0.951738 0.078137 0.296773 
767 0.164435 0.016499 -2.63261 -0.00298 0.952923 0.079978 0.292459 
768 0.166554 0.015967 -2.63292 -0.000981 0.953876 0.080862 0.289105 
769 0.168445 0.016696 -2.63298 0.001958 0.954546 0.0809 0.286869 
770 0.170127 0.016784 -2.63322 0.00447 0.95485 0.082952 0.285237 
771 0.172401 0.016222 -2.63339 0.006531 0.954907 0.084572 0.284531 
772 0.174259 0.01619 -2.63356 0.007907 0.954893 0.084995 0.284416 
773 0.17583 0.015847 -2.63394 0.007797 0.95476 0.085265 0.284785 
774 0.177497 0.015775 -2.63413 0.007232 0.954555 0.084073 0.285839 
775 0.17902 0.015924 -2.63422 0.005642 0.954361 0.083147 0.286792 
776 0.180498 0.014831 -2.63497 0.003155 0.954058 0.082676 0.287972 
777 0.181692 0.014038 -2.63569 0.001738 0.953704 0.079912 0.28993 
778 0.182755 0.013796 -2.63596 0.00061 0.953248 0.075612 0.292575 
779 0.183693 0.013684 -2.63633 -0.001118 0.952619 0.071297 0.295692 
780 0.184631 0.013342 -2.63664 -0.003363 0.951923 0.067127 0.298873 
781 0.185415 0.01334 -2.63698 -0.005022 0.951569 0.063024 0.300863 
782 0.186094 0.01358 -2.63714 -0.005348 0.951268 0.059894 0.302446 
783 0.18674 0.013849 -2.63727 -0.005225 0.95085 0.058549 0.304021 
784 0.187701 0.013067 -2.63768 -0.005756 0.950455 0.058267 0.305297 
785 0.188565 0.012425 -2.63795 -0.005137 0.950049 0.056578 0.306888 
786 0.189384 0.011954 -2.63809 -0.00421 0.949822 0.054572 0.307964 
787 0.190399 0.010883 -2.63839 -0.004237 0.949697 0.052429 0.308722 
788 0.191244 0.010102 -2.63849 -0.003181 0.949739 0.048358 0.309268 
789 0.192208 0.009881 -2.63851 -0.001388 0.949861 0.044017 0.309555 
790 0.193277 0.009381 -2.63836 -0.000108 0.949849 0.041166 0.309987 
791 0.193992 0.0086 -2.63844 0.001052 0.949457 0.038472 0.311528 
792 0.194913 0.0076 -2.6384 0.002091 0.948977 0.034855 0.313408 
793 0.195633 0.00706 -2.63802 0.003382 0.948583 0.030783 0.31501 
794 0.196283 0.006201 -2.63781 0.003891 0.948125 0.026463 0.316769 
795 0.197076 0.005281 -2.63748 0.004361 0.947445 0.020009 0.319264 
796 0.197189 0.004992 -2.6374 0.004616 0.946549 0.012786 0.322273 
797 0.197739 0.004702 -2.63707 0.004345 0.945869 0.00731 0.324436 
798 0.19831 0.004462 -2.63682 0.004427 0.94502 0.003745 0.326961 
799 0.199021 0.004234 -2.6363 0.0045 0.944021 0.00161 0.329852 
800 0.199773 0.004014 -2.63587 0.005008 0.942804 -0.000439 0.333309 
801 0.20052 0.003635 -2.63547 0.005855 0.941457 -0.001932 0.337076 
802 0.201188 0.003407 -2.63481 0.006427 0.940051 -0.003508 0.340954 
803 0.20179 0.003168 -2.63436 0.007148 0.938685 -0.005354 0.344659 
804 0.202407 0.00322 -2.63371 0.007846 0.937225 -0.006963 0.348567 
805 0.203249 0.003051 -2.63314 0.007529 0.935944 -0.007674 0.351985 
806 0.203793 0.002852 -2.63258 0.006673 0.934608 -0.008328 0.35552 
807 0.204522 0.002714 -2.63196 0.006192 0.933328 -0.009375 0.358849 
808 0.205083 0.002886 -2.63118 0.00582 0.931855 -0.010519 0.362631 
809 0.205824 0.002988 -2.63039 0.005193 0.930288 -0.010884 0.366632 
810 0.20657 0.00315 -2.62951 0.004496 0.928511 -0.010544 0.371128 
811 0.207542 0.003012 -2.62872 0.003633 0.926791 -0.009918 0.375428 
812 0.208278 0.003214 -2.62771 0.003098 0.925104 -0.008692 0.379602 
813 0.209045 0.003307 -2.62673 0.002145 0.923386 -0.006707 0.383808 
814 0.209824 0.003109 -2.62594 0.001342 0.921607 -0.004629 0.388094 
815 0.210508 0.003232 -2.62497 0.000978 0.919822 -0.002609 0.392327 
816 0.211114 0.003244 -2.62405 0.000228 0.918102 -0.000435 0.396343 
817 0.211671 0.003327 -2.62297 -0.0004 0.916344 0.00153 0.400389 
818 0.211862 0.00356 -2.62205 -0.001277 0.914473 0.003657 0.404629 
819 0.212019 0.003642 -2.62135 -0.002438 0.912704 0.005836 0.408572 
820 0.211935 0.004185 -2.62041 -0.002653 0.910953 0.008 0.412425 
821 0.212213 0.004519 -2.61919 -0.003353 0.909314 0.010968 0.415952 
822 0.212105 0.005032 -2.61826 -0.004252 0.907615 0.013711 0.419559 
823 0.212058 0.005365 -2.61732 -0.005734 0.906137 0.01668 0.422616 
824 0.21186 0.005397 -2.61668 -0.007396 0.904501 0.019613 0.425956 
825 0.211631 0.00579 -2.61586 -0.008993 0.903001 0.021946 0.428982 
826 0.211152 0.006312 -2.61525 -0.010533 0.901675 0.024619 0.431584 
827 0.210685 0.006214 -2.61472 -0.012633 0.900276 0.027367 0.434275 
828 0.210429 0.006288 -2.61353 -0.013919 0.899253 0.029088 0.436238 
829 0.209009 0.006212 -2.61238 -0.016673 0.896568 0.031253 0.441487 
830 0.208759 0.006416 -2.61122 -0.017267 0.895546 0.031724 0.4435 
831 0.207904 0.006659 -2.61046 -0.018234 0.893874 0.032569 0.446762 
832 0.207183 0.006453 -2.60959 -0.01952 0.892033 0.033505 0.450304 
833 0.206685 0.006396 -2.60848 -0.019964 0.890193 0.033707 0.453896 
834 0.20569 0.0068 -2.60756 -0.020484 0.888026 0.033927 0.458083 
835 0.204679 0.007103 -2.60672 -0.021885 0.885938 0.034596 0.461993 
836 0.203692 0.007136 -2.60606 -0.024003 0.88409 0.03526 0.465367 
837 0.202525 0.007288 -2.60565 -0.026226 0.882401 0.035535 0.468421 
838 0.20137 0.008052 -2.60482 -0.027972 0.880999 0.035955 0.47092 
839 0.200043 0.009037 -2.60358 -0.030448 0.879561 0.037219 0.473349 
840 0.198812 0.00947 -2.60286 -0.033644 0.877767 0.039624 0.47626 
841 0.197632 0.009503 -2.60215 -0.036303 0.875718 0.041514 0.479663 
842 0.196341 0.010027 -2.60114 -0.037863 0.873565 0.042732 0.483348 
843 0.194923 0.010189 -2.60098 -0.039759 0.870993 0.044586 0.48765 
844 0.193743 0.009942 -2.60033 -0.0415 0.868462 0.046276 0.491844 
845 0.192647 0.009846 -2.59934 -0.042352 0.865966 0.047194 0.496066 
846 0.191311 0.009778 -2.59881 -0.04252 0.863003 0.047355 0.501174 
847 0.19012 0.009571 -2.59832 -0.042348 0.859801 0.047211 0.506675 
848 0.188898 0.009645 -2.59713 -0.041601 0.856409 0.046622 0.512504 
849 0.187524 0.009827 -2.59699 -0.041328 0.852264 0.045622 0.519477 
850 0.185765 0.009987 -2.59732 -0.041976 0.847885 0.044579 0.526632 
851 0.18439 0.010379 -2.59691 -0.043158 0.844 0.043626 0.532821 
852 0.183111 0.010963 -2.59601 -0.044307 0.840399 0.042835 0.538452 
853 0.181761 0.012308 -2.59473 -0.045474 0.836908 0.042277 0.54381 
854 0.180573 0.013174 -2.59307 -0.047791 0.83375 0.043594 0.54834 
855 0.179532 0.013078 -2.59207 -0.050368 0.830689 0.045417 0.55259 
856 0.178247 0.013703 -2.59074 -0.050962 0.82784 0.046176 0.556733 
857 0.176851 0.014199 -2.5891 -0.051394 0.824967 0.047388 0.560841 
858 0.175467 0.014034 -2.58779 -0.052123 0.822001 0.048293 0.565035 
859 0.174016 0.01426 -2.58632 -0.052106 0.819398 0.048076 0.568824 
860 0.17255 0.014426 -2.58455 -0.05197 0.817302 0.047914 0.571858 
861 0.171043 0.014152 -2.583 -0.051967 0.815306 0.047986 0.574694 
862 0.169147 0.01391 -2.58101 -0.051327 0.813375 0.047455 0.577524 
863 0.167257 0.014288 -2.57886 -0.05 0.811579 0.046454 0.580242 
864 0.165163 0.014597 -2.57652 -0.049631 0.809346 0.046368 0.583391 
865 0.163011 0.014044 -2.57478 -0.050049 0.807152 0.046772 0.586356 
866 0.160736 0.013552 -2.57272 -0.049396 0.805334 0.045819 0.58898 
867 0.158422 0.01284 -2.57063 -0.048713 0.803648 0.044508 0.591436 
868 0.155827 0.01244 -2.56819 -0.04743 0.802132 0.042365 0.59375 
869 0.153083 0.01305 -2.56572 -0.045908 0.800666 0.040164 0.595997 
870 0.15016 0.013571 -2.56288 -0.045777 0.799131 0.040108 0.598068 
871 0.147442 0.01226 -2.56066 -0.046469 0.797725 0.041673 0.599782 
872 0.144648 0.011008 -2.55855 -0.04492 0.796675 0.041015 0.60134 
873 0.141668 0.010687 -2.55633 -0.042225 0.795931 0.038793 0.602666 
874 0.138664 0.010427 -2.55408 -0.040365 0.795379 0.036574 0.60366 
875 0.135646 0.009806 -2.5518 -0.039093 0.794703 0.034666 0.604745 
876 0.132482 0.010026 -2.54946 -0.03824 0.793828 0.03224 0.606081 
877 0.129433 0.009464 -2.54751 -0.038958 0.792465 0.030792 0.607892 
878 0.126464 0.008524 -2.54506 -0.038784 0.791105 0.028175 0.609799 
879 0.123372 0.008673 -2.54298 -0.037436 0.789533 0.024573 0.612073 
880 0.120336 0.008732 -2.54056 -0.03733 0.788022 0.022633 0.614097 
881 0.117166 0.008602 -2.53831 -0.037794 0.786161 0.021642 0.616485 
882 0.11437 0.00769 -2.53642 -0.038584 0.784028 0.020869 0.619173 
883 0.111459 0.007228 -2.53456 -0.038761 0.781919 0.019774 0.62186 
884 0.10843 0.007307 -2.53243 -0.039005 0.779859 0.018997 0.624449 
885 0.105513 0.007265 -2.53056 -0.039108 0.777484 0.018686 0.627408 
886 0.102673 0.007233 -2.52871 -0.039015 0.774662 0.018899 0.630888 
887 0.100023 0.00672 -2.52698 -0.039116 0.771282 0.019869 0.63498 
888 0.097442 0.006118 -2.5252 -0.038719 0.767394 0.020434 0.63968 
889 0.094854 0.005335 -2.52353 -0.037868 0.763026 0.020644 0.644927 
890 0.092312 0.004892 -2.52195 -0.036296 0.758344 0.020797 0.650511 
891 0.089752 0.004418 -2.52047 -0.03447 0.753382 0.020684 0.656353 
892 0.087246 0.003924 -2.51907 -0.032591 0.748426 0.020384 0.662103 
893 0.084741 0.00357 -2.51777 -0.031201 0.743859 0.019839 0.667314 
894 0.082273 0.003446 -2.51639 -0.030067 0.739551 0.019456 0.672147 
895 0.079894 0.002951 -2.51536 -0.02981 0.735194 0.019213 0.676929 
896 0.077434 0.002277 -2.51427 -0.029113 0.730588 0.018799 0.681939 
897 0.074821 0.002101 -2.5135 -0.027415 0.725544 0.018177 0.687389 
898 0.072273 0.002434 -2.51291 -0.0256 0.720386 0.01831 0.692859 
899 0.069905 0.002256 -2.51283 -0.025432 0.715675 0.019318 0.697703 
900 0.067535 0.001929 -2.51263 -0.02542 0.711201 0.019438 0.70226 
901 0.064966 0.002022 -2.51222 -0.025351 0.707 0.019209 0.706497 
902 0.062497 0.001954 -2.51216 -0.025846 0.703074 0.018994 0.710393 
903 0.060034 0.001517 -2.51154 -0.026132 0.699113 0.018469 0.714295 
904 0.0574 0.001529 -2.51147 -0.026113 0.694865 0.017407 0.718455 
905 0.054767 0.00179 -2.51184 -0.02594 0.690641 0.016357 0.722547 
906 0.052108 0.00195 -2.5123 -0.026225 0.686484 0.016127 0.726492 
907 0.049476 0.001932 -2.51229 -0.026818 0.682723 0.016106 0.730007 
908 0.046863 0.001704 -2.51228 -0.026837 0.679525 0.015926 0.732989 
909 0.044201 0.002005 -2.51264 -0.026312 0.676357 0.015415 0.735942 
910 0.04169 0.001797 -2.51254 -0.026404 0.673353 0.015502 0.738686 
911 0.039234 0.001489 -2.51239 -0.026376 0.670392 0.015091 0.741384 
912 0.036575 0.001681 -2.51236 -0.025893 0.667466 0.014068 0.744057 
913 0.034128 0.001891 -2.51277 -0.025461 0.664381 0.013151 0.746844 
914 0.031744 0.002023 -2.51276 -0.02497 0.661501 0.012772 0.749419 
915 0.029311 0.002694 -2.51298 -0.024713 0.658592 0.012714 0.751987 
916 0.027068 0.002736 -2.51278 -0.025077 0.656183 0.013156 0.75407 
917 0.025005 0.002468 -2.51259 -0.02485 0.653873 0.013222 0.75608 
918 0.022951 0.00267 -2.51259 -0.023893 0.651579 0.012816 0.758096 
919 0.021156 0.002481 -2.51243 -0.022951 0.649495 0.012684 0.759914 
920 0.019518 0.001964 -2.51196 -0.021506 0.647782 0.012168 0.761425 
921 0.017937 0.001846 -2.51177 -0.019144 0.646092 0.011287 0.762936 
922 0.01647 0.002106 -2.51192 -0.016837 0.644491 0.010029 0.76436 
923 0.014925 0.002328 -2.51175 -0.015373 0.643362 0.009337 0.765351 
924 0.013646 0.002049 -2.5117 -0.014996 0.641947 0.009109 0.766548 
925 0.01249 0.00191 -2.51169 -0.014225 0.6402 0.008524 0.76803 
926 0.011445 0.001133 -2.51104 -0.013382 0.638768 0.007425 0.769247 
927 0.010453 0.000944 -2.51073 -0.011745 0.637211 0.005825 0.770578 
928 0.009614 0.000726 -2.51046 -0.01065 0.635804 0.004194 0.771766 
929 0.008804 0.000397 -2.51017 -0.009714 0.634995 0.002761 0.77245 
930 0.008147 0.000208 -2.5101 -0.008636 0.634486 0.001619 0.772884 
931 0.007454 -0.00022 -2.50967 -0.007555 0.634445 0.000506 0.772931 
932 0.00693 -0.000928 -2.50918 -0.006132 0.634295 -0.000781 0.773066 
933 0.006534 -0.001308 -2.50906 -0.003872 0.634339 -0.002504 0.773042 
934 0.006126 -0.001447 -2.509 -0.002121 0.634437 -0.003904 0.772962 
935 0.005836 -0.001437 -2.50898 -0.000856 0.63439 -0.004904 0.772997 
936 0.00558 -0.001417 -2.50901 0.000248 0.63435 -0.0059 0.773023 
937 0.005588 -0.001637 -2.50926 0.000843 0.634374 -0.00656 0.772998 
938 0.005583 -0.001937 -2.50935 0.001167 0.634828 -0.007257 0.772618 
939 0.005522 -0.002467 -2.50923 0.001776 0.635585 -0.008173 0.771986 
940 0.005641 -0.002947 -2.50929 0.002798 0.636366 -0.009255 0.771327 
941 0.00574 -0.003168 -2.50952 0.004045 0.636815 -0.010701 0.770932 
942 0.005876 -0.003659 -2.50966 0.004996 0.637193 -0.011996 0.770595 
943 0.006036 -0.003949 -2.50985 0.006333 0.637529 -0.013251 0.770286 
944 0.00605 -0.0041 -2.50992 0.007571 0.637958 -0.014519 0.769897 
945 0.006196 -0.00439 -2.50989 0.008578 0.638574 -0.015499 0.769356 
946 0.006305 -0.00459 -2.50995 0.00971 0.639304 -0.016695 0.768711 
947 0.006517 -0.004881 -2.51015 0.011048 0.639931 -0.017801 0.768146 
948 0.006773 -0.005291 -2.51035 0.011901 0.640292 -0.0186 0.767814 
949 0.00698 -0.005562 -2.51046 0.012643 0.64043 -0.019258 0.767671 
950 0.007119 -0.005802 -2.51032 0.013704 0.640745 -0.020528 0.767357 
951 0.007478 -0.006063 -2.51066 0.014518 0.640935 -0.021233 0.767164 
952 0.007724 -0.006423 -2.51071 0.01503 0.641281 -0.0215 0.766857 
953 0.007885 -0.006433 -2.51072 0.016196 0.641591 -0.021976 0.766561 
954 0.008205 -0.006815 -2.51097 0.017142 0.641931 -0.022109 0.766252 
955 0.008333 -0.006675 -2.51118 0.01814 0.642257 -0.022381 0.765948 
956 0.008499 -0.006906 -2.51119 0.019152 0.64278 -0.022 0.765495 
957 0.008777 -0.006907 -2.51141 0.020309 0.643043 -0.021673 0.765254 
958 0.008943 -0.007047 -2.51138 0.020947 0.643572 -0.021216 0.764805 
959 0.009248 -0.007178 -2.51155 0.021651 0.643885 -0.02074 0.764535 
960 0.009513 -0.007278 -2.51172 0.022632 0.644342 -0.020351 0.764132 
961 0.009786 -0.007139 -2.51186 0.023716 0.644882 -0.020062 0.76365 
962 0.010114 -0.007349 -2.51196 0.024611 0.645464 -0.01982 0.763137 
963 0.010389 -0.00743 -2.51201 0.025484 0.646231 -0.020031 0.762453 
964 0.010656 -0.00741 -2.51217 0.026166 0.646966 -0.020386 0.761797 
