0 -0.85505 -0.110752 -0.238199 -0.856698 0.922585 -0.241297
1 -0.856482 0.918823 -0.240939 0.515544 0.918023 -0.213611
2 0.515242 0.917311 -0.213143 0.512899 -0.112065 -0.209925
3 1.168488 0.887022 -0.199268 1.157509 -0.375507 -0.212437
4 -0.766635 0.833165 -0.262983 -0.78018 -0.053069 -0.267919
5 0.437838 -0.04145 -0.237699 -0.767522 -0.037348 -0.251626
6 -0.770318 0.829202 -0.270142 0.438655 0.830102 -0.24595
7 0.437116 0.83204 -0.235945 0.436936 -0.042263 -0.237952
8 -0.717088 0.776873 -0.258491 0.382823 0.773661 -0.235537
9 0.380389 0.01411 -0.22828 0.379914 0.776789 -0.235697
10 0.381355 0.018501 -0.228872 -0.715085 0.018351 -0.251331
11 -0.846628 -0.110242 -0.23806 0.514453 -0.111071 -0.209987
12 0.037249 -0.654437 -0.582871 0.732682 -0.653295 -0.567497
13 0.738802 -0.329624 -0.499726 0.199238 -0.327574 -0.51101
14 0.051977 -0.652154 -0.581733 0.733557 -0.653127 -0.567447
15 -0.712508 0.017406 -0.25136 -0.71452 0.670719 -0.256753
16 -1.99876 0.182105 -0.690063 -2.011089 -0.744319 -0.692933
17 -0.430102 0.450721 -0.248698 0.236093 0.389444 -0.234818
18 -1.047219 -0.492528 -1.213484 -1.060474 -0.490954 -0.603876
19 -2.352514 1.336713 -0.272163 -2.236073 1.316924 -5.251668
20 -2.282112 -0.32267 -2.416779 -2.263525 0.370205 -2.419246
21 -2.280929 -0.24329 -2.579444 -2.276121 0.294815 -2.58052
22 -2.28816 0.373187 -3.613654 -2.262753 0.368492 -2.42635
23 -2.262186 0.368251 -2.432772 -2.239478 0.363656 -3.576869
24 -2.269832 -0.321884 -2.417202 -2.289431 -0.334255 -3.594562
25 -2.25971 0.289833 -3.419394 -2.276158 0.294912 -2.587554
26 -2.264076 -0.251252 -3.412216 -2.258996 0.290917 -3.415334
27 -2.246054 -0.275003 -3.527119 -2.24627 0.315065 -3.51638
28 -2.247241 -0.326991 -3.571933 -2.239276 0.358893 -3.575094
29 -2.288958 -0.334484 -3.60717 -2.288294 0.375742 -3.610807
30 -2.155975 0.509176 -5.112344 -2.185787 -0.711044 -5.105028
31 -2.213605 -0.670596 -3.868623 -2.226606 -0.668343 -3.184263
32 -2.320865 -0.682733 -2.030705 -2.301076 -0.685689 -2.990792
33 -2.235418 -0.667512 -2.960092 -2.255879 -0.665946 -2.030233
34 -2.281616 -0.687963 -3.936275 -2.294775 -0.687238 -3.273789
35 -2.120477 -0.741611 -5.184151 -2.091342 1.167436 -5.185722
36 -1.814898 -0.9108 -5.11724 -1.83265 1.056241 -5.122236
37 -1.761287 -0.67173 -3.823413 -1.785327 -0.667965 -2.786866
38 -1.937669 -0.458339 -5.116056 -1.980803 1.168661 -5.192419
39 -1.763538 1.108953 -5.183327 -1.680011 -0.897641 -5.12277
40 -1.782184 -0.667767 -2.782433 -1.797988 -0.66638 -2.020146
41 -1.630515 -0.224462 -5.203401 -1.656896 0.991405 -5.205515
42 2.681468 1.314023 -5.126782 -2.255122 1.319703 -5.229186
43 -0.545329 -1.174189 -5.198115 -1.781723 -1.171375 -4.19719
44 -1.584931 -1.172462 -4.517653 -0.767874 -1.17496 -5.167868
45 -1.680601 -1.170905 -3.949437 -0.29439 -1.175346 -5.109743
46 -1.84809 -0.798821 -5.165469 -1.872052 1.077824 -5.186592
47 -1.312118 -1.12854 -5.213719 -1.35475 1.085181 -5.22176
48 -1.178534 -1.171521 -4.239906 -0.15541 -1.172134 -4.175909
49 -1.151984 -1.171864 -4.255927 -1.182674 -1.156108 -3.193131
50 -1.309636 0.255076 -5.309285 -1.30821 1.076304 -5.313523
51 -0.768361 -0.76087 -3.431251 -0.786551 -0.758624 -2.726568
52 -0.763928 -0.760824 -3.431333 0.67912 -0.761485 -3.399436
53 -0.618616 -1.129217 -5.233458 -1.395732 -1.1683 -5.214883
54 -0.563075 -1.134465 -5.197929 -0.606726 1.082315 -5.206783
55 -1.652948 1.130855 -5.238218 -0.239701 1.120925 -5.198807
56 -0.250099 -1.175381 -5.080165 -0.230937 1.00025 -5.111674
57 -0.123393 -1.176079 -5.100914 -0.109851 0.138948 -5.114619
58 -1.308458 1.073505 -5.302621 -0.625135 1.080415 -5.289612
59 0.108004 -1.176174 -5.152537 0.072777 1.195616 -5.12883
60 -0.303341 -0.480034 -6.16088 -0.322287 -1.177848 -6.158618
61 0.234797 -1.176422 -5.155119 0.187717 1.116829 -5.135895
62 0.250397 1.177515 -5.085858 0.298645 -1.160375 -5.076857
63 -0.030535 -1.175808 -5.162616 -0.03018 -0.088596 -5.137362
64 1.11033 -1.174722 -5.144271 0.353218 -1.176337 -5.156537
65 -2.257411 -0.731597 -5.157108 -2.196798 0.337024 -5.138819
66 -2.253358 0.258181 -5.209646 -2.257575 -0.733719 -5.15635
67 -0.782218 -1.175127 -5.16473 -1.426582 -1.174319 -5.173099
68 -0.103067 -0.760944 -3.416095 0.601814 -0.761444 -3.401468
69 -0.249105 -1.171924 -3.916557 1.121673 -1.172226 -3.857264
70 2.199596 -1.023083 -4.694218 2.195726 0.165664 -4.696062
71 0.672483 -0.76059 -3.062735 0.678563 -0.761455 -3.372303
72 2.678095 0.175209 -5.14332 2.663446 -0.963679 -5.143468
73 1.104718 -1.031587 -5.174724 0.432458 -1.032376 -5.186145
74 1.589543 -0.829697 -3.782284 1.570119 -0.819739 -2.024163
75 1.585926 -0.826865 -3.76009 1.559737 -0.809855 -2.559491
76 1.58189 -1.014594 -3.678967 1.565023 -1.010624 -2.888876
77 1.590007 -0.828969 -3.781821 1.557204 -0.823117 -2.431798
78 2.648417 0.899493 -3.569657 2.647143 -0.122796 -3.561878
79 2.623837 -0.05384 -3.484986 2.619166 0.821479 -3.486725
80 2.633394 -0.018981 -3.428082 2.628984 0.767011 -3.433535
81 2.62044 0.904851 -2.208088 2.648362 0.898924 -3.570672
82 2.647429 -0.123736 -3.559408 2.619758 -0.118624 -2.210209
83 2.594072 0.824705 -2.279508 2.625392 0.817148 -3.489066
84 2.63475 -0.049994 -3.482799 2.6097 -0.045278 -2.278763
85 2.629538 0.761761 -3.436251 2.607121 0.76661 -2.332692
86 2.658495 1.325497 -4.111815 2.674864 1.320114 -5.150951
87 2.681403 1.318849 -5.136033 0.981799 1.322841 -5.182587
88 2.625469 0.008575 -3.055788 2.611062 0.010724 -2.336239
89 1.690427 -0.378135 -5.16506 1.043338 -0.356372 -5.178316
90 1.003659 -0.32269 -4.916832 1.365528 -0.322265 -4.796285
91 2.607343 0.77002 -2.336697 2.610526 0.006685 -2.33486
92 2.598645 -0.050106 -2.276493 2.605133 0.824766 -2.282473
93 2.620746 0.90248 -2.20892 2.619617 -0.117953 -2.205002
94 2.572509 1.33795 -0.180883 2.601894 1.333606 -1.610262
95 2.550629 -1.160129 -0.191074 2.57198 -1.163169 -1.222056
