0 -0.76874 0.823687 -0.262585
1 0.435188 0.823626 -0.235235
2 0.435539 -0.032151 -0.229023
3 -0.632857 0.679743 -0.255529
4 -0.632828 0.649781 -0.255244
5 0.498869 -0.096344 -0.241189
6 -0.122914 0.019796 -0.239088
7 -0.302855 0.019778 -0.242739
8 -0.452866 0.019794 -0.245805
9 -0.832733 -0.095993 -0.268372
10 -0.422856 0.409878 -0.248776
11 -0.212846 0.409846 -0.244491
12 -0.302843 0.409876 -0.246323
13 -0.242908 0.409864 -0.245099
14 -0.182789 0.409885 -0.243874
15 -0.712407 -0.227348 -0.550669
16 0.020757 -0.228519 -0.573785
17 -0.182716 0.379793 -0.243602
18 -0.525108 -0.296274 -0.230606
19 1.155699 -0.364331 -0.19947
20 -0.766577 -0.645927 -0.656115
21 -0.754031 -0.640146 -0.673145
22 -0.155949 -0.684226 -0.586259
23 -0.125825 -0.649419 -0.679797
24 -0.692798 0.319867 -0.253439
25 0.025635 -0.639512 -0.70763
26 -0.692853 0.199924 -0.252346
27 -0.482844 0.019818 -0.246419
28 -0.51288 0.349808 -0.250056
29 -0.272864 0.52981 -0.246812
30 -0.09295 0.40983 -0.242044
31 -0.032819 0.409827 -0.240819
32 -0.15622 -0.692465 -0.586327
33 -0.713301 -0.21877 -0.535708
34 -0.75262 -0.03866 -0.257406
35 0.11716 0.079874 -0.234716
36 -0.662935 0.169828 -0.251459
37 -0.662816 0.31986 -0.252831
38 0.117115 0.589721 -0.239394
39 -0.032778 0.649795 -0.243008
40 -0.707261 -0.215185 -0.536523
41 -0.54291 0.019852 -0.247637
42 -0.662899 0.019853 -0.250087
43 -0.302806 0.349838 -0.245772
44 -0.692834 0.019829 -0.250684
45 0.207068 0.049874 -0.232611
46 -0.152795 0.409835 -0.243268
47 0.267018 0.079867 -0.231659
48 -0.002878 0.619791 -0.24213
49 -0.272947 0.559765 -0.247087
50 -0.302883 0.529792 -0.247421
51 -0.362865 0.199764 -0.245613
52 -0.662864 0.199898 -0.251734
53 -0.632887 0.049861 -0.249741
54 -0.512923 0.019842 -0.247036
55 -0.695118 -0.219127 -0.556359
56 -0.33304 -0.402739 -0.727245
57 -0.692859 0.409787 -0.254272
58 -0.692726 0.289771 -0.253169
59 -0.820408 -0.247009 -0.237154
60 0.01873 -0.220986 -0.566641
61 0.117159 0.559718 -0.239113
62 -0.452836 0.049827 -0.246085
63 0.477167 -0.096285 -0.241634
64 -0.332818 0.409919 -0.246941
65 -0.69287 0.139778 -0.251789
66 0.005906 -0.216718 -0.566623
67 0.024065 -0.249913 -0.58499
68 -0.332862 0.379918 -0.246665
69 0.357144 0.049829 -0.22955
70 -0.647321 -0.217187 -0.566437
71 0.027112 0.019864 -0.236026
72 -0.414592 -0.22927 -0.58709
73 -0.814914 -0.639781 -0.600153
74 -0.272899 0.349828 -0.245165
75 -0.811381 -0.246515 -0.236422
76 0.03199 -0.275731 -0.2192
77 -0.3935 -0.225021 -0.589684
78 -0.782893 -0.32926 -0.533447
79 0.015858 0.057506 -0.237068
80 0.417188 -0.032371 -0.227698
81 0.357108 0.439873 -0.233129
82 -0.483885 -0.267673 -0.229803
83 -0.21286 0.379871 -0.244217
84 -0.243001 0.349872 -0.244549
85 -0.122424 -0.647194 -0.702619
86 -0.362884 0.349767 -0.246987
87 -0.632945 0.019869 -0.249473
88 -0.692881 0.379853 -0.254004
89 -0.662821 0.70972 -0.256417
90 -0.152872 0.019818 -0.239677
91 0.087071 0.559706 -0.239736
92 -0.362825 0.019726 -0.243975
93 -0.452812 0.139845 -0.246904
94 0.087094 0.649864 -0.240545
95 -0.543563 -0.279549 -0.230891
96 -0.752894 -0.010216 -0.25164
97 0.417197 -0.010244 -0.227762
98 -0.666319 -0.214165 -0.562255
99 -0.003239 -0.225262 -0.581095
100 0.027251 0.049707 -0.236282
101 -0.542837 0.409776 -0.25121
102 -0.791423 -0.25413 -0.237047
103 -0.272865 0.409938 -0.245712
104 -0.332792 0.109912 -0.244191
105 -0.516988 -0.274288 -0.230391
106 -0.362924 0.37988 -0.24728
107 -0.36285 0.109932 -0.244787
108 -0.422825 0.589723 -0.250413
109 -0.69293 0.049789 -0.250978
110 -0.092862 0.019828 -0.23846
111 -0.785067 -0.645201 -0.646004
112 -0.422848 0.319806 -0.247942
113 -0.839315 -0.246433 -0.236743
114 -0.332818 0.349739 -0.246382
115 -0.547606 -0.298935 -0.230979
116 -0.512936 0.319864 -0.24978
117 -0.812927 -0.09593 -0.26796
118 -0.692915 0.769791 -0.257584
119 -0.692869 0.589835 -0.255925
120 -0.572874 0.019875 -0.248263
121 -0.062867 0.379857 -0.24115
122 -0.752935 0.8251 -0.25985
123 -0.832317 0.88773 -0.277373
124 -0.392856 0.079853 -0.245145
125 -0.602909 0.019808 -0.248859
126 -0.062823 0.019857 -0.237856
127 -1.050387 -0.519881 -0.605096
128 -0.392951 0.199751 -0.246235
129 -0.861382 -0.251278 -0.23691
130 -0.36284 0.22987 -0.245896
131 -0.39284 0.049792 -0.24485
132 -0.392943 0.139908 -0.245681
133 -0.182833 0.019845 -0.240298
134 -0.875166 -0.278833 -0.237681
135 -0.182895 0.049914 -0.240567
136 -0.242934 0.37991 -0.244831
137 -0.332774 0.319735 -0.246108
138 -0.182831 0.259885 -0.242494
139 -0.302843 0.379895 -0.24605
140 -1.882767 0.177797 -0.554897
141 -1.875988 0.178245 -0.564089
142 -1.876013 0.406261 -0.564592
143 -1.882057 0.406411 -0.556022
144 -2.152331 0.17786 -0.559579
145 -2.177135 0.177359 -0.598633
146 -1.837767 0.199856 -0.64202
147 -1.99616 0.168387 -0.680051
148 -2.00536 0.168341 -0.693536
149 -1.997457 0.140237 -0.687507
150 -1.863886 0.406217 -0.582011
151 -1.863718 0.177632 -0.581955
152 -1.052266 -0.659649 -0.60801
153 -1.997455 0.16966 -0.687611
154 -1.863538 0.199673 -0.582004
155 -2.005299 0.139818 -0.693367
156 -1.843484 0.406052 -0.61669
157 -1.99621 0.139889 -0.679955
158 -1.850428 0.199815 -0.600779
159 -1.850711 0.406031 -0.600892
160 -2.069999 0.405969 -0.858236
161 -2.104873 -0.318215 -1.129308
162 -2.042885 0.405868 -0.863051
163 -2.076652 -0.305907 -1.152266
164 -2.085537 -0.311847 -1.13573
165 -2.043059 0.177344 -0.86226
166 -2.010781 0.177888 -0.867573
167 -1.546314 -0.292658 -1.436644
168 -1.594508 -0.281539 -1.428565
169 -2.070123 0.177501 -0.857442
170 -2.337069 -0.378729 -1.236489
171 -2.042604 0.199845 -0.862528
172 -2.15769 -0.303672 -1.298966
173 -2.129438 -0.322049 -1.128786
174 -2.073291 -0.293098 -1.214051
175 -2.336257 -0.36853 -1.274794
176 -2.007281 -0.728325 -0.691483
177 -2.132623 -0.307083 -1.303027
178 -2.074492 -0.293918 -1.238123
179 -1.679465 -0.280899 -1.588956
180 -1.539582 -0.292865 -1.45376
181 -1.558884 -0.291784 -1.587319
182 -1.619872 -0.279788 -1.593988
183 -1.675956 -0.279646 -1.427664
184 -2.338289 -0.430767 -1.179264
185 -2.336058 -0.389452 -1.277634
186 -1.619648 -0.278546 -1.428036
187 -1.478648 -0.313737 -1.51325
188 -2.335752 -0.493736 -1.300857
189 -2.334489 -0.464843 -1.362119
190 -2.33692 -0.389972 -1.240758
191 -2.337573 -0.374699 -1.210936
192 -1.645236 -0.279771 -1.590527
193 -2.333857 -0.462021 -1.394441
194 -1.524676 -0.297018 -1.458218
195 -2.335135 -0.492597 -1.3335
196 -2.333229 -0.432552 -1.424345
197 -2.263142 0.367638 -2.421959
198 -2.263525 0.319821 -2.421724
199 -2.280562 -0.190207 -2.591973
200 -2.279973 -0.130064 -2.59197
201 -2.278821 -0.010161 -2.591896
202 -2.278499 -0.04011 -2.621855
203 -2.279363 -0.130171 -2.622011
204 -2.279653 -0.16017 -2.621966
205 -2.27824 0.049773 -2.591988
206 -2.279686 -0.100146 -2.591922
207 -2.275921 0.289853 -2.592012
208 -2.277948 0.079778 -2.591964
209 -2.277915 0.019823 -2.621948
210 -2.278208 -0.010258 -2.621964
211 -2.279046 -0.160173 -2.651936
212 -2.279949 -0.190248 -2.622013
213 -2.279334 -0.190308 -2.651932
214 -2.279399 -0.070219 -2.591849
215 -2.278725 -0.190242 -2.681973
216 -2.278436 -0.160294 -2.68197
217 -2.278751 -0.130178 -2.652062
218 -2.275596 0.259802 -2.621949
219 -2.278113 -0.19019 -2.712008
220 -2.280837 -0.220168 -2.59198
221 -2.277824 -0.16022 -2.712036
222 -2.262488 0.367638 -2.441767
223 -2.279013 -0.22022 -2.682023
224 -2.276889 -0.190138 -2.771866
225 -2.277211 -0.160139 -2.741978
226 -2.274058 0.229853 -2.71206
227 -2.262593 0.349849 -2.442026
228 -2.276283 -0.190158 -2.801962
229 -2.277504 -0.190235 -2.741871
230 -2.276597 -0.160088 -2.771996
231 -2.275143 -0.01004 -2.772024
232 -2.277791 -0.22018 -2.74196
233 -2.274541 -0.010186 -2.802023
234 -2.27567 -0.19017 -2.83196
235 -2.275441 -0.040022 -2.771891
236 -2.276344 -0.070197 -2.741935
237 -2.274446 -0.19024 -2.892039
238 -2.273313 -0.010119 -2.862009
239 -2.277175 -0.220165 -2.771985
240 -2.275053 -0.190212 -2.862006
241 -2.273924 -0.010281 -2.832053
242 -2.273635 0.019834 -2.832072
243 -2.274762 -0.160152 -2.862005
244 -2.273542 -0.160129 -2.921956
245 -2.274211 -0.040281 -2.831992
246 -2.272474 0.139883 -2.831978
247 -2.27271 -0.010122 -2.891965
248 -2.275378 -0.160166 -2.831952
249 -2.273215 -0.190221 -2.952006
250 -2.273836 -0.190225 -2.921926
251 -2.272927 -0.160222 -2.95198
252 -2.272733 0.049896 -2.861906
253 -2.278401 -0.220214 -2.711958
254 -2.272612 -0.190071 -2.982082
255 -2.269483 0.259827 -2.92197
256 -2.268868 0.259824 -2.951957
257 -2.269154 0.229878 -2.951966
258 -2.269772 0.229814 -2.921882
259 -2.272411 0.019831 -2.891937
260 -2.271796 0.01985 -2.921924
261 -2.277657 0.109851 -2.591921
262 -2.271387 -0.190183 -3.041918
263 -2.267262 0.230174 -3.042624
264 -2.271711 -0.160298 -3.012005
265 -2.270498 -0.160115 -3.07187
266 -2.268839 0.199846 -2.982036
267 -2.272903 -0.220153 -2.98206
268 -2.272 -0.190172 -3.011913
269 -2.267767 0.210893 -2.9949
270 -2.270362 0.16978 -2.921849
271 -2.26974 0.169932 -2.951867
272 -2.270772 -0.190182 -3.071977
273 -2.269879 -0.160122 -3.101874
274 -2.271102 -0.160237 -3.041991
275 -2.270968 0.16984 -2.891909
276 -2.072817 1.330698 -2.951767
277 -2.268666 -0.160238 -3.161881
278 -2.266369 0.139832 -3.131888
279 -2.266108 0.229839 -3.10192
280 -2.266656 0.109761 -3.132049
281 -2.267621 -0.158016 -3.196404
282 -2.270165 -0.190066 -3.101997
283 -2.273958 0.049856 -2.801863
284 -2.26811 -0.191688 -3.217791
285 -2.264272 0.229823 -3.192023
286 -2.267708 -0.186818 -3.199218
287 -2.265435 0.109782 -3.191985
288 -2.072668 1.331626 -2.92189
289 -2.267433 0.140535 -3.073815
290 -2.268344 0.199226 -3.010585
291 -2.266778 -0.220192 -3.282032
292 -2.263667 0.229865 -3.221887
293 -2.263051 0.229804 -3.25195
294 -2.263362 0.25981 -3.2221
295 -2.268028 -0.162926 -3.21455
296 -2.265117 0.079773 -3.221929
297 -2.267782 0.152896 -3.025824
298 -2.01278 1.330362 -3.041981
299 -2.26619 -0.220207 -3.311947
300 -2.26559 -0.160142 -3.311995
301 -2.268638 -0.220211 -3.19201
302 -2.072796 1.330595 -2.981868
303 -2.042766 1.331078 -2.921707
304 -2.269196 0.289824 -2.921948
305 -2.266329 0.079869 -3.161961
306 -2.270073 0.19981 -2.921788
307 -2.264616 -0.250083 -3.402008
308 -2.262436 0.229847 -3.281951
309 -2.263795 -0.100252 -3.372093
310 -2.042935 1.330671 -2.952071
311 -2.266683 0.169766 -3.102024
312 -2.012851 1.330644 -2.951805
313 -2.263753 -0.160235 -3.402001
314 -1.982796 1.330436 -3.012104
315 -2.27168 -0.220138 -3.041884
316 -2.012995 1.330983 -3.071956
317 -2.264976 -0.160175 -3.342084
318 -2.272314 -0.160102 -2.981919
319 -2.259408 0.289809 -3.401898
320 -2.265884 -0.190121 -3.312074
321 -2.271571 0.16979 -2.862017
322 -2.267055 -0.250097 -3.281969
323 -2.264343 -0.220074 -3.402037
324 -1.982582 1.330452 -3.042218
325 -2.264172 0.049856 -3.281903
326 -2.27911 -0.040241 -2.591919
327 -2.239895 0.365895 -3.571645
328 -2.26489 0.22979 -3.161985
329 -2.267808 -0.181018 -3.174638
330 -2.264953 -0.220151 -3.372143
331 -2.264052 -0.190275 -3.402093
332 -2.26789 0.160453 -3.087475
333 -2.239582 0.349924 -3.572031
334 -2.262376 0.109847 -3.341871
335 -2.263601 0.109829 -3.28191
336 -2.265563 -0.220134 -3.342023
337 -2.240301 0.365944 -3.551677
338 -2.239954 0.349821 -3.552117
339 -2.259698 0.259876 -3.401883
340 -2.267987 0.165965 -3.062962
341 -2.277534 -0.130138 -2.712001
342 -2.270676 0.19981 -2.891969
343 -2.263175 -0.100205 -3.402023
344 -2.246579 -0.325899 -3.57035
345 -2.263469 -0.130162 -3.401935
346 -2.245743 -0.310012 -3.570988
347 -2.265272 -0.190198 -3.34189
348 -2.267908 -0.234422 -3.269716
349 -2.264763 -0.010147 -3.281942
350 -2.262943 0.049846 -3.342008
351 -2.266448 -0.250081 -3.312068
352 -2.263565 0.049783 -3.311892
353 -2.268776 -0.308826 -2.441898
354 -2.246166 -0.31014 -3.552072
355 -2.265844 -0.250084 -3.34209
356 -2.259905 -0.34024 -5.021917
357 -1.896756 -0.643045 -4.688156
358 -2.18811 -0.70017 -5.108004
359 -2.260523 -0.340205 -4.991735
360 -1.902843 -0.659375 -4.695307
361 -1.766085 -0.675068 -3.848276
362 -2.260488 -0.310024 -4.991963
363 -1.450019 -0.761831 -4.462099
364 -1.431909 -0.781533 -4.481709
365 -1.46085 -0.7558 -4.460716
366 -2.272239 -0.823017 -4.412174
367 -1.4547 -0.740503 -4.465014
368 -2.239573 -1.16333 -4.730954
369 -2.241788 -1.126385 -4.625131
370 -1.438221 -0.759734 -4.478895
371 -1.762905 -0.813058 -4.130216
372 -1.438639 -0.881806 -4.458607
373 -2.241456 -1.169159 -4.626504
374 -1.428902 -0.863075 -4.469143
375 -1.421526 -0.767348 -4.304696
376 -1.869854 -1.150258 -5.175651
377 -1.657848 -0.820823 -4.0035
378 -1.687366 -0.730288 -4.00049
379 -2.27304 -0.820197 -4.391859
380 -1.679535 -0.868799 -4.038778
381 -1.770623 -0.815927 -4.153307
382 -1.801246 -0.819233 -4.185881
383 -1.432132 -0.863898 -4.464062
384 -1.75983 -0.700184 -3.848318
385 -2.042339 -1.148172 -4.180972
386 -2.241967 -1.150395 -4.627012
387 -1.448239 -0.730675 -4.480708
388 -1.60414 -1.147786 -5.192541
389 -1.649846 -0.79356 -4.007464
390 -1.694078 -0.738684 -3.984002
391 -2.063688 -1.147322 -4.190625
392 -2.22282 -1.172073 -4.542111
393 -2.071505 -1.120039 -6.194857
394 -2.098203 -1.149814 -6.195148
395 -2.126841 -0.369787 -6.198234
396 -1.882355 -1.150487 -5.164261
397 -1.764741 -1.150163 -5.137539
398 -1.802803 -0.819246 -4.211948
399 -1.688824 -0.76136 -3.980979
400 -2.270959 -0.945925 -4.472712
401 -2.071534 -1.03016 -6.19516
402 -2.098697 -0.789831 -6.196363
403 -2.098893 -0.759749 -6.196476
404 -2.099455 -0.580292 -6.197074
405 -2.071635 -1.150078 -6.194761
406 -1.814598 -1.117227 -4.052527
407 -1.835704 -1.126732 -4.058365
408 -2.101727 -0.313427 -6.19832
409 -2.100647 -0.400064 -6.197711
410 -2.10125 -0.370031 -6.197816
411 -2.071551 -1.060117 -6.195063
412 -1.766277 -0.675018 -3.821935
413 -1.427303 -0.773994 -4.285836
414 -2.272922 -0.790719 -4.391285
415 -2.101357 -0.340107 -6.197973
416 -2.072703 -0.490196 -6.196964
417 -2.072811 -0.520355 -6.196861
418 -2.099349 -0.610142 -6.196938
419 -1.855544 -1.132625 -4.066503
420 -1.425466 -0.879636 -4.4795
421 -1.78458 -0.885134 -4.080634
422 -1.772839 -0.818715 -4.182401
423 -1.807476 -0.89631 -4.10151
424 -2.042678 -0.490197 -6.196354
425 -1.826255 -1.128726 -4.041297
426 -2.10017 -0.429999 -6.197596
427 -2.072283 -0.760146 -6.196035
428 -2.071708 -0.940108 -6.195436
429 -2.071777 -0.970146 -6.195349
430 -1.85954 -1.133163 -4.083238
431 -2.012415 -1.147707 -4.151798
432 -1.654495 -0.857019 -4.025532
433 -2.271871 -0.940292 -4.451799
434 -1.983021 -1.120331 -6.193119
435 -1.982821 -0.790377 -6.194178
436 -1.922047 -1.171523 -4.332638
437 -2.072953 -1.171679 -4.391922
438 -2.271194 -0.971764 -4.479319
439 -1.982684 -0.400135 -6.19542
440 -2.042922 -0.313356 -6.197226
441 -2.072331 -0.790164 -6.195926
442 -2.016438 -1.149435 -4.174654
443 -1.428944 -0.881271 -4.469062
444 -1.892859 -0.788668 -4.332109
445 -1.952651 -0.940154 -6.193075
446 -1.982829 -0.460247 -6.195229
447 -1.952816 -0.610136 -6.194141
448 -2.042849 -1.030091 -6.19463
449 -2.072647 -0.580138 -6.196652
450 -2.012855 -0.790199 -6.194783
451 -1.982822 -0.940176 -6.193681
452 -2.072623 -0.61015 -6.196562
453 -2.033802 -1.147499 -4.159888
454 -1.922793 -0.400172 -6.19421
455 -1.952756 -0.580091 -6.194225
456 -1.922901 -0.430279 -6.194098
457 -1.982876 -0.430105 -6.19532
458 -1.922735 -0.940264 -6.192463
459 -2.042901 -0.340035 -6.196839
460 -2.242663 -1.122138 -4.600482
461 -1.754558 -1.148845 -5.152158
462 -1.894436 -1.150616 -5.142522
463 -2.244392 -1.16967 -4.421728
464 -1.760373 -0.700116 -3.821977
465 -2.098024 -1.119937 -6.195223
466 -1.862767 -1.030251 -6.190951
467 -1.922801 -0.460174 -6.193996
468 -1.922733 -0.580127 -6.193614
469 -1.862851 -1.06021 -6.190866
470 -1.982767 -0.580189 -6.19485
471 -1.982719 -0.760281 -6.194248
472 -2.072969 -0.40012 -6.197266
473 -2.042784 -0.520263 -6.196267
474 -2.012841 -0.940132 -6.194313
475 -2.012697 -0.610148 -6.195362
476 -2.042909 -1.060141 -6.194546
477 -1.896821 -1.142016 -4.113372
478 -2.243988 -1.169665 -4.451717
479 -1.403385 -0.817776 -4.298561
480 -1.862746 -0.8803 -6.19143
481 -1.952888 -1.090291 -6.19259
482 -2.01293 -1.150378 -6.193637
483 -2.042862 -1.120259 -6.194353
484 -1.60442 -1.120163 -5.192832
485 -1.754086 -1.119945 -5.151423
486 -1.802719 -0.850156 -6.190309
487 -1.802813 -1.030201 -6.189723
488 -1.832839 -0.520052 -6.191963
489 -1.802734 -0.880068 -6.190212
490 -1.802808 -1.060266 -6.189628
491 -1.86278 -0.550027 -6.192478
492 -1.922893 -0.610116 -6.193508
493 -2.01278 -0.580221 -6.195461
494 -2.072844 -0.4301 -6.197172
495 -1.894728 -1.141437 -4.089685
496 -1.607146 -1.120442 -5.185395
497 -2.242279 -1.100227 -4.593016
498 -1.773727 -0.970141 -6.189312
499 -1.773746 -0.940104 -6.18942
500 -1.832913 -0.49016 -6.192072
501 -1.773388 -0.88016 -6.18961
502 -1.952818 -0.460316 -6.194612
503 -1.8328 -0.313461 -6.193054
504 -1.862822 -0.520111 -6.192574
505 -2.012884 -1.120243 -6.193725
506 -2.072822 -0.550288 -6.196762
507 -2.042712 -0.940143 -6.194912
508 -1.622954 -0.842214 -4.006909
509 -1.802883 -0.313547 -6.19245
510 -1.773511 -0.850036 -6.189705
511 -1.773574 -0.550162 -6.190659
512 -1.773367 -0.640116 -6.190366
513 -1.86285 -0.313495 -6.1937
514 -1.802773 -0.370256 -6.191824
515 -1.832868 -0.340006 -6.192536
516 -1.862806 -0.850102 -6.191535
517 -1.861351 -1.170474 -4.08684
518 -1.952659 -0.550312 -6.194318
519 -1.616171 -1.14742 -5.170566
520 -2.042793 -1.171421 -4.302077
521 -1.773443 -0.370132 -6.191229
522 -1.775368 -0.302724 -6.221109
523 -1.862838 -0.370136 -6.193061
524 -1.773628 -0.490126 -6.190866
525 -1.802814 -0.520099 -6.191368
526 -1.982771 -0.610086 -6.194747
527 -2.012867 -0.760252 -6.19488
528 -2.102725 -1.171773 -4.422162
529 -2.245819 -1.150145 -4.451877
530 -1.80286 -0.340143 -6.191935
531 -1.77365 -0.460172 -6.190939
532 -1.802921 -0.490235 -6.191449
533 -1.862832 -0.49012 -6.192668
534 -1.892958 -0.430185 -6.193501
535 -1.74031 -1.148678 -5.168517
536 -1.773649 -0.313699 -6.19177
537 -1.77352 -0.39996 -6.191138
538 -1.803388 -0.302852 -6.281241
539 -1.773532 -1.03013 -6.189134
540 -1.862929 -0.340256 -6.193162
541 -2.0127 -0.520247 -6.19564
542 -2.042795 -0.970144 -6.194822
543 -1.871113 -1.137378 -4.091808
544 -1.922629 -1.17169 -4.36213
545 -1.592794 -1.060138 -6.185344
546 -1.592783 -0.880187 -6.185922
547 -1.592857 -1.030246 -6.185423
548 -1.802376 -0.302966 -6.251034
549 -1.802807 -0.55019 -6.191264
550 -2.012883 -0.339952 -6.196224
551 -2.042886 -0.760155 -6.195509
552 -1.77664 -0.302671 -6.251507
553 -1.592693 -0.850284 -6.186002
554 -1.59287 -0.910003 -6.185818
555 -1.592809 -0.700209 -6.186471
556 -1.643887 -0.31306 -6.189251
557 -1.74912 -0.370049 -6.190763
558 -1.621091 -0.850132 -6.18652
559 -1.802789 -0.640167 -6.190971
560 -1.77352 -0.520185 -6.19077
561 -2.04276 -0.580113 -6.196078
562 -1.832801 -0.880167 -6.190817
563 -1.53284 -0.850152 -6.18477
564 -1.532722 -0.88021 -6.184684
565 -1.562841 -0.670181 -6.185961
566 -1.592934 -0.313431 -6.188452
567 -1.592874 -0.370186 -6.187539
568 -1.749104 -0.93997 -6.188942
569 -1.62116 -1.030311 -6.185924
570 -1.773585 -0.340251 -6.191321
571 -1.832828 -0.550074 -6.191868
572 -2.012787 -0.970026 -6.194216
573 -1.773657 -0.730306 -6.190099
574 -2.012822 -0.490117 -6.195735
575 -1.832945 -0.70033 -6.191392
576 -1.592704 -0.670105 -6.186573
577 -1.532844 -0.490146 -6.185923
578 -1.592807 -0.340181 -6.187621
579 -1.532585 -0.520058 -6.185822
580 -1.562702 -0.700127 -6.185857
581 -1.592901 -0.490095 -6.187152
582 -1.59293 -0.520213 -6.187064
583 -1.835029 -0.303121 -6.370341
584 -1.621076 -0.700146 -6.18701
585 -1.62115 -1.060207 -6.185842
586 -1.832922 -0.820237 -6.191023
587 -1.749187 -0.49007 -6.190384
588 -1.892954 -0.61012 -6.192906
589 -1.892799 -0.490157 -6.19329
590 -1.802858 -0.700261 -6.190774
591 -2.042814 -0.610248 -6.195985
592 -1.562641 -0.880281 -6.185288
593 -1.562905 -0.313621 -6.18765
594 -1.532843 -0.550116 -6.185739
595 -1.621247 -0.313401 -6.188861
596 -1.621122 -0.340254 -6.188138
597 -1.802927 -0.730301 -6.190673
598 -2.042699 -0.430118 -6.196543
599 -1.631253 -1.146868 -5.147495
600 -1.442779 -0.790239 -6.183126
601 -1.805734 -0.303024 -6.31071
602 -1.773526 -0.670131 -6.19028
603 -1.621194 -0.880094 -6.186406
604 -1.892701 -0.580149 -6.192992
605 -2.043009 -0.790178 -6.195402
606 -1.442742 -0.760287 -6.183214
607 -1.532864 -0.670099 -6.185348
608 -1.532961 -0.313479 -6.18721
609 -1.562754 -0.640201 -6.186042
610 -1.621022 -0.670077 -6.187103
611 -1.77347 -1.060138 -6.189023
612 -1.982699 -0.520138 -6.195037
613 -1.441141 -0.765422 -4.272659
614 -1.442819 -0.400108 -6.184371
615 -1.412835 -0.580218 -6.183184
616 -1.442854 -0.460098 -6.184177
617 -1.802955 -0.460065 -6.191547
618 -2.012806 -1.030051 -6.194029
619 -1.412804 -0.400184 -6.183755
620 -1.532803 -0.370197 -6.186303
621 -1.442745 -0.580203 -6.183789
622 -1.412877 -1.120102 -6.181478
623 -1.532948 -0.340067 -6.186405
624 -1.56289 -0.490175 -6.186529
625 -1.616236 -1.120151 -5.170361
626 -2.042834 -0.400266 -6.196657
627 -1.412803 -0.460098 -6.183566
628 -1.44289 -0.430248 -6.184278
629 -1.834452 -0.303196 -6.3418
630 -1.442875 -0.610081 -6.183698
631 -1.562982 -0.550023 -6.186355
632 -1.348251 -0.670125 -5.216013
633 -1.292946 -0.850232 -6.179863
634 -1.382849 -0.460175 -6.182954
635 -1.322831 -0.730099 -6.180878
636 -1.412828 -0.610046 -6.183098
637 -1.472791 -0.790014 -6.183745
638 -1.802833 -0.670218 -6.190874
639 -1.322903 -0.490202 -6.181624
640 -1.3228 -0.37017 -6.18201
641 -1.322802 -0.313294 -6.183093
642 -1.322865 -0.550199 -6.181436
643 -1.382906 -0.40017 -6.183136
644 -1.32292 -1.030083 -6.179905
645 -1.472956 -0.610018 -6.184318
646 -1.562729 -0.520046 -6.186443
647 -1.502875 -0.850166 -6.184179
648 -1.832896 -0.370232 -6.192457
649 -1.781329 -0.302707 -6.277143
650 -1.292929 -0.37024 -6.181395
651 -1.198633 -1.121 -6.176734
652 -1.262824 -0.549964 -6.180215
653 -1.262867 -0.490126 -6.180409
654 -1.562912 -0.370061 -6.186925
655 -1.532659 -0.700079 -6.185255
656 -1.562892 -0.820154 -6.185488
657 -1.982857 -0.490155 -6.195126
658 -1.292935 -0.313216 -6.18264
659 -1.262866 -0.52013 -6.180304
660 -1.322753 -0.670211 -6.181055
661 -1.382754 -0.430152 -6.183047
662 -1.47296 -0.430154 -6.184891
663 -1.472872 -0.760156 -6.18384
664 -1.502799 -0.313444 -6.1866
665 -1.324458 -0.700238 -5.215513
666 -2.013073 -0.313469 -6.196627
667 -1.322844 -0.520117 -6.181534
668 -1.749239 -0.31341 -6.191351
669 -1.502666 -0.520129 -6.185215
670 -1.382855 -0.610134 -6.18247
671 -1.472774 -0.580171 -6.184403
672 -1.562611 -0.460158 -6.186625
673 -1.502937 -0.340111 -6.185791
674 -1.59266 -0.430287 -6.18733
675 -1.395438 -0.818218 -4.311316
676 -1.412866 -0.640203 -6.182998
677 -1.292839 -0.880338 -6.179777
678 -1.382841 -0.580202 -6.182577
679 -1.262993 -0.850124 -6.179254
680 -1.324468 -0.520131 -5.216073
681 -1.172925 -0.400084 -6.178846
682 -1.143211 -0.610153 -6.177617
683 -1.412863 -0.550283 -6.183275
684 -1.63127 -1.120163 -5.14738
685 -1.142879 -0.460086 -6.178051
686 -1.262873 -0.370169 -6.180777
687 -1.262782 -0.313318 -6.181996
688 -1.322822 -0.340103 -6.182107
689 -1.262894 -0.340148 -6.180882
690 -1.472773 -0.400138 -6.184977
691 -1.347341 -0.460303 -5.216551
692 -1.142819 -0.430086 -6.178136
693 -1.142815 -0.400129 -6.178222
694 -1.052753 -0.880092 -6.174863
695 -1.052926 -0.85019 -6.174967
696 -1.143874 -0.640036 -6.177549
697 -1.749011 -0.849986 -6.189216
698 -1.143182 -0.58007 -6.177695
699 -1.202769 -0.460127 -6.179269
700 -1.502925 -0.760044 -6.184446
701 -1.052884 -0.490175 -6.176105
702 -1.172913 -0.460063 -6.178654
703 -1.022933 -0.850257 -6.174349
704 -1.172881 -0.429969 -6.178764
705 -1.563031 -0.730205 -6.185781
706 -1.23292 -0.520093 -6.179696
707 -1.3528 -0.340233 -6.182719
708 -1.442844 -0.550275 -6.1839
709 -1.532655 -0.460102 -6.186011
710 -1.472887 -0.520248 -6.184606
711 -2.012988 -1.090247 -6.193834
712 -1.179057 -1.119423 -6.177166
713 -1.051284 -0.315051 -6.17654
714 -1.051905 -0.370356 -6.176415
715 -1.065093 -0.488529 -6.177031
716 -1.061256 -0.368092 -6.177132
717 -1.022816 -0.880233 -6.174254
718 -1.082841 -0.880171 -6.175473
719 -1.20292 -0.430127 -6.17936
720 -1.352788 -0.313352 -6.183706
721 -1.292836 -0.550122 -6.180823
722 -1.502867 -0.490023 -6.185311
723 -1.352819 -0.490156 -6.182244
724 -1.592852 -0.400186 -6.187439
725 -1.562909 -0.400166 -6.186821
726 -1.3245 -0.460239 -5.216242
727 -1.051483 -0.340371 -6.176473
728 -0.932826 -0.760214 -6.172798
729 -1.022857 -0.490123 -6.175497
730 -1.059677 -0.542475 -6.17704
731 -1.113704 -0.429973 -6.177587
732 -1.082855 -0.850179 -6.175578
733 -1.134307 -0.612455 -6.176857
734 -1.23287 -0.490202 -6.179786
735 -1.324389 -0.670121 -5.215602
736 -0.93281 -0.640333 -6.173173
737 -1.29289 -0.340139 -6.181489
738 -0.992848 -0.520103 -6.174793
739 -1.052764 -0.520202 -6.176005
740 -1.202911 -0.400157 -6.179469
741 -1.292862 -0.460253 -6.18111
742 -1.352837 -0.400201 -6.182535
743 -1.292856 -0.490269 -6.181007
744 -1.983043 -0.313563 -6.196018
745 -0.932816 -0.610098 -6.173278
746 -1.056325 -0.309815 -6.180611
747 -1.059902 -0.339604 -6.177153
748 -1.113196 -0.400079 -6.177651
749 -0.992791 -0.490158 -6.174892
750 -1.065635 -0.522715 -6.177061
751 -1.532981 -0.400248 -6.186212
752 -1.132975 -0.581833 -6.17688
753 -1.262869 -0.880128 -6.179154
754 -1.077636 -0.315983 -6.176785
755 -1.172758 -0.580274 -6.178277
756 -1.322673 -0.850372 -6.180483
757 -1.808334 -0.302845 -6.339214
758 -1.352777 -0.52014 -6.182141
759 -1.232862 -0.430153 -6.179988
760 -1.022801 -0.370221 -6.175878
761 -1.022771 -0.460215 -6.175584
762 -1.86291 -0.580123 -6.192379
763 -1.50293 -0.790072 -6.184353
764 -0.782937 -0.314149 -6.171251
765 -0.782877 -0.460145 -6.170685
766 -1.202926 -0.580148 -6.178901
767 -0.932874 -0.580136 -6.173366
768 -0.902661 -0.730272 -6.172275
769 -0.992988 -0.880306 -6.173635
770 -1.324394 -0.640139 -5.215687
771 -0.632902 -1.120149 -6.165516
772 -0.782106 -0.303556 -6.190825
773 -0.783042 -0.550195 -6.170392
774 -0.783213 -0.910143 -6.169248
775 -1.022882 -0.520225 -6.175408
776 -1.081489 -0.520573 -6.176507
777 -1.352848 -0.430146 -6.182431
778 -1.078095 -0.340776 -6.17676
779 -1.116106 -0.609935 -6.177281
780 -1.087838 -0.489354 -6.177198
781 -1.309292 -0.220345 -5.311795
782 -1.022841 -0.5503 -6.175306
783 -1.142848 -0.370136 -6.178339
784 -1.232857 -0.340009 -6.180267
785 -0.782957 -0.490258 -6.170586
786 -0.933015 -0.94008 -6.172226
787 -1.037852 -0.341835 -6.176995
788 -0.962877 -0.609973 -6.173892
789 -0.992813 -0.85028 -6.173728
790 -1.748785 -0.400306 -6.19066
791 -0.63272 -1.150151 -6.16541
792 -1.41279 -0.760232 -6.18261
793 -0.93303 -0.4301 -6.17385
794 -1.103557 -0.402014 -6.176868
795 -0.962695 -0.520064 -6.174164
796 -1.089072 -0.519238 -6.177159
797 -1.202768 -0.340123 -6.179644
798 -0.542739 -1.060137 -6.163861
799 -1.748948 -0.880027 -6.189106
800 -1.100415 -0.319897 -6.176905
801 -1.347554 -0.490256 -5.216499
802 -0.812835 -0.490198 -6.171198
803 -0.783131 -0.820252 -6.16954
804 -0.812945 -0.850171 -6.170059
805 -1.022846 -0.340294 -6.175971
806 -1.112927 -0.340158 -6.177822
807 -0.512896 -0.340166 -6.165542
808 -0.512753 -0.314026 -6.165846
809 -0.51283 -0.370167 -6.16545
810 -0.812889 -0.880076 -6.169946
811 -1.749198 -0.970104 -6.188826
812 -0.55744 -0.24985 -5.289919
813 -0.542761 -1.030094 -6.163947
814 -1.322929 -0.880318 -6.180391
815 -0.812775 -0.520172 -6.171102
816 -1.081015 -0.490572 -6.17656
817 -1.084981 -0.340071 -6.177393
818 -1.982984 -0.340222 -6.195614
819 -1.112832 -0.31333 -6.179307
820 -0.392782 -1.120059 -6.160619
821 -0.482885 -0.49021 -6.164451
822 -0.685317 -0.303632 -6.28361
823 -0.78303 -0.370126 -6.170973
824 -1.14304 -0.550227 -6.177766
825 -1.562745 -0.430247 -6.186713
826 -0.542826 -0.520222 -6.165579
827 -0.657846 -0.313886 -6.168687
828 -1.104441 -0.431322 -6.176851
829 -0.362951 -1.029992 -6.160267
830 -0.362873 -1.059941 -6.16018
831 -0.282026 -1.149254 -5.101093
832 -0.512846 -0.490246 -6.165062
833 -0.482892 -0.52025 -6.164357
834 -0.60277 -1.120267 -6.164897
835 -1.172907 -0.550192 -6.178379
836 -0.962892 -0.580037 -6.173976
837 -1.773698 -0.700137 -6.19017
838 -0.962871 -0.400098 -6.174551
839 -1.412817 -0.370176 -6.183849
840 -0.362741 -0.610128 -6.16161
841 -0.36279 -0.580105 -6.161711
842 -0.392967 -0.400264 -6.162896
843 -0.392853 -0.46013 -6.162697
844 -0.288973 -1.147847 -5.106858
845 -0.482768 -0.313996 -6.165235
846 -0.542976 -0.490137 -6.165688
847 -0.483053 -1.030185 -6.162732
848 -1.749079 -0.460157 -6.190462
849 -0.542964 -0.340218 -6.166161
850 -0.783337 -0.303741 -6.251072
851 -1.172776 -0.370166 -6.178943
852 -0.333037 -0.550099 -6.161194
853 -0.333221 -0.490021 -6.161395
854 -0.333105 -0.460213 -6.161486
855 -0.362774 -0.460086 -6.162097
856 -0.333047 -0.40017 -6.161676
857 -0.542941 -0.313954 -6.166443
858 -0.422861 -1.120093 -6.16122
859 -0.557431 -0.220198 -5.289998
860 -1.324573 -0.490156 -5.21615
861 -0.332891 -0.313833 -6.162303
862 -0.332878 -0.370186 -6.161765
863 -0.362767 -0.430192 -6.162189
864 -0.39284 -1.090096 -6.160699
865 -0.483006 -1.060218 -6.162642
866 -0.512854 -0.550198 -6.164871
867 -0.687145 -0.303529 -6.313671
868 -1.382861 -0.34018 -6.183331
869 -0.332837 -0.340143 -6.161863
870 -0.33307 -0.580166 -6.1611
871 -1.748841 -0.64013 -6.189874
872 -0.783067 -0.520151 -6.170496
873 -0.392866 -0.430196 -6.162801
874 -1.532743 -0.640187 -6.185444
875 -0.482826 -0.340104 -6.164925
876 -0.512972 -1.060198 -6.163254
877 -0.783086 -0.340235 -6.171063
878 -0.333173 -0.519922 -6.161297
879 -0.362834 -0.940212 -6.160563
880 -0.333075 -0.430137 -6.161584
881 -0.3331 -0.610105 -6.161004
882 -0.683416 -0.303159 -6.254668
883 -0.452855 -0.34027 -6.164314
884 -1.086614 -0.42983 -6.177258
885 -0.452808 -0.313965 -6.164667
886 -0.658001 -0.460145 -6.168061
887 -0.45296 -0.490293 -6.163832
888 -0.632831 -0.550041 -6.167334
889 -0.362855 -0.400117 -6.162286
890 -0.362867 -0.520058 -6.161913
891 -0.392818 -0.580194 -6.162328
892 -2.042825 -1.150053 -6.194258
893 -0.812849 -0.340196 -6.171673
894 -0.42294 -0.430058 -6.163418
895 -0.304597 -1.150027 -5.19311
896 -0.512921 -1.090197 -6.163156
897 -0.632786 -0.580119 -6.16723
898 -0.362853 -0.760191 -6.161132
899 -1.892879 -0.520072 -6.193203
900 -1.749192 -0.340224 -6.190862
901 -0.422924 -0.790197 -6.162271
902 -0.362815 -0.850204 -6.16085
903 -0.362915 -0.49014 -6.162005
904 -0.267177 -1.148918 -5.090875
905 -0.84286 -0.340096 -6.172287
906 -0.842822 -0.520191 -6.171724
907 -0.657987 -0.580106 -6.167687
908 -0.962827 -0.430178 -6.174458
909 -0.756978 -0.490238 -6.170058
910 -0.756996 -0.460226 -6.170147
911 -0.757113 -0.550125 -6.169857
912 -0.392921 -0.550147 -6.162418
913 -0.482777 -0.370172 -6.164836
914 -0.362795 -0.970196 -6.160464
915 -1.752901 -0.301973 -6.216477
916 -1.812485 -0.30251 -6.368266
917 -0.362946 -1.090044 -6.160094
918 -0.362738 -0.790103 -6.16104
919 -0.757005 -0.340326 -6.170544
920 -0.332764 -1.150184 -5.193716
921 -0.756839 -0.314075 -6.17071
922 -0.602765 -0.34019 -6.167374
923 -0.362902 -0.550122 -6.161813
924 -0.65798 -0.550212 -6.167775
925 -1.022853 -0.67006 -6.174914
926 -1.749067 -0.550176 -6.190189
927 -0.757173 -0.520134 -6.169965
928 -0.333678 -1.030027 -6.159655
929 -0.812764 -0.314088 -6.171841
930 -0.452846 -0.520164 -6.163741
931 -0.139932 -1.148066 -5.123957
932 -0.756989 -0.370252 -6.170446
933 -0.632921 -0.460154 -6.167616
934 -0.333522 -0.940214 -6.159959
935 -0.333612 -1.06028 -6.159575
936 -0.51288 -0.52017 -6.164971
937 -2.072815 -0.459991 -6.197058
938 -0.333344 -0.760155 -6.160534
939 -0.783441 -0.30357 -6.22204
940 -0.33352 -0.97013 -6.159871
941 -0.130242 -1.120247 -5.109098
942 -0.632769 -0.340015 -6.167995
943 -0.39298 -0.520118 -6.162511
944 -0.422844 -0.580213 -6.162935
945 -0.333345 -0.790142 -6.160445
946 -0.129975 -1.148447 -5.109106
947 -0.422998 -0.760145 -6.162362
948 -0.482866 -0.550179 -6.164261
949 -0.39281 -0.490151 -6.16261
950 -0.572838 -0.340102 -6.16677
951 -0.285708 -1.174205 -5.128781
952 -0.333623 -0.880242 -6.160156
953 -0.392832 -1.030097 -6.160883
954 -0.686141 -0.30379 -6.342398
955 -1.106954 -0.491093 -6.176802
956 -0.303564 -0.313887 -6.161763
957 -0.572902 -0.314005 -6.167036
958 -0.783012 -0.670241 -6.170018
959 -1.084066 -0.312756 -6.178946
960 -0.422801 -0.520147 -6.163118
961 -0.392758 -0.760132 -6.161738
962 -1.532911 -0.43015 -6.186105
963 -1.348633 -0.220046 -5.217525
964 -0.303571 -0.340029 -6.161259
965 -1.47285 -0.490036 -6.18469
966 -0.658079 -0.820208 -6.166907
967 -0.842798 -0.490191 -6.171816
968 -0.42279 -1.090019 -6.161319
969 -1.787438 -0.301986 -6.31218
970 -0.30397 -0.400151 -6.161085
971 -0.267183 -1.120169 -5.090323
972 -0.783093 -0.880157 -6.16934
973 -0.362999 -1.120273 -6.160008
974 -0.661393 -0.303765 -6.252447
975 -0.757076 -0.64009 -6.169568
976 -0.303795 -0.370111 -6.161163
977 -0.662719 -0.303823 -6.280974
978 -0.333438 -0.850239 -6.160255
979 -0.304196 -0.430112 -6.160982
980 -0.66211 -0.303995 -6.312571
981 -0.658575 -0.303508 -6.191818
982 -0.305131 -0.489876 -6.1608
983 -0.659826 -0.303524 -6.222769
984 -0.392866 -0.640119 -6.16213
985 -0.392846 -0.61012 -6.162231
986 -1.109321 -0.580635 -6.176694
987 -0.632727 -0.314049 -6.168234
988 -0.422865 -0.610096 -6.162841
989 -0.45289 -0.580196 -6.163548
990 -1.109883 -0.610619 -6.176658
991 -0.632847 -0.820197 -6.166467
992 -1.982935 -1.090094 -6.193221
993 -0.42289 -0.490235 -6.163216
994 -1.532733 -0.759959 -6.185064
995 -0.842908 -0.850191 -6.170674
996 -1.113897 -0.460005 -6.177516
997 -1.0927 -0.608335 -6.177098
998 -0.304681 -0.459972 -6.160899
999 -0.305527 -0.519969 -6.160713
1000 -0.305951 -0.549947 -6.160628
1001 -0.757059 -0.67019 -6.169473
1002 -0.632841 -0.79021 -6.16656
1003 -0.658152 -0.790049 -6.167009
1004 -1.082483 -0.610282 -6.176307
1005 -0.632903 -0.759987 -6.166659
1006 -0.306571 -0.579974 -6.16053
1007 -0.842802 -0.314079 -6.172439
1008 -1.202737 -0.313278 -6.180829
1009 -0.783063 -0.850199 -6.169441
1010 -0.452837 -1.030159 -6.162125
1011 -0.65808 -0.730054 -6.167195
1012 -0.658158 -1.090254 -6.166034
1013 -0.632927 -1.090216 -6.16561
1014 -0.602788 -0.490059 -6.16691
1015 -0.632994 -0.430147 -6.167709
1016 -0.362816 -0.640174 -6.161523
1017 -0.307046 -0.610015 -6.160448
1018 -0.662334 -0.304128 -6.341385
1019 -0.602838 -0.520109 -6.166811
1020 -0.572787 -0.520103 -6.166193
1021 -0.572782 -0.490242 -6.166287
1022 -0.842866 -0.670184 -6.171245
1023 -0.307815 -0.640114 -6.160363
1024 -0.992838 -0.670147 -6.174302
1025 -0.902792 -0.400075 -6.17332
1026 -0.305412 -1.171287 -5.192675
1027 -0.756993 -0.730102 -6.169279
1028 -1.107786 -0.520946 -6.176771
1029 -1.202786 -0.490186 -6.179168
1030 -1.022733 -0.64003 -6.175005
1031 -0.632886 -0.729974 -6.166757
1032 -0.310285 -0.790015 -6.159915
1033 -0.333812 -1.120219 -6.159395
1034 -0.304117 -1.130204 -5.200237
1035 -0.39292 -0.730227 -6.161838
1036 -0.312727 -1.060118 -6.159026
1037 -0.31187 -0.939927 -6.15943
1038 -0.312467 -1.030179 -6.159114
1039 -0.333226 -0.670083 -6.160811
1040 -0.902845 -0.550245 -6.172849
1041 -0.902896 -0.580243 -6.172752
1042 -0.310025 -0.759703 -6.160016
1043 -0.311543 -0.880255 -6.159621
1044 -0.305263 -1.175311 -5.172004
1045 -0.757111 -0.820322 -6.168989
1046 -0.284237 -0.36923 -6.160731
1047 -0.285089 -0.429352 -6.160518
1048 -0.311072 -0.850128 -6.159725
1049 -0.283119 -0.313335 -6.161313
1050 -0.283671 -0.33969 -6.160821
1051 -0.284604 -0.399099 -6.160616
1052 -0.332909 -1.171475 -5.193137
1053 -0.13978 -1.120213 -5.123744
1054 -0.285333 -0.458392 -6.160454
1055 -0.311937 -0.969907 -6.159312
1056 -0.286947 -0.51688 -6.160198
1057 -0.902844 -0.910256 -6.171711
1058 0.77194 -0.843999 -4.360671
1059 0.755447 -0.817223 -4.332205
1060 0.756733 -0.812753 -4.305525
1061 -0.285936 -0.487543 -6.160321
1062 -0.156698 -1.175 -5.165951
1063 -0.092815 -1.175156 -5.052088
1064 -0.392729 -0.940257 -6.161181
1065 -0.092968 -1.175176 -5.082565
1066 0.759226 -0.817848 -4.359341
1067 0.755492 -0.791184 -4.305247
1068 -2.127711 -0.313106 -6.198668
1069 -2.127167 -0.339592 -6.198328
1070 -2.122197 -0.580551 -6.197255
1071 -0.512959 -1.030125 -6.163337
1072 -0.287286 -0.547225 -6.160112
1073 -0.30905 -0.700085 -6.160185
1074 1.1378 -1.175919 -5.051083
1075 0.758455 -0.771416 -4.324972
1076 -0.308653 -0.670187 -6.160284
1077 -0.512857 -0.820098 -6.16402
1078 0.7649 -0.831919 -4.329921
1079 -0.312948 -1.12 -6.158838
1080 -0.452794 -0.760155 -6.162981
1081 -0.392782 -0.970255 -6.161081
1082 -0.13232 -1.174891 -5.136179
1083 0.769867 -0.849823 -4.395933
1084 -0.392887 -0.790201 -6.161655
1085 0.785462 -0.860345 -4.414806
1086 0.763353 -0.827386 -4.366947
1087 -0.152706 -1.175384 -5.142084
1088 -0.392993 -1.150134 -6.160522
1089 -0.392903 -0.910243 -6.161282
1090 1.136636 -1.175873 -5.021449
1091 -0.032876 -1.175435 -5.1423
1092 -0.029395 -1.174932 -5.163091
1093 0.043894 -1.148939 -5.06524
1094 1.192145 -0.814098 -4.155966
1095 0.039052 -1.14966 -5.064866
1096 0.751582 -0.700372 -4.450935
1097 1.403507 -0.642597 -4.724952
1098 0.965412 -0.346349 -4.90904
1099 1.634595 -1.04405 -3.975511
1100 2.039736 -1.149933 -4.631843
1101 0.969601 -0.324125 -4.925499
1102 2.127078 -1.176833 -5.081977
1103 -0.014749 -1.174641 -5.159631
1104 -0.173041 -1.174784 -5.163248
1105 1.40007 -0.634289 -4.696605
1106 2.127638 -1.176265 -5.114764
1107 1.192588 -0.789129 -4.156843
1108 2.097011 -1.176818 -5.082057
1109 0.960943 -0.34026 -4.925247
1110 1.417429 -0.666935 -4.742292
1111 0.763375 -0.775952 -4.345667
1112 1.433723 -0.662645 -4.730501
1113 1.261714 -0.704564 -4.273162
1114 2.042986 -1.131137 -4.633943
1115 1.046375 -1.176145 -5.1124
1116 1.586414 -0.998536 -4.059992
1117 2.125091 -1.172679 -4.545837
1118 1.265864 -0.853093 -4.225342
1119 1.075046 -1.176089 -5.112971
1120 0.980047 -0.327809 -4.919189
1121 -0.307169 -1.176179 -5.441921
1122 1.641097 -1.061404 -3.975973
1123 1.623108 -1.060089 -3.979466
1124 2.606424 -1.176644 -4.932344
1125 1.429762 -0.651095 -4.716428
1126 2.124628 -1.150129 -4.550729
1127 1.427156 -0.643856 -4.704516
1128 1.588087 -0.996792 -3.79518
1129 1.590405 -1.016405 -4.055223
1130 2.651103 -1.150166 -5.051982
1131 1.076486 -1.173133 -5.143915
1132 1.602684 -0.803632 -3.801823
1133 2.604418 -1.176414 -4.905684
1134 1.191649 -0.770833 -4.164104
1135 1.622081 -1.040592 -3.980009
1136 2.149496 -1.171791 -4.543367
1137 2.651414 -1.149922 -5.07878
1138 1.434954 -0.676809 -4.745583
1139 2.6052 -1.150119 -5.117662
1140 2.650501 -1.150104 -5.022052
1141 1.606869 -0.824327 -3.79899
1142 1.604502 -0.690449 -3.805582
1143 1.582954 -0.999322 -3.821055
1144 2.187684 0.159616 -4.700154
1145 2.149898 -1.149951 -4.543535
1146 0.770696 -0.79082 -4.398988
1147 0.170845 -1.148623 -5.066152
1148 1.590647 -0.99388 -4.078767
1149 1.589917 -1.016508 -3.824343
1150 1.850779 -1.173442 -4.189561
1151 2.642015 -1.173887 -4.962394
1152 2.187598 0.139861 -4.700253
1153 0.09303 -1.149083 -5.135445
1154 2.652253 -1.153578 -5.061091
1155 0.754675 -0.71103 -4.432146
1156 1.210053 -0.778616 -4.168616
1157 2.066916 -1.176666 -5.051873
1158 1.250811 -0.725763 -4.263381
1159 1.614726 -1.03963 -3.72661
1160 -0.122858 -1.175231 -5.082029
1161 1.602527 -0.687775 -3.807255
1162 2.64008 -1.174247 -4.935309
1163 2.098021 -1.176779 -5.11246
1164 0.751513 -0.791026 -4.403171
1165 1.856726 -1.173164 -4.116629
1166 1.584989 -0.999142 -4.031972
1167 0.767101 -0.818986 -4.395869
1168 1.438882 -0.68904 -4.757321
1169 1.879473 -1.17271 -3.994778
1170 2.023715 0.168094 -4.793225
1171 1.617145 -1.04039 -3.710102
1172 2.036639 0.169446 -4.812429
1173 2.246076 0.170132 -4.542149
1174 1.588584 -0.521837 -4.055376
1175 0.918663 -0.669734 -4.909105
1176 2.576567 -1.176528 -4.90238
1177 1.632631 -1.044304 -3.704978
1178 2.627014 -1.176038 -4.912275
1179 0.806854 -0.809459 -4.454847
1180 1.583247 -1.015838 -3.701776
1181 1.620178 -1.039999 -3.996713
1182 0.75655 -0.769889 -4.405587
1183 2.01923 0.170071 -4.779018
1184 1.245003 -0.75281 -4.258867
1185 0.905541 -1.156194 -4.929989
1186 1.588001 -0.849327 -3.795268
1187 2.645533 -1.173876 -5.079249
1188 2.057797 0.398305 -4.843031
1189 1.579646 -0.999242 -3.761535
1190 2.023657 0.154487 -4.788662
1191 2.652319 -1.169883 -5.062258
1192 2.204342 0.140651 -4.700451
1193 2.111871 -1.154019 -4.556869
1194 1.585252 -0.970097 -4.06064
1195 2.178135 0.1597 -4.714543
1196 1.850473 -1.172518 -3.888984
1197 2.058603 0.168806 -4.843501
1198 2.354402 0.164228 -4.800542
1199 0.759411 -0.77199 -4.311097
1200 2.604902 -1.173137 -5.114278
1201 0.905164 -0.661769 -4.909592
1202 1.603509 -1.013448 -3.804068
1203 1.835587 -1.17304 -4.11173
1204 0.748682 -0.820482 -4.401117
1205 2.28472 0.398987 -4.561595
1206 2.04915 0.398546 -4.830654
1207 2.038692 0.154492 -4.813157
1208 1.255632 -0.760112 -4.242804
1209 2.244769 0.154724 -4.543757
1210 0.947015 -0.608483 -4.923801
1211 2.020431 0.154578 -4.777377
1212 2.31419 0.164733 -4.853413
1213 2.246375 0.398583 -4.543064
1214 2.345452 0.154275 -4.815151
1215 1.734166 -1.175477 -4.812713
1216 2.07571 -1.149896 -4.582813
1217 0.94167 -0.62443 -4.903169
1218 1.240693 -0.881772 -4.241111
1219 2.049421 0.170874 -4.830895
1220 2.652347 -1.170235 -5.084436
1221 0.918395 -0.680678 -4.922736
1222 2.639418 -1.172862 -5.110136
1223 2.515325 -1.176259 -4.843725
1224 1.588219 -0.521682 -4.031866
1225 1.103744 -1.17281 -5.144074
1226 2.671973 0.53106 -5.143436
1227 2.4847 -1.176076 -4.815209
1228 2.049374 0.379759 -4.831448
1229 2.006649 -1.176713 -5.112552
1230 1.193027 -0.763023 -4.176562
1231 0.773988 -0.762333 -4.326171
1232 0.770215 -0.75537 -4.409871
1233 1.282536 -0.847049 -4.228113
1234 1.63836 -1.061377 -3.706221
1235 0.926582 -1.150556 -4.932231
1236 2.035721 0.398474 -4.811383
1237 2.345595 0.164438 -4.814227
1238 2.508405 -1.17575 -4.821791
1239 2.305994 0.169912 -4.574365
1240 2.285389 0.169994 -4.561274
1241 2.300292 0.164362 -4.863215
1242 1.704767 -1.175422 -4.784282
1243 1.852459 -1.17224 -3.81722
1244 1.590623 -0.674484 -3.784235
1245 1.387978 -0.626597 -4.667413
1246 2.315698 0.153843 -4.852817
1247 1.502644 -1.175318 -4.808812
1248 0.909705 -1.15891 -4.953389
1249 2.02355 0.399672 -4.792222
1250 2.035959 0.379801 -4.812106
1251 2.306747 0.398667 -4.575542
1252 0.739179 -0.721401 -4.440776
1253 2.187545 0.10995 -4.700193
1254 1.257571 -0.786157 -4.235285
1255 2.354581 0.15433 -4.801049
1256 2.034149 -1.149835 -4.778476
1257 2.572529 -1.176231 -4.877672
1258 2.098527 0.157632 -4.873264
1259 0.901602 -1.174121 -4.758114
1260 2.157039 0.170128 -4.538592
1261 2.270164 0.398512 -4.552268
1262 2.64289 -1.174051 -5.022108
1263 1.260726 -0.732213 -4.249791
1264 0.94473 -0.628253 -4.920585
1265 0.916759 -0.75438 -4.835612
1266 2.270855 0.170033 -4.551826
1267 1.27633 -0.850269 -4.225455
1268 2.077462 -1.132358 -4.583914
1269 2.486329 -1.176283 -4.843084
1270 1.877561 -1.172692 -3.979573
1271 2.33599 0.157369 -4.605629
1272 1.977498 -1.17679 -5.112058
1273 0.731986 -0.773315 -4.423589
1274 1.587201 -0.822393 -3.76159
1275 0.908644 -1.174449 -4.779058
1276 2.019216 0.19986 -4.779188
1277 1.588245 -0.670702 -3.761829
1278 2.067811 -1.176746 -5.081258
1279 2.023381 0.379767 -4.793518
1280 2.674531 0.439763 -4.870292
1281 2.27004 0.379498 -4.551847
1282 1.49799 -1.175343 -4.781327
1283 2.178301 0.139924 -4.714303
1284 1.305628 -0.676193 -4.308106
1285 1.977419 -1.171448 -5.130095
1286 2.674582 0.471287 -4.870972
1287 2.019348 0.398189 -4.778874
1288 2.306326 0.199661 -4.57454
1289 2.01324 0.169875 -4.751699
1290 2.112708 -1.149831 -4.557311
1291 1.947021 -1.176759 -5.112551
1292 0.761336 -0.684911 -4.466281
1293 1.578883 -0.849453 -3.761694
1294 1.453111 -0.661615 -4.73362
1295 2.306823 0.379851 -4.575344
1296 2.2461 0.379869 -4.542712
1297 2.672098 0.559846 -5.14365
1298 2.204286 0.160073 -4.700056
1299 2.284753 0.380074 -4.561289
1300 2.216931 0.169906 -4.536935
1301 1.262324 -0.69221 -4.296273
1302 2.019248 0.379853 -4.7793
1303 2.077331 0.156595 -4.859987
1304 2.637019 0.530317 -5.148698
1305 2.301461 0.154122 -4.862858
1306 2.055787 0.15466 -4.592838
1307 2.637077 0.559848 -5.148833
1308 2.013188 0.199887 -4.7518
1309 1.946857 -1.171531 -5.13066
1310 1.977252 -1.176641 -5.082257
1311 2.013172 0.379764 -4.751696
1312 2.204178 0.110181 -4.700259
1313 2.246275 0.349818 -4.542642
1314 1.424935 -1.174683 -4.789709
1315 2.060479 -1.14982 -4.599477
1316 2.01923 0.349956 -4.77925
1317 1.916973 -1.171598 -5.13118
1318 2.2461 0.229835 -4.542245
1319 1.916664 -1.176726 -5.112671
1320 2.620619 -0.117385 -3.545036
1321 1.418832 -1.15858 -4.776492
1322 2.217035 0.379779 -4.537523
1323 2.67009 0.513638 -5.141613
1324 2.620376 -0.10015 -3.545236
1325 2.246134 0.199859 -4.542152
1326 2.627756 -0.03992 -3.486631
1327 2.013442 0.398343 -4.75167
1328 2.631073 0.439895 -3.432048
1329 2.632669 0.139842 -3.432021
1330 2.632989 0.079838 -3.432027
1331 2.633153 0.049741 -3.432063
1332 2.631388 0.379821 -3.431972
1333 2.631257 0.289846 -3.402006
1334 2.632376 0.079778 -3.402015
1335 2.633313 0.019727 -3.432012
1336 1.455095 -0.678512 -4.748233
1337 2.629303 0.769773 -3.431971
1338 2.631122 0.199775 -3.371994
1339 2.631447 0.139825 -3.371973
1340 2.629996 0.409854 -3.372031
1341 2.630162 0.379794 -3.372018
1342 2.630506 0.199871 -3.341958
1343 2.630987 0.109787 -3.34198
1344 2.631895 0.169788 -3.401988
1345 2.632675 -0.040333 -3.46201
1346 2.63254 0.049783 -3.402031
1347 2.027708 -1.149856 -4.661995
1348 2.630618 0.409832 -3.40202
1349 2.628222 0.818202 -3.48322
1350 2.619896 -0.100191 -3.521935
1351 2.629118 0.229831 -3.282009
1352 2.630217 0.139922 -3.31194
1353 2.630379 0.109844 -3.311953
1354 2.631929 0.0498 -3.372001
1355 2.631307 0.049785 -3.342044
1356 2.630453 0.439884 -3.402047
1357 2.632699 0.019756 -3.40203
1358 2.627546 0.409865 -3.251996
1359 2.285291 0.199738 -4.561108
1360 2.628218 0.169907 -3.2221
1361 2.626935 0.409792 -3.221981
1362 2.625413 0.349879 -3.132
1363 2.634085 -0.010211 -3.461967
1364 2.626958 0.289799 -3.192022
1365 2.626507 0.259868 -3.162025
1366 2.628826 0.169952 -3.252043
1367 2.627888 0.229804 -3.221957
1368 2.615197 0.88143 -3.546692
1369 2.624798 0.349857 -3.101977
1370 1.613927 -0.689054 -2.908944
1371 1.608104 -0.817637 -2.905369
1372 1.582702 -0.818065 -2.920104
1373 1.480047 -1.174879 -4.773017
1374 2.637111 0.589878 -5.148933
1375 1.61577 -0.816552 -2.912157
1376 1.637974 -0.817138 -2.913419
1377 2.630534 0.079801 -3.311987
1378 2.629273 0.799814 -3.483634
1379 2.625334 0.019945 -3.042077
1380 2.632219 0.109885 -3.401988
1381 2.625947 0.019928 -3.072099
1382 2.629463 0.739793 -3.432052
1383 1.608387 -0.693472 -2.906929
1384 2.632083 0.019817 -3.372035
1385 2.625896 0.259914 -3.132037
1386 1.888063 -0.686678 -2.903747
1387 1.827828 -0.686718 -2.9049
1388 1.735214 -0.686174 -2.907442
1389 2.624101 0.01986 -2.982003
1390 2.067224 -0.686931 -2.900025
1391 2.624717 0.019968 -3.012042
1392 2.628507 0.229866 -3.251917
1393 1.58355 -0.664802 -2.889397
1394 2.671373 1.311093 -5.143915
1395 2.621976 0.201688 -2.944732
1396 2.237069 -0.686717 -2.896565
1397 2.621253 0.439904 -2.952033
1398 2.157243 -0.686685 -2.898295
1399 2.036475 -0.686816 -2.900695
1400 2.622169 0.311052 -2.934543
1401 2.622202 0.286263 -2.933775
1402 2.622414 0.168937 -2.925326
1403 2.629602 0.139946 -3.281991
1404 2.216106 -0.686748 -2.897051
1405 2.12686 -0.686818 -2.898901
1406 2.628406 0.818392 -3.462047
1407 1.977402 -0.686871 -2.901882
1408 1.762703 -0.685652 -2.907136
1409 2.622212 0.165421 -2.90306
1410 2.62249 0.019219 -2.894267
1411 2.62236 0.078948 -2.896583
1412 2.623894 0.289821 -3.042064
1413 2.621528 0.380005 -2.951425
1414 2.217195 -0.670053 -2.896285
1415 1.856966 -0.686741 -2.904441
1416 2.619249 0.469856 -2.862008
1417 2.625731 0.289826 -3.132029
1418 2.621884 0.020636 -2.888323
1419 1.947422 -0.686901 -2.90256
1420 2.187088 -0.670035 -2.896262
1421 2.629284 0.199834 -3.281905
1422 2.628352 0.259877 -3.252013
1423 2.621567 0.139995 -2.891212
1424 2.00742 -0.686826 -2.901257
1425 2.267538 -0.688443 -2.899052
1426 2.621746 0.080447 -2.889908
1427 2.620424 0.019859 -2.802045
1428 2.621582 0.019976 -2.861023
1429 2.62984 0.439823 -3.372041
1430 2.615285 0.859843 -3.546885
1431 1.917375 -0.686816 -2.903152
1432 2.620879 0.049826 -2.832008
1433 2.616985 0.319823 -2.711992
1434 2.621174 0.109923 -2.862097
1435 2.623943 0.049785 -2.981952
1436 2.624667 0.259876 -3.072041
1437 2.623491 0.01983 -2.95206
1438 2.616373 0.319901 -2.681977
1439 2.188218 -0.686761 -2.897568
1440 2.617359 0.019839 -2.652005
1441 2.617036 0.079767 -2.651905
1442 2.007904 0.169873 -4.720137
1443 1.887963 -1.176699 -5.112127
1444 2.096938 -0.686756 -2.89951
1445 2.068099 -1.176836 -5.112007
1446 2.606436 -1.176718 -4.963149
1447 2.61515 0.319846 -2.62202
1448 2.62214 0.102092 -2.876748
1449 2.652388 -1.151042 -5.084544
1450 2.627576 0.289775 -3.222002
1451 2.619864 0.469783 -2.891986
1452 2.614908 0.019793 -2.53207
1453 2.621873 0.14083 -2.918495
1454 2.622013 0.292032 -2.972827
1455 2.62101 0.139794 -2.861993
1456 2.619814 0.01981 -2.772023
1457 2.576444 -1.150112 -5.118322
1458 2.614423 0.109984 -2.532046
1459 2.61474 0.049892 -2.531976
1460 1.45523 -0.687798 -4.75623
1461 2.619784 0.139766 -2.801938
1462 2.613975 0.080004 -2.502005
1463 2.622267 0.017655 -2.870803
1464 2.622184 0.071466 -2.874957
1465 2.127119 -0.670106 -2.896306
1466 2.617647 0.079865 -2.681968
1467 2.613168 0.229725 -2.501979
1468 2.621034 0.019822 -2.831991
1469 2.615337 0.169779 -2.592035
1470 2.629761 0.79985 -3.461972
1471 2.616801 0.469818 -2.742044
1472 2.642025 -1.174118 -4.99291
1473 2.236995 -0.670227 -2.896726
1474 2.621807 0.170395 -2.9193
1475 2.616582 0.049755 -2.621976
1476 2.576301 -1.17355 -5.113872
1477 2.620398 0.1398 -2.831959
1478 2.613362 0.079795 -2.472116
1479 2.619654 0.049825 -2.772033
1480 2.620553 0.109813 -2.831977
1481 2.03755 -1.176847 -5.111681
1482 2.619172 0.139893 -2.772059
1483 2.62265 0.079458 -2.923206
1484 2.07069 0.154688 -4.580472
1485 2.638725 0.164966 -5.147331
1486 1.85908 -1.1767 -5.111732
1487 2.606946 -1.176884 -4.99241
1488 2.486399 -1.176388 -4.872834
1489 2.62885 0.739872 -3.402033
1490 2.652563 -1.170404 -5.106473
1491 2.619118 0.379824 -2.8321
1492 2.675079 0.472772 -4.900236
1493 2.619946 0.10979 -2.801945
1494 2.617942 0.139892 -2.711954
1495 2.671364 0.164848 -5.142272
1496 2.614676 0.881519 -3.522013
1497 2.671463 0.139644 -5.1421
1498 2.618719 0.109758 -2.742076
1499 2.614772 0.859779 -3.522046
1500 2.615516 0.709883 -2.742099
1501 2.615517 0.019769 -2.562072
1502 2.620477 0.469877 -2.921957
1503 2.621987 0.082023 -2.914347
1504 2.62208 0.024631 -2.910254
1505 2.617965 0.019863 -2.682026
1506 2.620265 0.049817 -2.802032
1507 2.630058 0.169943 -3.312026
1508 2.335446 0.164303 -4.830009
1509 0.940402 -0.639584 -4.892811
1510 2.674847 0.199824 -4.898666
1511 2.007997 0.379879 -4.720215
1512 1.046049 -0.369099 -5.178213
1513 2.334831 0.154005 -4.831333
1514 2.675034 0.439708 -4.899068
1515 0.939943 -0.649321 -4.882185
1516 2.630636 0.28985 -3.371989
1517 2.675261 0.480598 -4.926515
1518 2.638523 0.139868 -5.147386
1519 2.546115 -1.173644 -5.114286
1520 0.77542 -0.694237 -4.449453
1521 1.790354 -1.176342 -5.115831
1522 2.627949 0.079749 -3.486631
1523 2.628171 0.019768 -3.486579
1524 2.628165 0.199747 -3.485993
1525 2.633763 0.049797 -3.462018
1526 2.630334 0.349748 -3.483632
1527 2.619192 0.019751 -2.741976
1528 2.619333 0.109825 -2.772137
1529 2.631475 0.019755 -3.342036
1530 2.426749 1.327578 -2.951707
1531 2.598964 0.824965 -2.292208
1532 2.614285 0.019942 -2.502035
1533 2.588118 0.883519 -2.215061
1534 2.633919 0.019815 -3.46195
1535 2.607028 -0.0401 -2.292241
1536 2.609304 0.379891 -2.35205
1537 2.608985 0.439851 -2.352124
1538 2.609783 0.289866 -2.352101
1539 2.588311 0.883579 -2.232214
1540 2.633119 0.169807 -3.461949
1541 2.633446 0.109827 -3.461997
1542 2.611228 0.019802 -2.352056
1543 2.616134 0.019716 -2.592024
1544 2.609148 0.409953 -2.352149
1545 2.609472 0.349924 -2.352226
1546 2.613813 0.109912 -2.502041
1547 2.604288 0.799831 -2.291752
1548 2.613671 0.019956 -2.472037
1549 2.633604 0.079791 -3.462044
1550 2.613519 0.049842 -2.47202
1551 2.632164 0.349828 -3.462065
1552 2.633285 0.139789 -3.462032
1553 2.618593 0.019816 -2.712087
1554 2.033495 -0.377788 -2.128237
1555 2.632489 0.289849 -3.462089
1556 2.609568 -0.010223 -2.292131
1557 2.002329 -0.361976 -2.123092
1558 2.593551 -0.100248 -2.232211
1559 2.629913 0.319627 -3.484111
1560 1.996329 -0.289828 -2.073227
1561 2.632182 -0.040205 -3.431983
1562 2.617817 0.04986 -2.682072
1563 2.630512 0.379766 -3.483358
1564 2.612908 0.04986 -2.442057
1565 2.61565 0.109756 -2.592013
1566 2.065316 -0.241803 -1.961158
1567 2.061542 -0.241666 -1.979441
1568 2.629733 0.22985 -3.311951
1569 2.091375 -0.241387 -1.963678
1570 2.610713 -0.331441 -1.774456
1571 2.613059 0.019899 -2.441995
1572 2.340102 -0.32798 -1.801587
1573 2.618263 0.079898 -2.711961
1574 2.613198 0.109839 -2.472044
1575 1.675996 -0.250366 -1.945457
1576 1.966298 -0.574728 -2.208424
1577 2.040026 -0.245876 -1.963391
1578 1.692885 -0.238258 -1.946658
1579 2.367943 -0.327545 -1.801792
1580 2.00701 -0.244771 -1.990891
1581 2.398882 -0.327603 -1.782072
1582 1.906839 -0.547114 -2.213492
1583 1.699881 -0.505657 -2.006832
1584 2.306959 -0.346585 -1.724264
1585 1.677935 -0.253346 -1.960558
1586 2.428533 -0.327658 -1.781709
1587 1.537756 -0.521809 -1.75881
1588 1.541792 -0.524104 -1.982421
1589 2.397289 -0.327408 -1.799967
1590 1.767228 -0.661716 -2.0146
1591 1.674372 -0.506452 -2.0066
1592 1.731433 -0.653034 -2.132814
1593 1.831813 -0.66296 -2.006785
1594 1.676941 -0.643554 -2.171348
1595 1.797146 -0.661751 -2.013975
1596 1.616907 -0.663087 -2.014456
1597 2.567843 -1.165333 -1.209153
1598 1.811777 -0.661334 -2.006768
