0 -4.308  4.835  3.48  -4.376 -3.322  3.549
0 -4.32934315  1.37896258  2.04922319 -4.34565685 -0.57796258  2.06577681
0 -4.32835951  1.36699969  1.0787398  -4.34464049 -0.58599969  1.0952602 
0 -4.36316546 -1.4910902   2.47208701 -4.37383454 -2.7709098   2.48291299
0 -4.33162747 -1.52501158  2.34405582 -4.34137253 -2.69398842  2.35394418
0 -4.31428179 -1.62100063  2.25571976 -4.32271821 -2.63299937  2.26428024
0 -3.249979   -2.9750467   1.92745663 -3.253021   -3.3399533   1.93054337
0 -4.31731495 -1.60897868  0.09025341 -4.32568505 -2.61302132  0.09874659
0 -4.34840234  2.85497247  0.21432002 -4.35959766  1.51202753  0.22567998
0 -4.00508641  3.34004676  0.94655827 -4.00891359  2.88095324  0.95044173
0 -3.4046194   3.33008918  0.94309174 -3.4083806   2.87891082  0.94690826
0 -3.51976147  3.97802446  0.34122855 -3.52423853  3.44097554  0.34577145
0 -3.6226325   3.25503932  0.21511239 -3.6253675   2.92696068  0.21788761
0 -4.32808876  4.76176428  1.84106066 -4.33191124  4.30323572  1.84493934
0 -2.98708914  0.65202025  1.12349486 -2.99991086 -0.88602025  1.13650514
0 -2.61661448  0.44604643  0.05504264 -2.62638552 -0.72604643  0.06495736
0 -2.61661434  0.44606335  0.58704249 -2.62638566 -0.72606335  0.59695751
0 -2.56232448 -0.96001204  0.04929984 -2.56567552 -1.36198796  0.05270016
0 -0.54560812  4.55411885  3.51863912 -0.60939188 -3.09711885  3.58336088
0 -0.35886131  4.48274714  3.51289603 -0.42213869 -3.10774714  3.57710397
0 -0.05090833 -1.31985611  0.10828933 -0.06709167 -3.26114389  0.12471067
0 -0.7273026  -1.70304099  1.01772617 -0.7376974  -2.94995901  1.02827383
0 -0.84709049 -2.05103182  1.041033   -0.85490951 -2.98896818  1.048967  
0 -0.96280157 -1.33380709  1.01526188 -0.96819843 -1.98119291  1.02073812
0 3.69436498 4.88980405 3.540137    3.62663502 -3.23480405  3.608863  
0 3.5442789  4.60382346 1.98517288 3.5377211  3.81717654 1.99182712
0 3.55275216 1.7319614  1.95214854 3.53924784 0.1120386  1.96585146
0 3.44617545 1.34898042 0.46279991 3.44282455 0.94701958 0.46620009
0 3.31169177 1.33193766 0.01128335 3.30830823 0.92606234 0.01471665
0 3.3671502  1.81195124 0.02032553 3.3638498  1.41604876 0.02367447
0 3.44805812 0.86383988 0.0188969  3.44194188 0.13016012 0.0251031 
0  3.23051346 -2.16608446  2.40742017  3.22148654 -3.24891554  2.41657983
0  3.22042544 -2.22803239  1.83954625  3.21657456 -2.68996761  1.84345375
0  3.21660458 -2.21204376  1.19436447  3.21239542 -2.71695624  1.19863553
0  3.22033425 -2.24808167  0.04960201  3.21166575 -3.28791833  0.05839799
1 3.633 4.904 3.557 -4.249  4.963  3.478
1 -3.71389466  4.87449312  2.01018718 -4.25010534  4.87850688  2.00481282
1 -3.63431092  4.02193261  1.2117682  -4.18668908  4.02606739  1.2062318 
1 -1.3192018   4.71342031  0.93497958 -3.2107982   4.72757969  0.91602042
1 -1.46310609  4.54515691  0.06999329 -3.15789391  4.55784309  0.05300671
1 0.29094412 4.86682051 0.39293524 -1.09294412  4.87717949  0.37906476
1 0.22849477 4.83397359 0.25073028 -1.11449477  4.84402641  0.23726972
1 2.25893495 4.71330479 0.89446478 0.47006505 4.72669521 0.87653522
1 2.27766438 4.47316459 0.0681525  0.45133562 4.48683541 0.0498475 
1 3.38197485 4.78689749 1.97415421 2.55302515 4.79310251 1.96584579
1 3.31121322 4.59117266 0.06328576 2.55578678 4.59682734 0.05571424
1 -3.56766852  4.00429154  0.38662658 -4.29133148  4.00970846  0.37937342
1 -4.02797893  3.35521762  0.9510476  -4.23702107  3.35678238  0.9489524 
1 -4.02800782  2.87303444  0.94879287 -4.28599218  2.87496556  0.94620713
1 -3.67683758  2.86523001  0.2347005  -4.01616242  2.86776999  0.2312995 
1 -3.63899059  2.89013911  0.62415272 -3.86900941  2.89186089  0.62184728
1  3.30092705 -1.09612836  1.91168881  2.46507295 -1.08987164  1.90331119
1 -0.07201179 -1.28362507  0.11168442 -0.90698821 -1.27737493  0.10331558
1  3.18462442 -3.36423526  2.43906925 -1.01962442 -3.33276474  2.39693075
1  3.18603084 -3.35712152  2.2718322   3.01996916 -3.35587848  2.2701678 
1  1.96984638 -3.35801794  0.0865664  -0.03884638 -3.34298206  0.0664336 
1 -1.08400315 -3.13942442  0.03423779 -1.33099685 -3.13757558  0.03176221
1 -1.0517536  -3.38704619  1.02774828 -1.9992464  -3.37995381  1.01825172
1 -1.48394674 -3.32331561  0.02093107 -1.96905326 -3.31968439  0.01606893
1 -3.67404778 -2.84328269  2.23955649 -4.28395222 -2.83871731  2.23344351
1 -3.2712536  -2.94598034  1.94732961 -4.3347464  -2.93801966  1.93667039
1 -2.59966363 -1.38371737  0.68646055 -2.79133637 -1.38228263  0.68453945
1 -2.62401884  0.48742598  0.59443809 -2.91098116  0.48957402  0.59156191
1 -4.00093297  3.36047025  0.95187881 -4.27606703  3.36252975  0.94912119
2 0.207 3.177 0.328 -0.149  3.168  0.336
2 0.19888314 3.32232008 0.57415993 -0.14288314  3.31367992  0.58184007
2 0.19278832 3.46330504 0.8126733  -0.14778832  3.45469496  0.8203267 
2 0.18593936 3.5921951  1.04077103 -0.14593936  3.5838049   1.04822897
2 0.15886454 3.71757944 1.26587383 -0.16386454  3.70942056  1.27312617
2 0.16794975 3.87468272 1.53228203 -0.16294975  3.86631728  1.53971797
2 0.19996519 4.0110244  1.77747831 -0.15796519  4.0019756   1.78552169
2 0.18102416 4.1701214  2.01233654 -0.14502416  4.1618786   2.01966346
2 0.19295126 4.32489764 2.28659098 -0.15495126  4.31610236  2.29440902
2 0.19205378 4.48311512 2.54889767 -0.17305378  4.47388488  2.55710233
2 0.19015785 4.63664304 2.81537286 -0.17715785  4.62735696  2.82362714
2 0.17816414 4.72550415 3.06349631 -0.17816414  4.71649585  3.07150369
3 0.179 4.857 3.188 0.196 3.055 0.123
3 -0.16890546  4.81147888  3.12895519 -0.15209454  3.02952112  0.09804481
3 0.2170834  4.73815959 2.93493404 0.2269166  3.69584041 1.16206596
3 -0.1977969   4.62297101  2.72420512 -0.1892031   3.71202899  1.17479488
4 1.123 1.691 0.889 0.783 2.446 0.889
4 1.23233289 0.38094461 0.356 0.80266711 1.33505539 0.356 
4 1.23058959 0.39760988 0.0455 0.78441041 1.38839012 0.0455    
4 0.97070038 0.23620944 0.3605 0.50929962 1.26079056 0.3605    
4 0.95012086 0.2480478  0.0325 0.49487914 1.2589522  0.0325    
4 -0.69417406  0.87617327  0.92  -1.04482594  1.65482673  0.92 
4 -0.69551891  0.86066698  0.8465 -1.05248109  1.65333302  0.8465    
5 0.161 1.195 0.743 -0.547  0.878  0.754
5 0.20326987 1.07732987 0.02205795 -0.49726987  0.76367013  0.03294205
5 1.25683304 0.37045985 0.30950613 1.00016696 0.25554015 0.31349387
5 1.25329017e+00 3.53716785e-01 5.14559526e-04 0.99770983 0.23928322 0.00448544
5 1.08711532 1.6365707  0.88805117 -0.64411532  0.8614293   0.91494883
5 0.75475622 2.46302221 0.88931311 -0.94275622  1.70297779  0.91568689
5 0.68139907 2.42480227 0.16607784 -1.04639907  1.65119773  0.19292216
6 -3.025  2.157  0.034 -2.651  1.019  0.031
6 -3.0106804   2.16707031  0.59450546 -2.6353196   1.02492969  0.59149454
6 -3.18268532  2.10806387  0.60600149 -2.80831468  0.96893613  0.60299851
6 -3.34488031  2.05802885  0.60697899 -2.97611969  0.93597115  0.60402101
6 -3.44480191  2.2324641   1.13497969 -2.95119809  0.7305359   1.13102031
7  2.55  -0.133  0.09   2.532 -0.103  1.888
7 3.53513538 0.01827437 0.05547731 3.51686462 0.04872563 1.88052269
7  2.39893467 -1.09039111  0.13002589  2.38106533 -1.06060889  1.91497411
7  3.37963113 -1.13471855  0.08790151  3.36136887 -1.10428145  1.91209849
7  3.42914177 -1.25590295  0.1061166   3.42385823 -1.24709705  0.6338834 
7  3.42762172 -1.34936954  0.10411918  3.42237828 -1.34063046  0.62788082
7  3.4288177  -1.44569617  0.07904316  3.4231823  -1.43630383  0.64195684
7  3.43025684 -1.54659473  0.09212262  3.42474316 -1.53740527  0.64287738
7  3.42482118 -1.76953531  0.10208389  3.42117882 -1.76346469  0.46591611
7  3.4212467  -1.95957783  0.08713558  3.4157533  -1.95042217  0.63586442
7  3.23112275 -2.18287125  0.08751632  3.20787725 -2.14412875  2.40948368
7  3.2213833  -2.7568055   1.23099058  3.2156167  -2.7471945   1.80700942
7  3.23046552 -3.3636092   0.08738857  3.21353448 -3.3353908   1.77861143
7  2.94835222 -3.31592037  0.05137261  2.93764778 -3.29807963  1.12062739
7  2.74527825 -3.31829709  0.06026136  2.73472175 -3.30070291  1.11473864
7  2.53283768 -3.31639613  0.05532534  2.52216232 -3.29860387  1.12167466
7  2.25243844 -3.30356406  0.05526074  2.24156156 -3.28543594  1.14173926
7 -0.72226256 -3.41889573  2.55928262 -0.73173744 -3.40310427  3.50571738
7 -1.02021514 -3.34980809  1.07426828 -1.03378486 -3.32719191  2.42973172
7 -1.16132107 -1.67546488  0.15023814 -1.17267893 -1.65653512  1.28476186
7 -1.14062139 -1.42696435  0.15123679 -1.15137861 -1.40903565  1.22576321
7 -2.40227649 -2.97303918  0.17178543 -2.41372351 -2.95396082  1.31521457
7 -3.0260971  -3.02483816  0.18986618 -3.0379029  -3.00516184  1.36913382
7 -3.25519598 -2.97000671  0.34996478 -3.27080402 -2.94399329  1.90903522
7 -4.34106628 -2.8785562   0.16156479 -4.35793372 -2.8504438   1.84643521
7 -4.30001792 -1.63130347  0.06351211 -4.32198208 -1.59469653  2.25748789
7 -4.33689134 -1.49034776  0.05542402 -4.36010866 -1.45165224  2.37457598
7 -4.34315183 -0.62558028  1.08922173 -4.35284817 -0.60941972  2.05777827
7 -4.33068149  1.38396914  1.0831839  -4.34031851  1.40003086  2.0458161 
7 -3.60006939  2.85978231  0.2341531  -3.60393061  2.86621769  0.6198469 
7 -3.52443916  4.00173193  0.07303345 -3.53556084  4.02026807  1.18396655
7 2.54267123 4.77054796 0.84200759 2.53132877 4.78945204 1.97499241
7 3.65230608 4.84148987 0.61442648 3.62469392 4.88751013 3.37257352
7 3.55422642 4.63425597 0.83299466 3.54277358 4.65334403 1.97700534
7 3.54230536 3.7138244  1.09794258 3.53369464 3.7281756  1.95805742
7 3.53669761 0.93750399 0.51753918 3.52230239 0.96149601 1.95546082
7 0.98659629 0.23883952 0.04404869 0.98340371 0.24416048 0.36295131
7 1.25508161 0.36936398 0.04201477 1.25191839 0.37463602 0.35798523
7 0.75371606 1.3981399  0.00308492 0.75028394 1.4038601  0.34591508
7 -0.51944607  0.81557678  0.04505143 -0.52655393  0.82742322  0.75504857
7 -2.60384113  0.47256855  0.05590868 -2.60915887  0.48143145  0.58709132
7 -2.63384837 -0.73141938  0.05913199 -2.63915163 -0.72258062  0.58886801
7 -2.55325337 -0.96507772  0.05414225 -2.55874663 -0.95592228  0.60285775
7 -2.56274375 -1.36909375  0.06518099 -2.56825625 -1.35990625  0.61581901
7 -0.83623832 -1.31076946  0.24775016 -0.84376168 -1.29823054  0.99924984
8 3.442 1.349 0.461 3.309 1.332 0.016
8 3.44761329 0.93101448 0.46087907 3.31438671 0.91398552 0.01512093
9 0.161 1.195 0.743 0.209 1.081 0.029
