-2.91190004 -3.40980005 0.45410001
-2.93079996 -3.42319989 0.77450001
-2.85829997 -3.43190002 1.08029997
-3.30690002 -3.43400002 1.33879995
-3.63730001 -3.41860008 1.96889997
-3.30819988 -3.43540001 1.64699996
-3.30629992 -3.43519998 1.95360005
-2.98830009 -3.43470001 1.37
-2.98769999 -3.43510008 1.68579996
-2.98729992 -3.43549991 2.00020003
-2.61459994 -3.42569995 0.52460003
-2.61879992 -3.4296 0.8312
-2.33209991 -3.4289999 0.6433
-2.40499997 -3.43319988 1.04779994
-2.08089995 -3.43589997 0.81629997
-1.9023 -3.43639994 1.06799996
-2.66160011 -3.43420005 1.31079996
-2.27090001 -3.43560004 1.31860006
-2.4756999 -3.43490005 1.55089998
-2.66260004 -3.4361999 1.79120004
-2.5869 -3.43720007 2.09780002
-2.3368001 -3.43610001 1.81910002
-2.07920003 -3.43639994 1.56400001
-1.81579995 -3.43600011 1.38569999
-2.20499992 -3.4375999 2.09599996
-1.90190005 -3.43840003 1.82340002
-1.76359999 -3.44109988 2.09139991
-1.68729997 -3.4145999 0.84689999
-1.39419997 -3.4224999 0.94620001
-1.11590004 -3.43959999 1.06099999
-0.7881 -3.34179997 1.04429996
-1.57710004 -3.43589997 1.19860005
-1.57819998 -3.43849993 1.57249999
-1.26849997 -3.43959999 1.32990003
-1.50520003 -3.44160008 1.88100004
-1.24749994 -3.44190001 1.63950002
-1.24699998 -3.44330001 2.04220009
-0.98259997 -3.34450006 1.31649995
-0.84740001 -3.34800005 1.58500004
-0.9993 -3.34190011 1.84500003
-0.78750002 -3.34520006 2.06890011
-4.37629986 -2.95700002 0.0486
-4.29869986 -2.61879992 0.0161
-4.05819988 -2.91829991 0.0162
-4.32520008 -2.30110002 0.0388
-4.03380013 -2.47009993 0.0138
-4.04909992 -2.16849995 0.0124
-4.32140017 -1.98389995 0.0135
-4.28539991 -1.66980004 0.0171
-4.03599977 -1.86759996 0.0108
-3.74589992 -1.95809996 0.0119
-3.92429996 -1.58669996 0.0107
-3.45079994 -1.88670003 0.0111
-3.30069995 -1.62370002 0.011
-3.02570009 -1.80490005 0.0108
-2.70760012 -1.7263 0.0079
-3.60419989 -1.58399999 0.0096
-3.02060008 -1.48730004 0.0107
-2.68530011 -1.41279995 0.0068
-4.38479996 -2.96090007 0.36179999
-4.34919977 -2.66739988 0.4152
-4.38450003 -2.96160007 0.66850001
-4.3842001 -2.96199989 0.9698
-4.34829998 -2.66779995 0.74409997
-4.34660006 -2.66779995 1.06649995
-4.05620003 -2.97880006 0.31220001
-3.83649993 -2.97199988 0.54089999
-4.11399984 -2.97420001 0.80909997
-3.82119989 -2.96600008 0.9041
-4.32609987 -2.38969994 0.53079998
-4.32089996 -2.12680006 0.30070001
-4.32499981 -2.39030004 0.9084
-4.32009983 -2.09859991 0.61400002
-4.31969976 -2.09910011 0.98400003
-4.38119984 -2.92989993 1.27049994
-4.38219976 -2.96269989 1.59309995
-4.34579992 -2.66799998 1.4138
-4.37260008 -2.95910001 1.91760004
-4.329 -2.6322999 1.71440005
-4.34619999 -2.66930008 2.01900005
-4.03879976 -2.97309995 1.17809999
-4.07989979 -2.96090007 1.49450004
-3.79850006 -2.95630002 1.36580002
-4.07469988 -2.95959997 1.80340004
-3.7895 -2.95300007 1.68770003
-3.80119991 -2.84249997 1.97880006
-4.32320023 -2.39030004 1.2507
-4.32130003 -2.30270004 1.54610002
-4.32110023 -2.39109993 1.90139997
-4.31580019 -2.09969997 1.79489994
-3.72059989 -2.97659993 0.24609999
-3.52749991 -2.97090006 0.50089997
-3.31019998 -2.97390008 0.28049999
-3.34509993 -2.66939998 0.27289999
-3.56040001 -2.96000004 1.07739997
-3.3994 -2.96440005 0.7985
-3.2277 -3.12380004 0.54280001
-2.92079997 -3.03010011 0.41960001
-3.25510001 -3.11209989 1.03250003
-2.99900007 -3.023 0.72970003
-2.93429995 -3.01340008 1.0244
-3.37700009 -2.95449996 1.32949996
-3.52940011 -2.94639993 1.84609997
-3.62930012 -3.14109993 2.08500004
-3.30960011 -2.94880009 1.63100004
-3.06329989 -3.00699997 1.36769998
-2.75440001 -2.98569989 1.30669999
-3.25399995 -3.14129996 1.85819995
-4.31610012 -1.84280002 0.4014
-4.31519985 -1.84329998 0.77319998
-4.31409979 -1.75950003 1.07169998
-4.36590004 -1.48950005 0.75059998
-4.35370016 -1.46089995 1.0661
-4.37529993 -1.18739998 0.75989997
-4.37510014 -1.15999997 1.07519996
-4.31750011 -2.0703001 1.30340004
-4.31409979 -1.90030003 1.56309998
-4.31090021 -1.64900005 1.36000001
-4.31820011 -2.04380012 2.09969997
-4.31010008 -1.76020002 1.84220004
-4.30740023 -1.62179995 2.11179996
-4.37519979 -1.4368 1.58220005
-4.3730998 -1.18840003 1.39670002
-4.35279989 -1.40670002 1.89779997
-4.37169981 -1.16079998 1.70739996
-4.36899996 -1.18900001 2.1098001
-2.93140006 -1.35259998 0.63059998
-2.65389991 -1.33399999 0.81449997
-2.42939997 -1.6027 0.0071
-2.15039992 -1.45640004 0.0066
-2.3973 -1.27970004 0.007
-1.84360003 -1.54190004 0.0049
-1.94500005 -1.21940005 0.0067
-1.64339995 -1.31229997 0.0078
-1.35959995 -1.42869997 0.0311
-1.11549997 -1.24539995 0.0076
-0.79320002 -1.26970005 0.007
-2.62770009 -3.0085001 0.52740002
-2.50510001 -3.00670004 0.81489998
-2.46259999 -3.00440001 1.11720002
-0.97170001 -3.09789991 1.05700004
-0.70069999 -3.05259991 0.90750003
-0.84399998 -2.80999994 1.02349997
-0.99879998 -2.54819989 1.03760004
-0.67949998 -2.69429994 0.78969997
-0.6645 -2.40809989 0.69050002
-0.73019999 -2.41039991 0.98790002
-2.56859994 -1.35819995 0.2798
-2.56450009 -1.21249998 0.55400002
-0.6354 -1.96080005 0.56349999
-1.03620005 -2.17420006 1.03009999
-0.69340003 -2.13680005 0.81999999
-1.01440001 -1.84860003 1.02339995
-0.69150001 -1.81400001 0.82099998
-1.13329995 -1.42589998 0.9727
-0.61769998 -1.6631 0.50099999
-0.91060001 -1.3204 0.28549999
-0.59619999 -1.30859995 0.2536
-0.74870002 -1.32169998 0.54009998
-0.82840002 -1.60650003 0.99879998
-0.87849998 -1.29289997 0.81779999
-1.15110004 -1.79190004 1.57159996
-1.14890003 -1.67789996 1.23329997
-1.14999998 -1.43190002 1.43420005
-1.23500001 -1.60210001 1.81280005
-1.13460004 -1.31739998 1.76709998
-3.91950011 -0.83200002 0.011
-3.48009992 -0.92400002 0.0151
-3.15910006 -0.93919998 0.0493
-2.8447001 -0.93159997 0.0157
-2.63579988 -0.7087 0.0062
-2.61669993 -0.39910001 0.0064
-3.78340006 0.97229999 0.0135
-2.63380003 -0.0969 0.0073
-2.59120011 0.2009 0.0074
-3.40890002 0.8247 0.0126
-3.08879995 0.77090001 0.0101
-2.82690001 0.57380003 0.0137
-2.82299995 0.91420001 0.0106
-2.53279996 0.6886 0.0079
-4.37459993 -0.85949999 0.95959997
-4.37300014 -0.55870003 0.95850003
-4.36689997 -0.17389999 0.95880002
-4.37389994 -0.9138 1.26250005
-4.37200022 -0.88730001 1.56990004
-4.35169983 -0.61489999 1.29180002
-4.35179996 -0.58789998 1.59679997
-4.36929989 -0.94260001 1.92390001
-4.3671999 -0.67009997 2.06879997
-4.3506999 -0.31369999 1.24660003
-4.34800005 -0.28690001 1.55850005
-4.3427 -0.0387 1.36969995
-4.34749985 -0.39719999 1.84430003
-4.34539986 -0.0943 1.80130005
-4.36310005 -0.23100001 2.09770012
-3.03010011 -0.9368 0.33199999
-2.65070009 -0.94569999 0.24770001
-2.63599992 -0.63590002 0.30790001
-2.89510012 -1.03190005 0.62919998
-3.01270008 -0.87650001 0.87239999
-2.76929998 -1.1207 1.0072
-3.01069999 -0.75510001 0.57929999
-3.0072 -0.65469998 1.07910001
-2.70539999 -0.7252 0.60180002
-2.62669992 -0.37990001 0.47139999
-3.00460005 -0.49259999 0.7421
-2.8986001 -0.24330001 0.60250002
-2.99920011 -0.2685 0.94669998
-4.36539984 0.134 0.95999998
-4.36210012 0.44710001 0.96340001
-4.3604002 0.73989999 1.05560005
-4.33790016 0.18449999 1.57229996
-4.3448 0.24250001 1.26119995
-4.36159992 0.15989999 2.09369993
-4.34250021 0.4702 1.95669997
-4.34310007 0.5582 1.29729998
-4.34030008 0.52780002 1.60140002
-4.33920002 1.00419998 1.20899999
-4.33930016 0.82300001 1.46179998
-4.35710001 0.73820001 2.11199999
-4.33699989 0.79170001 1.78670001
-2.62610006 -0.0801 0.3127
-2.61129999 0.0893 0.56230003
-2.60940003 0.26609999 0.3064
-2.9907999 0.0002 0.7579
-2.9907999 0.0209 1.0582
-2.98629999 0.25549999 0.59630001
-2.98440003 0.27649999 0.8969
-2.71289992 0.38170001 0.59979999
-3.07249999 0.8854 0.29820001
-2.9756 0.56269997 0.56889999
-2.9282999 0.9163 0.56709999
-2.97729993 0.5176 1.08599997
-2.97280002 0.69950002 0.84570003
-3.0223 0.91109997 1.0553
-2.47329998 -0.97539997 0.0058
-2.1473999 -0.99419999 0.0062
-2.29040003 -0.72229999 0.0063
-1.8046 -0.94919997 0.0083
-1.98829997 -0.68980002 0.008
-1.59759998 -0.72420001 0.006
-2.31279993 -0.42160001 0.0065
-2.07719994 -0.2331 0.0068
-1.78729999 -0.4641 0.0078
-1.56340003 -0.26179999 0.0073
-1.39289999 -1.10979998 0.0066
-1.22590005 -0.85100001 0.0043
-0.92199999 -0.9982 0.0064
-0.5855 -1.04489994 0.0059
-0.7105 -0.76859999 0.0075
-1.32480001 -0.5661 0.0052
-1.06120002 -0.41530001 0.0065
-0.55339998 -0.50730002 0.0036
-0.79659998 -0.2613 0.0054
-2.33240008 -0.0216 0.0071
-2.30690002 0.33500001 0.0073
-2.06739998 0.1418 0.0068
-1.81070006 -0.0826 0.0073
-1.5474 0.0639 0.0077
-1.80330002 0.30720001 0.0086
-2.21160007 0.62050003 0.0065
-2.0402 0.86900002 0.0063
-1.52419996 0.44670001 0.0075
-1.88619995 0.6081 0.0059
-1.63039994 0.78750002 0.0077
-1.25709999 -0.182 0.0051
-1.04209995 0.0343 0.0045
-1.28009999 0.2282 0.0044
-0.65710002 0.0137 0.0038
-0.84060001 0.26480001 0.004
-1.20190001 0.51950002 0.0042
-1.31550002 0.80000001 0.0066
-0.99940002 0.75139999 0.0029
-0.52429998 0.28960001 0.0029
-0.7626 0.5607 0.0034
-0.4772 0.6735 0.0033
-4.32749987 -3.43140006 2.35220003
-4.37419987 -3.12179995 2.34080005
-4.32579994 -3.43140006 2.66059995
-4.32390022 -3.43109989 2.9756
-4.37209988 -3.12150002 2.64490008
-4.37279987 -3.12240005 2.95560002
-4.01049995 -3.43359995 2.3124001
-3.94819999 -3.43350005 2.60809994
-4.00600004 -3.43239999 2.90499997
-4.32329988 -3.43129992 3.29760003
-4.37190008 -3.12280011 3.2729001
-4.06850004 -3.43429995 3.45760012
-3.88709998 -3.43409991 3.19829988
-3.6645 -3.43510008 2.27259994
-3.55760002 -3.43560004 2.5776
-3.30719995 -3.43650007 2.26349998
-3.65919995 -3.43330002 2.86069989
-3.30349994 -3.43530011 2.73790002
-3.49920011 -3.43319988 3.12919998
-3.07399988 -3.43650007 2.47659993
-2.81929994 -3.4368 2.2887001
-2.77959991 -3.4375999 2.58920002
-3.1624999 -3.43630004 3.02390003
-2.85940003 -3.43709993 2.88560009
-3.71889997 -3.43700004 3.4691
-3.30340004 -3.4368 3.36879992
-3.36809993 -3.18039989 3.55439997
-3.03320003 -3.44109988 3.52909994
-2.94250011 -3.4375999 3.24130011
-2.40510011 -3.43670011 2.34010005
-2.26850009 -3.4368999 2.60800004
-2.5474999 -3.4374001 2.80349994
-2.66030002 -3.4381001 3.11949992
-2.26819992 -3.4375999 2.92750001
-2.02020001 -3.44079995 2.3499999
-1.81840003 -3.44219995 2.59089994
-2.01929998 -3.44210005 3.11540008
-1.76419997 -3.4440999 2.90610003
-2.66240001 -3.44039989 3.43289995
-2.3348999 -3.43849993 3.24469995
-2.34150004 -3.4447999 3.54780006
-2.02220011 -3.44580007 3.42720008
-1.75950003 -3.38779998 3.56110001
-1.58000004 -3.44269991 2.34310007
-1.24679995 -3.44370008 2.34680009
-1.43229997 -3.44440007 2.60689998
-1.50639999 -3.44679999 3.07130003
-1.24689996 -3.44560003 2.85809994
-1.05270004 -3.4454 2.5875001
-0.86229998 -3.34509993 2.375
-1.05320001 -3.44799995 3.10750008
-0.85280001 -3.44799995 2.81660008
-0.73360002 -3.41100001 3.1013999
-1.73759997 -3.4460001 3.2665
-1.4346 -3.44950008 3.38210011
-1.11880004 -3.4519999 3.41529989
-0.85549998 -3.45539999 3.57249999
-4.81939983 -2.19109988 2.1868
-4.37260008 -2.80320001 2.30769992
-4.36800003 -2.77080011 2.62400007
-4.36859989 -2.86570001 3.11439991
-4.36709976 -2.61750007 2.88739991
-4.08249998 -2.8427 2.20819998
-4.34189987 -2.48740005 2.27119994
-4.36819983 -2.46650004 2.58010006
-4.37349987 -2.11439991 2.3907001
-4.36660004 -2.40700006 3.1019001
-4.36730003 -2.25929999 2.80609989
-4.36479998 -2.0848999 3.06820011
-4.37220001 -2.93079996 3.51040006
-4.36730003 -2.61849999 3.31839991
-4.36520004 -2.37750006 3.4993
-4.36390018 -2.08529997 3.37319994
-3.62540007 -2.85150003 2.2335999
-4.36829996 -1.82809997 2.49670005
-4.36630011 -1.94149995 2.78979993
-4.36679983 -1.63180006 2.73740005
-4.36369991 -1.77160001 3.06509995
-4.37120008 -1.43719995 2.35570002
-4.36749983 -1.27180004 2.6263001
-4.36619997 -1.05219996 2.39949989
-4.36380005 -1.46510005 2.98769999
-4.36509991 -1.10759997 2.87910008
-4.36219978 -1.82850003 3.53320003
-4.36229992 -1.57599998 3.31780005
-4.3592 -1.32739997 3.50810003
-4.36229992 -1.24479997 3.21320009
-0.64569998 -2.20079994 3.52259994
-0.63450003 -1.89680004 3.51659989
-0.61799997 -1.59159994 3.50990009
-0.59390002 -1.28929996 3.50270009
-4.36660004 -0.80659997 2.59489989
-4.36450005 -0.58810002 2.36529994
-4.36149979 -0.94410002 3.13240004
-4.36409998 -0.671 2.87969995
-4.36280012 -0.42429999 2.62420011
-4.36049986 -0.0647 2.36800003
-4.3599 -0.48010001 3.13089991
-4.35979986 -0.28709999 2.89540005
-4.35610008 -0.0657 2.67820001
-4.35529995 -0.0943 3.12960005
-4.35979986 -1.02610004 3.43540001
-4.3586998 -0.72610003 3.3499999
-4.35599995 -0.31560001 3.38619995
-4.35470009 -0.0392 3.50679994
-4.3585 0.2156 2.47959995
-4.36030006 0.4456 2.26079988
-4.35640001 0.21510001 2.79550004
-4.35400009 0.21430001 3.11870003
-4.35529995 0.47279999 2.96510005
-4.3572998 0.5029 2.57159996
-4.35510015 0.91790003 2.35339999
-4.35410023 0.73659998 2.78040004
-4.35059977 0.73549998 3.14030004
-4.35050011 1.0072 2.93429995
-4.35410023 0.3281 3.3979001
-4.35109997 0.6171 3.48169994
-4.34660006 1.00580001 3.27279997
-0.60750002 -0.98409998 3.51009989
-0.62449998 -0.6839 3.51859999
-0.60369998 -0.38319999 3.51060009
-0.62180001 -0.0774 3.51889992
-0.62690002 0.2384 3.5229001
-0.5126 0.5169 3.53719997
-0.54000002 -3.33969998 0.1314
-0.59100002 -3.34060001 0.44119999
-0.6566 -3.33380008 0.77160001
-0.4716 -3.34229994 1.0158
-0.66189998 -3.34500003 1.32529998
-0.47049999 -3.34299994 1.55690002
-0.57179999 -3.3440001 1.84150004
-0.083 -3.34599996 0.0046
0.235 -3.33500004 -0.0001
-0.0779 -3.04419994 0.0027
0.2626 -3.02180004 0.0003
-0.056 -2.73620009 0.0008
0.27950001 -2.68420005 0.0005
-0.0235 -2.42619991 0.0017
0.3001 -2.3828001 -0.0002
0.55669999 -3.34689999 -0.0005
0.58099997 -3.02999997 -0.0023
0.60079998 -2.69810009 -0.0022
0.6178 -2.37669992 -0.0028
1.38929999 -2.43770003 -0.0076
-0.0674 -2.08820009 0.0025
0.25659999 -2.06080008 -0.0034
-0.35879999 -1.28830004 -0.0014
-0.0481 -1.77699995 -0.0014
0.57819998 -2.0618 -0.0043
1.28040004 -2.1006 -0.0031
-0.27939999 -3.34260011 0.29539999
-0.57389998 -3.01020002 0.1353
-0.60210001 -3.00530005 0.43520001
-0.31209999 -2.85339999 0.112
-0.3348 -3.32680011 0.60299999
0.0518 -3.33820009 0.27790001
0.1816 -3.33220005 0.55500001
-0.0789 -3.33940005 0.75989997
-0.1523 -3.33759999 1.06079996
0.17990001 -3.34120011 0.91549999
-0.57669997 -2.70219994 0.1162
-0.60460001 -2.69970012 0.4172
-0.5808 -2.43289995 0.26210001
-0.2881 -2.55320001 0.1066
-0.2119 -3.3362 1.35730004
-0.20999999 -3.33389997 1.71169996
-0.40059999 -3.33780003 2.10030007
0.0533 -3.34200001 1.50580001
0.17990001 -3.34360003 1.2277
-0.075 -3.33669996 1.98759997
0.1813 -3.34290004 1.78499997
0.237 -3.3448 2.08599997
0.3741 -3.32329988 0.2692
0.49290001 -3.33439994 0.54879999
0.6911 -3.31769991 0.2714
0.49259999 -3.34139991 0.86159998
0.4928 -3.34430003 1.16869998
0.40040001 -3.34209991 1.45640004
0.69169998 -3.34570003 1.56830001
0.49399999 -3.34520006 1.79470003
0.56120002 -3.34459996 2.09969997
-0.52719998 -2.17779994 0.1091
-0.51179999 -1.87759995 0.1064
-0.55080003 -1.5776 0.1071
-0.2342 -1.56389999 0.1028
1.72060001 -3.35560012 0.0446
1.60529995 -3.02710009 -0.0068
2.03839993 -3.37759995 0.0235
2.36479998 -3.32130003 0.0288
1.92200005 -3.10100007 -0.007
2.25609994 -2.99119997 -0.011
1.49829996 -2.72169995 -0.008
1.81889999 -2.78119993 -0.0112
1.70990002 -2.45919991 -0.0105
2.13709998 -2.66260004 -0.0121
2.40820003 -2.49090004 -0.0136
2.68790007 -3.29530001 0.0158
2.56719995 -3.0151999 0.0137
2.88100004 -3.03239989 0.0176
3.00259995 -3.31389999 0.019
3.2105 -3.06229997 0.0154
2.6558001 -2.7112999 -0.0147
2.91969991 -2.54049993 0.0005
3.1631 -2.73880005 0.017
1.5941 -2.17740011 -0.0008
1.91680002 -2.19819999 -0.004
2.2355001 -2.22110009 -0.0144
2.43569994 -1.97479999 -0.0155
1.48319995 -1.87800002 -0.013
1.80680001 -1.87090003 -0.0089
1.82959998 -1.5618 -0.0176
2.11570001 -1.89670002 -0.0176
2.14770007 -1.57009995 -0.0179
2.46230006 -1.65760005 -0.0169
2.67319989 -2.30789995 -0.0149
2.93700004 -2.13969994 -0.0169
3.18199992 -2.34240007 0.0134
3.2572999 -2.0237 -0.0151
2.71460009 -1.82099998 -0.0188
2.7348001 -1.47920001 -0.0197
3.02279997 -1.82570004 -0.0199
3.48469996 -1.79180002 -0.0145
3.04550004 -1.49399996 -0.02
3.34910011 -1.51250005 -0.0179
1.70130002 -3.34139991 0.36309999
1.71710002 -3.34310007 0.68370003
1.71879995 -3.34629989 1.0007
2.08899999 -3.44770002 0.34959999
2.36089993 -3.31459999 0.3547
2.08870006 -3.44659996 0.68110001
2.07620001 -3.41960001 0.9964
2.36199999 -3.31559992 0.68559998
2.36389995 -3.31820011 1.04349995
1.71899998 -3.34570003 1.31579995
1.71930003 -3.34540009 1.6487
1.72019994 -3.34689999 1.97000003
2.04450011 -3.3526001 1.31379998
2.22740006 -3.3526001 1.58000004
1.97819996 -3.34619999 1.80809999
2.1105001 -3.35249996 2.09360003
2.36820006 -3.35319996 1.89419997
2.6249001 -3.31719995 0.53780001
2.87459993 -3.31990004 0.29730001
2.62549996 -3.31760001 0.87019998
2.86750007 -3.31110001 1.06809998
3.24850011 -3.45359993 0.16859999
3.18260002 -3.46280003 0.4797
3.21729994 -3.18770003 0.3583
2.93980002 -3.31870008 0.61650002
3.18390012 -3.46379995 0.79820001
3.2183001 -3.18869996 0.66850001
3.22020006 -3.26489997 1.05410004
3.21560001 -2.8657999 0.292
3.21490002 -2.54430008 0.296
3.21589994 -2.72020006 0.5557
3.21700001 -2.90960002 0.80089998
3.21530008 -2.54480004 0.80040002
3.21659994 -2.74110007 1.06840003
2.5546 -3.35470009 1.31819999
2.73390007 -3.35479999 1.57149994
2.61330009 -3.35470009 2.0933001
2.88249993 -3.35520005 1.83920002
3.06389999 -3.35630012 1.31519997
3.22589993 -3.32159996 1.57690001
3.2197001 -3.07010007 1.3039
3.1157999 -3.44129992 2.02609992
3.2125001 -3.13409996 1.83940005
3.22099996 -2.93540001 1.57389998
3.29760003 -2.54590011 1.31589997
3.22300005 -2.9368999 2.09220004
3.22149992 -2.74489999 1.83920002
3.22169995 -2.54940009 2.09559989
3.21429992 -2.34549999 0.54339999
3.25550008 -2.16720009 0.27779999
3.46079993 -2.03920007 0.491
3.21379995 -2.34529996 1.05639994
3.25550008 -2.16729999 0.80849999
3.47939992 -1.80550003 0.29879999
3.42479992 -1.53279996 0.42250001
3.42330003 -1.76989996 0.64099997
3.3118 -2.28349996 1.48870003
3.46379995 -2.19350004 1.23239994
3.21939993 -2.41930008 1.82369995
3.43479991 -2.19569993 1.77240002
3.21959996 -2.22989988 2.08920002
3.49020004 -1.79429996 1.31410003
3.47390008 -1.78890002 1.63820004
3.47889996 -1.91719997 1.96029997
3.50099993 -1.52450001 1.83650005
-0.39340001 -0.80379999 0.0031
-0.29890001 -0.34209999 -0.0068
-0.35679999 -0.0458 0.0006
-0.057 0.0287 -0.0113
0.1779 0.2167 -0.0086
-0.23720001 0.3836 -0.0004
0.0218 0.54720002 -0.0042
0.3594 0.4594 -0.0112
0.91460001 0.37709999 0.0495
1.20420003 0.32339999 -0.0178
1.47930002 0.20200001 -0.0205
1.44099998 0.53030002 -0.0144
0.99330002 0.2404 0.30559999
0.92640001 0.5625 0.36039999
1.27509999 0.40849999 0.301
2.00029993 -1.30260003 -0.0074
2.34820008 -1.324 -0.0203
2.20350003 -1.05910003 -0.0223
2.4907999 -0.94639999 -0.0124
2.0151 -0.4686 -0.0189
2.06739998 -0.76599997 -0.0326
2.33069992 -0.61479998 -0.0245
1.85450006 -0.1381 -0.028
2.03839993 0.1075 -0.0194
2.27850008 -0.2904 -0.0187
2.53259993 -0.1201 -0.0265
1.76960003 0.31850001 -0.0169
1.72329998 0.63609999 -0.0153
2.06680012 0.42500001 -0.017
2.32780004 0.2757 -0.0205
2.33179998 0.60549998 -0.0206
2.59109998 0.4316 -0.026
2.77830005 0.0584 -0.0257
3.08660007 0.17399999 -0.0258
2.8973 0.4355 -0.0246
3.39439988 0.2818 -0.02
3.18519998 0.54710001 -0.022
2.42199993 -1.13610005 0.2333
2.40140009 -1.07379997 0.55119997
2.39650011 -1.07340002 0.87529999
2.44079995 -0.81800002 0.30160001
2.50300002 -0.43439999 0.17
2.46690011 -0.62940001 0.56129998
2.43160009 -0.81919998 1.06729996
2.49320006 -0.43790001 0.81129998
2.39459991 -1.09010005 1.19330001
2.38739991 -1.07290006 1.52049994
2.39030004 -1.07350004 1.84130001
2.4375 -0.75260001 1.39199996
2.47420001 -0.52399999 1.19060004
2.47250009 -0.49810001 1.58220005
2.43050003 -0.76999998 1.71010005
2.46950006 -0.4993 1.89849997
2.67020011 -1.19099998 0.0627
3.51160002 -1.33589995 0.6397
3.51740003 -1.33729994 1.05470002
3.48250008 -1.40289998 1.38030005
3.45429993 -1.28390002 1.6566
3.46020007 -1.34200001 2.08419991
3.48110008 -0.8847 2.09840012
3.44160008 -0.55629998 2.08710003
2.51780009 -0.30790001 0.48460001
2.51850009 -0.25 1.07449996
2.54410005 -0.1167 0.75
2.51480007 -0.2421 1.37870002
2.52069998 -0.1803 1.71319997
2.58200002 -0.0995 0.27129999
3.48130012 0.33590001 0.301
3.50370002 0.5345 0.52560002
3.53410006 0.3926 0.80119997
3.53489995 0.39230001 1.12810004
3.54419994 0.39570001 1.45770001
3.54579997 0.39590001 1.77020001
3.54159999 -2.12700009 -0.0132
3.5237 -2.87310004 1.31400001
3.49239993 -2.68050003 1.55990005
3.57999992 -2.32620001 0.96200001
3.53390002 -2.0388 0.80510002
3.52600002 -1.79120004 1.00349998
3.60599995 -1.53499997 0.84399998
3.5309 -2.0546999 1.50080001
3.62919998 -2.35299993 1.96800005
3.52449989 -1.33759999 0.1698
3.64680004 -0.32300001 2.09789991
3.65240002 0.0057 2.09910011
3.6572001 0.32339999 2.08870006
-0.59399998 -3.44810009 2.48020005
-0.2735 -3.45000005 2.48110008
-0.54079998 -3.44919991 2.79060006
-0.2089 -3.45059991 2.78509998
-0.4048 -3.45190001 3.07500005
0.0361 -3.45090008 2.47140002
-0.0849 -3.45409989 3.06360006
0.1103 -3.4533999 2.77839994
0.241 -3.4546001 3.05279994
-0.59500003 -3.4539001 3.37170005
-0.27360001 -3.45519996 3.36019993
0.051 -3.45689988 3.34870005
0.29879999 -3.45720005 3.52279997
0.368 -3.454 2.4756
0.6868 -3.45539999 2.46539998
0.42469999 -3.45609999 2.78320003
0.55010003 -3.45819998 3.05749989
0.5643 -3.45869994 3.36549997
-0.63999999 -3.09960008 3.5150001
-0.44139999 -2.86689997 3.49769998
-0.60519999 -2.61369991 3.50270009
-0.3978 -2.37829995 3.51379991
-0.37709999 -2.05489993 3.5250001
1.72179997 -3.34990001 2.28649998
1.77559996 -3.45810008 2.59590006
1.77709997 -3.4611001 2.91729999
2.09629989 -3.45760012 2.4756
2.36899996 -3.35349989 2.28859997
2.09960008 -3.46379995 2.80069995
2.03320003 -3.46350002 3.11759996
2.36109996 -3.4618001 2.64229989
2.36339998 -3.46490002 2.99020004
1.76289999 -3.46350002 3.25049996
1.72730005 -3.36080003 3.60689998
2.03489995 -3.46659994 3.43849993
2.36450005 -3.46620011 3.30800009
2.29559994 -3.40869999 3.59890008
2.60739994 -3.45959997 2.46429992
2.8829 -3.35509992 2.28679991
2.6099 -3.46269989 2.81139994
2.86129999 -3.46460009 2.6408999
2.67149997 -3.46379995 3.11339998
3.11159992 -3.46339989 2.4618001
3.38940001 -3.46339989 2.5927
3.22650003 -3.22020006 2.20650005
3.11350012 -3.46519995 2.8585999
3.31329989 -3.46580005 3.10310006
3.22429991 -2.93790007 2.40190005
3.22309995 -2.60759997 2.40190005
2.61470008 -3.4690001 3.50810003
2.88400006 -3.35509992 3.61590004
2.99640012 -3.46539998 3.17359996
3.18889999 -3.46749997 3.43269992
3.40310001 -3.14240003 3.6164
3.42030001 -2.81649995 3.61310005
3.22259998 -2.2823 2.40470004
3.46140003 -2.10700011 2.22510004
3.4526 -2.17129993 2.59459996
3.44300008 -2.16619992 2.92400002
3.48639989 -1.87269998 2.44619989
3.48839998 -1.53690004 2.34430003
3.45650005 -1.90869999 2.74830008
3.45000005 -1.92190003 3.11209989
3.46460009 -1.53079998 2.66700006
3.49239993 -1.65789998 2.97390008
3.44460011 -2.49169993 3.61109996
3.45889997 -2.10630012 3.37719989
3.41639996 -1.90869999 3.61549997
3.45939994 -1.7234 3.38080001
3.42720008 -1.52180004 3.60549998
-0.3664 0.0859 3.53430009
3.46880007 -1.27320004 2.5092001
3.49670005 -1.27810001 2.85870004
3.4604001 -1.00839996 2.67400002
3.46169996 -1.00890005 2.98950005
3.41179991 -0.74949998 2.40750003
3.54520011 -0.75910002 2.83579993
3.4605 -0.54100001 2.63899994
3.43009996 -0.69559997 3.11229992
3.47869992 -1.46169996 3.22729993
3.46819997 -1.14830005 3.38010001
3.48250008 -0.84490001 3.3749001
3.52710009 -0.53430003 3.35809994
3.44250011 -0.37810001 3.60229993
3.44959998 0.0011 3.60030007
3.6085999 0.26629999 3.59599996
3.58800006 -3.20670009 2.58929992
3.53130007 -3.4683001 2.85780001
3.63210011 -3.34770012 3.11450005
3.63479996 -3.14660001 2.8908999
3.63380003 -2.88829994 2.59730005
3.63330007 -2.5697 2.60780001
3.63639998 -2.82380009 2.92499995
3.63490009 -2.57089996 3.11739993
3.50110006 -3.46609998 3.36339998
3.63439989 -3.14650011 3.37730002
3.63599992 -2.84549999 3.24530005
3.63019991 -2.35369992 2.27349997
3.6315999 -2.39249992 2.8578999
3.6322 -2.37400007 3.36490011
3.58710003 -1.08780003 2.29450011
3.63960004 -0.50489998 2.35279989
3.64549994 -0.24789999 2.54480004
3.6408 -0.38589999 2.85969996
3.6479001 0.0031 2.7414999
3.64490008 -0.1873 3.1098001
3.65149999 0.0693 2.40759993
3.65739989 0.51800001 2.35669994
3.65350008 0.32080001 2.61010003
3.65009999 0.1331 3.05609989
3.65499997 0.51539999 2.85960007
3.64599991 0.0014 3.36470008
3.65120006 0.3881 3.25480008
-4.67369986 3.50410008 0.25569999
-3.86039996 1.29279995 0.0158
-2.5151 0.98869997 0.0093
-2.75650001 1.32120001 0.0181
-2.86680007 1.68900001 0.0179
-2.50139999 1.51709998 0.0093
-2.61190009 1.84790003 0.0077
-4.0868001 3.04060006 0.0227
-3.7026 2.73760009 0.0171
-3.44880009 2.53719997 0.0148
-3.45180011 2.92059994 0.0163
-2.97180009 2.00239992 0.0131
-3.11520004 2.27419996 0.0542
-2.7263999 2.18589997 0.0082
-2.57290006 2.44630003 0.0077
-3.20120001 2.73799992 0.0139
-2.93449998 2.53740001 0.0101
-2.91529989 2.89229989 0.0117
-2.55929995 2.7572999 0.0092
-4.35640001 1.22850001 0.96079999
-4.35540009 1.51760006 1.06519997
-4.35389996 1.81959999 0.97839999
-4.33470011 1.12580001 1.51250005
-4.33440018 1.37829995 1.33280003
-4.33449984 1.09469998 1.83510005
-4.35370016 1.22689998 2.10829997
-4.33330011 1.37759995 1.68970001
-4.35249996 1.51600003 1.96449995
-4.35290003 1.68289995 1.32840002
-4.34880018 2.02649999 1.21449995
-4.34919977 1.85189998 1.59689999
-4.34899998 1.8168 1.89929998
-4.34709978 2.02519989 2.11750007
-3.1092999 1.18089998 0.6099
-3.10479999 1.17850006 0.92470002
-3.18580008 1.4382 0.75040001
-3.18390012 1.43719995 1.07270002
-2.75830007 0.97719997 0.3062
-2.6552 1.11319995 0.55739999
-2.76659989 1.40489995 0.31299999
-2.90240002 1.40869999 0.60759997
-3.21070004 1.7119 0.60680002
-3.33159995 1.91180003 0.81879997
-3.28239989 1.75709999 1.08700001
-3.0395999 1.95910001 0.60229999
-2.85100007 1.67820001 0.41139999
-4.34549999 2.27830005 1.02540004
-4.26879978 2.88890004 0.35159999
-3.95630002 2.89700007 0.5758
-4.34630013 2.58279991 1.01639998
-4.34140015 2.94210005 0.64499998
-4.34130001 2.90059996 1.04410005
-4.00509977 2.89450002 0.94319999
-3.89569998 2.88980007 0.21950001
-3.60680008 2.85540009 0.34619999
-3.57410002 2.8671 0.73220003
-4.34560013 2.2046001 1.45920002
-4.34329987 2.46490002 1.30120003
-4.34259987 2.50309992 1.60360003
-4.34429979 2.13150001 1.77740002
-4.34110022 2.38800001 1.95940006
-4.34159994 2.77800012 1.33949995
-4.34009981 2.94129992 1.59459996
-4.34189987 2.69790006 1.83299994
-4.34110022 2.85899997 2.09870005
-3.4217999 2.20180011 0.57539999
-2.9762001 2.03719997 0.3168
-3.37949991 2.07229996 1.07140005
-2.22370005 1.11099994 0.0077
-2.0546 1.36440003 0.0073
-1.80229998 1.08560002 0.0064
-1.49119997 1.07360005 0.0073
-1.66849995 1.35570002 0.0065
-2.20619988 1.63600004 0.0092
-1.96440005 1.8312 0.0067
-1.49960005 1.60829997 0.0053
-1.15649998 1.06009996 0.0033
-1.32449996 1.33150005 0.0045
-2.35159993 2.01480007 0.0087
-2.0862999 2.16000009 0.0084
-2.25250006 2.46690011 0.0084
-0.78350002 0.85729998 0.1832
-0.50489998 0.80809999 0.29159999
-0.70490003 0.84469998 0.5183
-0.73269999 0.94950002 0.91759998
-0.49059999 0.89960003 0.72820002
-0.89480001 1.31029999 0.92049998
-0.48609999 1.14209998 0.90649998
-0.99150002 1.61020005 0.92760003
-0.68790001 1.55110002 0.91280001
-0.4474 1.73590004 0.91009998
-4.07889986 3.42549992 0.044
-3.76690006 3.11279988 0.02
-3.43650007 3.23699999 0.0191
-3.74119997 3.4368999 0.0282
-3.3894999 3.54439998 0.0206
-3.53209996 3.83800006 0.0324
-3.18179989 3.07500005 0.0168
-3.02769995 3.34150004 0.0174
-2.68600011 3.0934999 0.0106
-3.11190009 3.6638999 0.0196
-3.30229998 4.03310013 0.0214
-3.50160003 4.26809978 0.0542
-3.59759998 4.78770018 0.0422
-3.37750006 4.56680012 0.0264
-4.34119987 3.2414999 0.37509999
-4.3032999 3.57319999 0.31900001
-3.93339992 3.43280005 0.33450001
-4.33939981 3.24000001 0.69389999
-4.18400002 3.16020012 0.94770002
-3.99440002 3.2644999 0.63270003
-4.34049988 3.55879998 0.6336
-4.33820009 3.41860008 0.95029998
-3.6092 3.3132 0.2764
-3.69320011 3.13260007 0.62440002
-3.65939999 3.14510012 0.9497
-4.29610014 3.90560007 0.2194
-4.33900023 3.89470005 0.5352
-3.98889995 3.9618001 0.3073
-4.33669996 3.69799995 1.06719995
-4.33890009 3.94490004 0.8513
-3.6882 3.70939994 0.36649999
-3.52889991 3.9849999 0.317
-3.5625 4.02180004 0.6257
-3.56900001 4.02909994 0.93959999
-4.34030008 3.11019993 1.28419995
-4.33809996 3.28369999 1.55369997
-4.33729982 3.41779995 1.26810002
-4.33900023 3.15249991 1.82550001
-4.33690023 3.23860002 2.11849999
-4.33599997 3.5552001 1.71169996
-4.33589983 3.5553 2.03049994
-4.3355999 3.69700003 1.39260006
-4.33510017 3.99259996 1.15419996
-4.33479977 3.94140005 1.59399998
-3.94950008 4.02330017 1.19630003
-4.3355999 3.84290004 1.90830004
-4.33109999 4.09159994 2.08699989
-3.3915 3.32319999 0.93169999
-3.56010008 4.28270006 0.36860001
-3.51719999 4.51130009 0.56279999
-3.62159991 4.40990019 0.93900001
-3.97359991 4.94579983 0.1217
-3.99070001 4.96710014 0.52340001
-4.10200024 4.97559977 0.94529998
-3.74690008 4.73379993 0.4219
-3.58929992 4.96269989 0.55549997
-3.40619993 4.78329992 0.72289997
-3.3994 4.77489996 1.02419996
-3.73659992 4.96519995 0.82859999
-4.33349991 4.25169992 1.31019998
-4.16239977 4.29390001 1.57369995
-4.04540014 4.33339977 1.27620006
-4.33220005 4.58050013 1.21749997
-4.33330011 4.19840002 1.80599999
-4.3295002 4.52139997 1.81480002
-4.32859993 4.46479988 2.11509991
-3.88450003 4.37869978 1.66900003
-3.67689991 4.20160007 1.2112
-3.69589996 4.44220018 1.40170002
-3.39960003 4.5374999 1.28489995
-3.43420005 4.52370024 1.59280002
-4.32590008 4.92659998 1.1904
-3.9381001 4.96659994 1.20889997
-4.13390017 4.77220011 1.81710005
-4.32609987 4.80810022 2.04640007
-3.88700008 4.96649981 1.81760001
-4.04080009 4.96670008 2.08459997
-3.59050012 4.84119987 1.25639999
-3.63720012 4.96309996 1.52859998
-3.3210001 4.79360008 1.68120003
-3.73589993 4.96549988 2.11080003
-3.5395 4.9618001 1.84449995
-3.38120008 4.87599993 2.08960009
-3.25830007 4.58710003 0.31740001
-3.07329988 4.63549995 0.5675
-3.0171001 4.55649996 0.1143
-2.83189988 4.59229994 0.3585
-3.12759995 4.7118001 0.88059998
-2.80340004 4.67479992 0.73830003
-2.88529992 4.79939985 1.04200006
-2.60430002 4.5552001 0.1433
-2.56139994 4.61289978 0.49540001
-2.29900002 4.5632 0.2123
-2.54509997 4.71740007 0.91039997
-2.31170011 4.65170002 0.6717
-2.30380011 4.84450006 1.06620002
-3.17820001 4.78350019 1.23529994
-2.82610011 4.77339983 1.49249995
-2.82240009 4.76819992 1.80970001
-3.12759995 4.83760023 1.91050005
-2.60579991 4.81710005 1.21150005
-2.5006001 4.77680016 1.50129998
-2.77749991 4.76440001 2.11260009
-2.5243001 4.75040007 1.86000001
-2.30360007 4.77640009 2.09649992
-2.05780005 4.59810019 0.41409999
-1.82679999 4.56750011 0.204
-1.7895 4.63609982 0.5575
-2.03290009 4.69119978 0.81440002
-1.90020001 4.79250002 1.08539999
-1.52690005 4.59070015 0.2474
-1.48529994 4.65280008 0.55809999
-1.29260004 4.85080004 0.29969999
-1.64559996 4.70550013 0.82810003
-1.64260006 4.94110012 1.01559997
-1.34019995 4.71169996 0.82749999
-2.15429997 4.78130007 1.32200003
-1.89919996 4.79160023 1.48109996
-2.15229988 4.77829981 1.7256
-1.85590005 4.77769995 1.8168
-2.00180006 4.85300016 2.09629989
-1.64450002 4.78329992 1.28509998
-1.6243 4.90180016 1.57879996
-1.50010002 4.94280005 1.8563
-1.70550001 4.7638998 2.10319996
-1.2931 4.94560003 0.59509999
-1.32739997 4.94579983 1.04229999
-1.39660001 4.94579983 1.34630001
-1.29139996 4.94460011 1.64020002
-1.32539999 4.9440999 2.11409998
-4.35279989 1.10119998 2.59870005
-4.35300016 1.38569999 2.37260008
-4.34959984 1.38399994 2.70619988
-4.34679985 1.35090005 3.00959992
-4.35050011 1.68130004 2.23709989
-4.34859991 1.64629996 2.55929995
-4.34619999 1.95410001 2.42409992
-4.34740019 1.64569998 2.87080002
-4.34450006 1.91820002 2.73370004
-4.3439002 1.84860003 3.0933001
-4.34539986 1.2543 3.44210005
-4.34509993 1.54499996 3.25239992
-4.34240007 1.71000004 3.50640011
-4.34130001 2.02139997 3.37089992
-4.34380007 2.27710009 2.29699993
-4.3435998 2.2033 2.60100007
-4.34149981 2.54069996 2.44860005
-4.34210014 2.12980008 2.9546001
-4.34079981 2.42549992 2.81399989
-4.33930016 2.38660002 3.13779998
-4.33930016 3.02460003 2.35610008
-4.33879995 2.81669998 2.59960008
-4.33860016 2.73530006 2.90689993
-4.33599997 3.06450009 2.7894001
-4.33620024 2.93840003 3.13070011
-4.33900023 2.34820008 3.44720006
-4.33690023 2.65450001 3.29649997
-4.33459997 2.9374001 3.45230007
-0.61159998 0.81300002 3.51729989
-0.60829997 1.12100005 3.51719999
-0.43110001 1.37779999 3.50289989
-0.60579997 1.6516 3.51799989
-0.42550001 1.91149998 3.50279999
-0.55360001 2.18980002 3.50279999
-0.59259999 2.50289989 3.51810002
-0.61110002 2.80620003 3.52390003
-4.33599997 3.28200006 2.52950001
-4.33500004 3.55480003 2.35100007
-4.33370018 3.23589993 3.0704999
-4.33389997 3.41540003 2.82599998
-4.32999992 3.55049992 3.11870003
-4.33230019 3.69449997 2.62529993
-4.33330011 3.8900001 2.31030011
-4.32929993 4.09019995 2.53920007
-4.33120012 3.7902 2.9131
-4.32840014 4.08949995 2.84629989
-4.32800007 3.98659992 3.14129996
-4.33190012 3.23460007 3.39619994
-4.32840014 3.54909992 3.45469999
-4.32730007 3.88499999 3.4453001
-4.3276 4.40829992 2.4375999
-4.32620001 4.2986002 3.07399988
-4.32590008 4.40630007 2.75329995
-4.32480001 4.74770021 2.36269999
-4.02829981 4.71080017 2.59809995
-4.32270002 4.92409992 2.61540008
-4.09329987 4.96689987 2.38669991
-3.83590007 4.96600008 2.55850005
-4.32480001 4.68949986 2.88080001
-4.32019997 4.86149979 3.13870001
-4.00479984 4.74420023 2.94749999
-3.88330007 4.96339989 3.12739992
-3.5388 4.96140003 2.33929992
-3.39619994 4.83449984 2.58669996
-3.7335999 4.96339989 2.85700011
-3.33430004 4.81339979 2.90739989
-3.53609991 4.95870018 3.11739993
-4.32410002 4.19010019 3.38330007
-4.32289982 4.57229996 3.2421
-4.31879997 4.80109978 3.4374001
-4.0005002 4.73939991 3.30970001
-3.83310008 4.96339989 3.44580007
-3.3046 4.8354001 3.45000005
-3.20300007 4.75710011 2.30489993
-3.09629989 4.85809994 2.6006
-2.84949994 4.81110001 2.41260004
-3.13540006 4.78840017 3.14289999
-2.95440006 4.77740002 2.86490011
-2.51139998 4.73000002 2.33579993
-2.61789989 4.77279997 2.61450005
-2.29439998 4.76140022 2.57189989
-2.77130008 4.75619984 3.11190009
-2.51360011 4.73430014 2.89580011
-2.30830002 4.78679991 3.13499999
-2.94630003 4.76599979 3.38170004
-2.60400009 4.75129986 3.36190009
-2.31130004 4.79330015 3.4612
-0.57990003 3.21560001 3.51550007
-2.05270004 4.80560017 2.39389992
-1.81669998 4.77400017 2.62730002
-2.16860008 4.81160021 2.84559989
-1.97689998 4.8046999 3.10809994
-1.63789999 4.93489981 2.37140012
-1.39279997 4.94019985 2.55649996
-1.65219998 4.80499983 2.88599992
-1.49699998 4.93949986 3.12240005
-1.84319997 4.75519991 3.38599992
-1.59829998 4.92880011 3.41709995
-1.32309997 4.94089985 2.87170005
-1.25380003 4.94140005 3.3045001
-0.21340001 0.82499999 -0.0013
0.0395 0.99290001 -0.0053
0.2368 0.76599997 -0.0032
1.30739999 0.8405 0.0241
1.17799997 1.17639995 -0.0178
1.58759999 0.96880001 -0.0199
1.05299997 1.45529997 -0.0134
1.36819994 1.4267 -0.0186
1.23759997 1.69869995 -0.0177
1.62979996 1.60169995 -0.0199
1.48640001 1.87049997 -0.0184
1.17820001 1.99679995 -0.0164
1.41429996 2.19970012 -0.0183
1.25039995 2.45609999 -0.0154
1.67480004 2.36369991 -0.0179
1.51680005 2.64159989 -0.0167
-0.22750001 0.92930001 0.28259999
-0.16230001 1.01419997 0.56830001
0.0468 1.05809999 0.2969
-0.19490001 1.0517 0.87150002
0.059 1.14740002 0.72799999
-0.30140001 1.38440001 0.90530002
0.0143 1.39890003 0.90319997
-0.1415 1.65890002 0.90640002
0.94510001 0.86989999 0.35429999
0.98409998 1.51470006 0.2985
1.11819994 1.59329998 0.55580002
0.98940003 1.58249998 0.8836
-0.1937 1.96319997 0.90490001
1.01170003 1.95159996 0.87989998
2.01069999 0.75449997 -0.0154
1.83500004 1.14279997 -0.0179
2.58769989 0.7676 -0.0251
2.2191 0.97860003 -0.0231
2.50180006 1.10790002 -0.0182
2.09570003 1.3125 -0.0156
1.96259999 1.58500004 -0.018
2.3835001 1.43550003 -0.018
2.64669991 1.5977 -0.0175
2.89280009 0.7529 -0.0236
2.80599999 1.08739996 -0.0245
3.10249996 0.99379998 -0.0237
3.37849998 0.7913 -0.0203
3.00699997 1.32980001 -0.0203
3.30879998 1.24899995 -0.0251
3.21339989 1.56229997 -0.0244
1.79159999 1.90409994 -0.0137
2.14540005 1.8326 -0.0165
2.00309992 2.1552999 -0.0188
2.46309996 1.87890005 -0.0187
2.66269994 2.10739994 -0.0206
2.18219995 2.4131999 -0.0198
1.82560003 2.6421001 -0.0178
2.50370002 2.39470005 -0.0237
2.71620011 2.62730002 -0.018
2.89529991 1.78610003 -0.02
3.17409992 1.8987 -0.0236
3.4619 2.07809997 -0.0193
2.9454999 2.30209994 -0.0236
3.02600002 2.61509991 -0.0216
3.47079992 0.66140002 0.2353
3.37890005 0.98580003 0.2397
3.51550007 0.8387 0.48859999
3.54250002 0.71969998 0.81220001
3.54410005 1.03960001 0.74900001
3.55749989 0.90380001 1.05770004
3.38599992 1.31350005 0.26320001
3.52069998 1.28629994 0.55309999
3.47460008 1.55999994 0.4298
3.54250002 1.30250001 0.93150002
3.52629995 1.5553 0.74519998
3.54870009 0.68489999 1.26590002
3.54870009 0.72189999 1.58089995
3.56220007 0.96710002 1.38919997
3.53679991 0.6577 1.97080004
3.52959991 1.02740002 1.70060003
3.65440011 0.96429998 1.99129999
3.54380012 1.30270004 1.24670005
3.53839993 1.2974 1.55490005
3.53979993 1.29760003 1.89880002
3.66280007 1.5438 2.03399992
3.17030001 1.89330006 0.28909999
3.39689994 1.74779999 0.146
3.44320011 2.05609989 0.2987
3.33410001 1.87590003 0.55980003
3.61190009 2.02480006 0.54939997
3.54439998 1.62179995 1.06930006
3.36319995 2.05550003 0.8089
3.42720008 1.9174 1.07200003
3.70440006 2.05800009 0.87589997
3.15019989 2.17759991 0.1719
3.18869996 2.47230005 0.24089999
3.26139998 2.22029996 0.47690001
3.28609991 2.53349996 0.52649999
3.47919989 2.32019997 1.06060004
3.37649989 2.36509991 0.76349998
3.54570007 2.579 0.91759998
3.54579997 1.78310001 1.329
3.40700006 1.92229998 1.57099998
3.54229999 1.61810005 1.64830005
3.55170012 1.81500006 1.88399994
3.48530006 2.06590009 2.09190011
3.54380012 2.1335001 1.31910002
3.54719996 2.29819989 1.58959997
3.48959994 2.58030009 1.26680005
3.4914999 2.58080006 1.69809997
3.47180009 2.34229994 1.89030004
3.50869989 2.56459999 2.0927999
1.30309999 2.8822999 -0.0129
1.61839998 2.95230007 -0.0151
1.32319999 3.21869993 -0.0105
1.49150002 3.47250009 -0.0071
1.72590005 3.25939989 -0.0129
1.75950003 3.64369988 -0.0112
1.41289997 3.76480007 -0.0086
1.66530001 3.94330001 -0.0096
1.46300006 4.17089987 -0.0066
1.47510004 4.49690008 0.041
1.77869999 4.27909994 -0.0075
1.16700006 4.53149986 0.2104
1.17299998 4.62290001 0.54900002
1.18060005 4.73810005 0.88599998
1.42649996 4.56689978 0.35929999
1.76639998 4.52759981 0.1618
1.66639996 4.62580013 0.5582
1.47249997 4.70930004 0.8017
1.79830003 4.70660019 0.82080001
1.18379998 4.77899981 1.20850003
1.18299997 4.75419998 1.59300005
1.1832 4.74650002 1.91760004
1.47950006 4.76800013 1.12489998
1.44770002 4.74240017 1.42830002
1.71640003 4.74469995 1.5733
1.44719994 4.73190022 1.7529
1.41719997 4.72249985 2.10630012
1.71860003 4.75400019 1.90120006
1.92949998 2.93390012 -0.0166
2.17840004 2.71819997 -0.0201
2.23110008 3.04369998 -0.0175
2.47239995 2.84120011 -0.0213
2.7342 2.99070001 -0.0202
1.99919999 3.42670012 -0.0086
2.25329995 3.61529994 -0.0139
2.49250007 3.22819996 -0.0169
2.74349999 3.39350009 -0.0182
2.61560011 3.66669989 -0.0168
3.0861001 2.92499995 -0.02
3.1493001 3.22300005 0.0354
3.03299999 3.53789997 -0.0178
2.02729988 3.81879997 -0.0125
2.28430009 3.97530007 -0.0119
2.06410003 4.18300009 -0.0107
2.59829998 3.99009991 -0.0133
2.28839993 4.38530016 -0.0092
2.64590001 4.28739977 -0.011
2.45180011 4.63759995 -0.0061
2.80139995 4.54850006 -0.0074
2.91549993 3.84229994 -0.0151
3.02250004 4.15369987 -0.0116
3.3275001 4.25899982 -0.0075
3.1013999 4.48699999 -0.0052
3.41759992 4.58729982 -0.006
3.21810007 2.78929996 0.29710001
3.23219991 3.12120008 0.31420001
3.31940007 2.90079999 0.5582
3.51200008 2.84389997 1.06860006
3.42269993 3.10039997 0.78420001
3.21709991 3.44490004 0.24879999
3.32780004 3.27880001 0.5575
3.31360006 3.61759996 0.47819999
3.49799991 3.21420002 1.07249999
3.44510007 3.4217 0.8096
3.56049991 3.61030006 1.05340004
3.51379991 2.8448 1.45150006
3.51559997 2.84559989 1.90719998
3.4993 3.16919994 1.38230002
3.53209996 3.61459994 1.38789999
3.48979998 3.15339994 1.71019995
3.4698 3.16729999 2.03640008
3.50049996 3.61310005 1.71940005
3.47300005 3.61879992 2.0862
2.0625 4.54190016 0.24259999
1.99100006 4.62099981 0.55790001
2.31500006 4.58710003 0.43970001
2.15989995 4.69700003 0.81709999
2.58270001 4.65409994 0.2911
2.75329995 4.68179989 0.56379998
2.046 4.72879982 1.32130003
2.01370001 4.7171998 1.65250003
1.95439994 4.72079992 2.0947001
3.19889998 3.74720001 0.1734
3.43630004 3.72519994 0.7737
3.54879999 4.10290003 0.75300002
3.56480002 3.95070004 1.05620003
2.92560005 4.61959982 0.2798
3.07870007 4.67089987 0.54089999
3.25950003 4.61730003 0.28420001
3.4835 4.30149984 0.28960001
3.53010011 4.45979977 0.56349999
3.56430006 4.38719988 0.91000003
3.56760001 3.95409989 1.37399995
3.55299997 3.8678 1.91750002
3.55579996 4.04930019 1.67569995
3.68210006 4.09180021 2.07940006
3.56150007 4.24919987 1.26830006
3.55570006 4.36759996 1.59099996
3.57310009 4.61180019 1.11670005
3.53740001 4.33139992 1.8987
3.54270005 4.61969995 1.77629995
3.68370008 4.54300022 2.07579994
1.79079998 4.8348999 1.13269997
2.30640006 4.78289986 1.07609999
2.4683001 4.91699982 0.17309999
2.43939996 4.92619991 0.4862
2.51679993 4.74569988 0.7597
2.63010001 4.7967 1.05410004
2.33780003 4.7810998 1.41149998
2.33839989 4.78119993 1.71659994
2.23900008 4.75680017 2.00359988
2.60509992 4.8190999 1.56459999
2.79839993 4.80770016 1.33440006
2.53530002 4.79869986 1.96370006
2.79979992 4.80770016 1.80499995
2.80419993 4.91790009 2.08459997
2.94079995 4.74480009 0.80400002
3.09459996 4.79059982 1.06449997
3.33739996 4.7125001 0.69139999
3.52819991 4.74280024 0.3849
3.67359996 4.8901 0.67030001
3.50180006 4.91599989 0.94499999
3.10179996 4.80690002 1.38059998
3.34649992 4.80749989 1.58589995
3.09969997 4.79890013 1.82720006
3.18149996 4.91529989 2.10249996
3.41560006 4.80439997 1.29130006
3.67720008 4.89300013 1.51419997
3.67759991 4.89179993 2.01990008
3.66070008 1.00979996 2.2887001
3.65639997 0.90219998 2.60349989
3.6552 0.9005 2.93239999
3.66050005 1.27429998 2.48530006
3.65739989 1.22549999 2.7902
3.65549994 1.15569997 3.11039996
3.65949988 1.5388 2.67709994
3.65739989 1.48570001 2.97950006
3.38579988 0.65789998 3.5927
3.65269995 0.83749998 3.24449992
3.65310001 0.8369 3.5546
3.50869989 1.1566 3.56539989
3.65389991 1.33679998 3.36879992
3.51130009 1.55879998 3.57399988
3.66129994 1.59259999 2.34220004
3.43479991 1.92139995 2.35509992
3.71799994 2.00699997 2.27959991
3.65560007 1.85699999 2.59829998
3.6566999 1.80120003 2.93650007
3.50609994 2.05649996 2.80040002
3.51360011 2.06369996 3.12529993
3.51550007 2.2586 2.34980011
3.49130011 2.50430012 2.54189992
3.5387001 2.31719995 2.9526
3.6559999 1.66369998 3.23589993
3.63380003 1.949 3.3836
3.52010012 2.26060009 3.38400006
3.5157001 2.56780005 3.57010007
1.21179998 4.71589994 2.3598001
1.24119997 4.71519995 2.6631999
1.24230003 4.71850014 2.9999001
1.56939995 4.75279999 2.41610003
1.5697 4.75040007 2.74950004
1.54279995 4.76370001 3.05749989
1.2155 4.74580002 3.31830001
1.57270002 4.76219988 3.3836
3.51230001 2.83949995 2.21930003
3.5157001 2.84299994 2.53780007
3.44359994 2.70379996 2.79970002
3.45650005 2.68109989 3.1099
3.50189996 3.03379989 2.80730009
3.4986999 3.02780008 3.1243999
3.46729994 3.1624999 2.34159994
3.55100012 3.4361999 2.47359991
3.5474 3.33060002 2.85750008
3.46740007 3.55170012 3.12820005
3.5158 2.84019995 3.36660004
3.51880002 3.09960008 3.57329988
3.54209995 3.3204999 3.30730009
3.38319993 3.46000004 3.54310012
1.89880002 4.74109983 2.42549992
2.13960004 4.72459984 2.6105001
1.92830002 4.73269987 2.87030005
2.1408999 4.72510004 3.11240005
1.95819998 4.7256999 3.36610007
3.58060002 3.79909992 2.5927999
3.68099999 4.02810001 2.41890001
3.68190002 3.97009993 2.87249994
3.68309999 4.34140015 2.33189988
3.68460011 4.61119986 2.46639991
3.68300009 4.21269989 2.6652
3.68499994 4.21430016 3.11159992
3.6868 4.47669983 2.84990001
3.52659988 3.75760007 3.56640005
3.68269992 3.96950006 3.31080008
3.53189993 4.18330002 3.55539989
3.5474999 4.54930019 3.55640006
3.6875999 4.4763999 3.28570008
1.39030004 5.04629993 3.24410009
2.18409991 4.78450012 2.29949999
2.34260011 4.90770006 2.9217999
2.47300005 4.91750002 2.2723
2.37680006 4.91769981 2.60290003
2.73749995 4.91699982 2.42519999
2.57399988 4.91839981 3.13490009
2.671 4.91559982 2.72189999
2.83979988 4.91610003 2.98099995
2.27880001 4.77860022 3.38829994
2.54229999 4.92019987 3.43930006
2.84080005 4.91699982 3.31999993
2.97399998 4.91330004 2.61669993
3.3585999 4.91160011 2.36190009
3.11299992 4.91330004 3.12930012
3.25180006 4.91050005 2.73819995
3.5395999 4.90889978 2.60220003
3.68490005 4.90500021 2.32489991
3.68770003 4.83269978 2.87520003
3.4309001 4.90899992 3.03620005
3.07990003 4.9144001 3.51250005
3.36030006 4.91009998 3.3900001
3.68829989 4.75860023 3.17919993
3.68969989 4.83379984 3.51259995
0.83329999 -3.22070003 -0.0015
1.01530004 -3.32349992 0.21600001
0.8556 -2.90300012 -0.0027
0.83389997 -3.32809997 0.54220003
0.83459997 -3.33150005 0.86809999
1.12539995 -2.74799991 -0.0047
0.88010001 -2.56960011 -0.0024
1.09879994 -2.35240006 0.0022
0.83490002 -3.33570004 1.18410003
1.08430004 -3.34200001 1.38310003
0.83630002 -3.34529996 1.89470005
1.08490002 -3.3448 1.69770002
1.22109997 -3.29789996 -0.0039
1.21539998 -3.34150004 0.48140001
1.43060005 -3.3355 0.2281
1.14839995 -3.33430004 0.79650003
1.46070004 -3.34369993 0.8427
1.21580005 -3.3375001 1.1013
1.40540004 -3.33850002 1.37399995
1.15199995 -3.34770012 2.02489996
1.40610003 -3.33999991 1.69459999
0.87080002 -2.1558001 -0.0008
0.55140001 0.69239998 -0.0092
1.01479995 -3.45760012 2.47390008
0.75550002 -3.45880008 2.79250002
1.08410001 -3.45749998 2.79290009
0.92040002 -3.46099997 3.04699993
0.82550001 -3.46569991 3.54839993
1.08539999 -3.4612 3.30789995
1.33369994 -3.454 2.47210002
1.27909994 -3.45900011 3.0309999
1.46239996 -3.45379996 2.79270005
1.28040004 -3.4619 3.55229998
1.46399999 -3.45689988 3.2953999
0.88929999 -3.34640002 2.2197001
1.44990003 -3.34739995 2.14669991
0.3276 1.09019995 -0.0089
0.30230001 1.23179996 0.2992
0.31889999 1.2608 0.61299998
0.3175 1.36679995 0.89600003
0.16329999 1.66219997 0.90130001
0.1125 1.96710002 0.90280002
0.3581 2.16429996 0.89450002
-0.3019 3.38100004 0.61659998
0.18780001 3.3592999 0.63870001
-0.1593 3.47880006 0.8696
0.1884 3.51029992 0.9016
-0.1461 3.63660002 1.14090002
-0.1874 3.82540011 1.37160003
0.2325 3.70420003 1.12880003
0.0838 3.87680006 1.49460006
-1.00059998 4.87809992 0.23450001
-0.98830003 4.94519997 0.55290002
-1.08809996 4.94579983 0.85619998
-0.72490001 4.94439983 0.40259999
-0.75669998 4.94390011 0.74519998
-0.59359998 4.94229984 1.00329995
-1.05429995 4.94490004 1.19210005
-0.98629999 4.94339991 1.48749995
-1.05270004 4.94299984 1.83299994
-0.75599998 4.94490004 1.28600001
-0.46529999 4.94180012 1.36329997
-0.72240001 4.94140005 1.64649999
-0.78719997 4.94180012 1.9777
-0.46450001 4.94049978 1.80079997
-0.4206 4.87559986 0.244
-0.1089 4.87050009 0.26969999
-0.43430001 4.94080019 0.5521
0.3159 4.58010006 0.38569999
0.2273 4.86600018 0.30540001
0.2947 4.80319977 0.73439997
0.54070002 4.65040016 0.59810001
0.47130001 4.84070015 0.98930001
-0.1613 3.94759989 1.67149997
-0.16940001 4.11880016 1.95319998
0.19230001 4.01410007 1.76540005
0.21789999 4.23070002 2.01729989
0.50199997 4.84049988 1.30519998
0.50330001 4.8263998 1.6056
0.53350002 4.82609987 1.91589999
-0.3071 4.93900013 0.84740001
-0.1191 4.9369998 0.57389998
0.0362 4.93580008 0.85659999
-0.2124 4.93779993 1.17770004
-0.1803 4.93879986 1.50300002
-0.0245 4.9368 1.77250004
0.0985 4.93520021 1.15840006
0.1301 4.93419981 1.45860004
0.1617 4.93459988 2.03859997
-0.55070001 3.57340002 3.5072
-0.5431 3.89280009 3.5230999
-0.35089999 3.01209998 3.52979994
-1.08459997 4.94080019 2.30010009
-1.05079997 4.94080019 2.60450006
-1.01629996 4.93959999 2.93600011
-0.7529 4.93889999 2.29419994
-0.49540001 4.93970013 2.11389995
-0.46270001 4.9368 2.42400002
-0.7202 4.93849993 2.5948
-0.71920002 4.93769979 2.9849999
-0.4623 4.93730021 2.77480006
-0.57779998 4.20639992 3.52060008
-0.98199999 4.93839979 3.44070005
-0.49509999 4.68330002 3.45589995
-0.68529999 4.93580008 3.28530002
-0.1814 4.31589985 2.23440003
0.17550001 4.35290003 2.30850005
-0.2414 4.61940002 2.41810012
-0.17039999 4.5612998 2.72480011
-0.2339 4.90189981 3.01719999
0.0318 4.77580023 2.93479991
0.1496 4.78630018 2.38829994
0.56309998 4.84539986 2.21550012
0.18520001 4.50349998 2.58179998
-0.2105 4.93720007 2.2262001
-0.2098 4.93690014 2.60339999
0.4075 4.9289999 2.45970011
0.1011 4.93340015 2.6638999
0.2863 4.93009996 2.98539996
0.4991 4.92759991 2.76900005
-0.3653 4.93459988 3.29349995
0.0099 4.93190002 3.1961
-0.1452 4.93429995 3.51270008
0.1646 4.93079996 3.46359992
0.43889999 4.92689991 3.24749994
0.5614 4.92589998 3.52519989
0.65509999 0.88330001 0.20909999
0.67089999 1.01559997 0.48109999
0.662 1.01269996 0.78149998
0.86949998 1.24749994 0.4815
0.597 1.43050003 0.77920002
0.45460001 1.73609996 0.89960003
0.75340003 1.78120005 0.89480001
0.65030003 2.08890009 0.89029998
0.68229997 2.39059997 0.88510001
0.7719 4.58650017 0.4165
0.71270001 4.72809982 0.83960003
0.79970002 4.79379988 1.14020002
0.77170002 4.75829983 1.45589995
0.80119997 4.76679993 1.76230001
0.74430001 4.73780012 2.44919991
0.83139998 4.7968998 2.06220007
0.74510002 4.73500013 2.77859998
0.83310002 4.79659986 3.06349993
0.77539998 4.74550009 3.38199997
0.70550001 -1.46179998 -0.0023
0.95380002 -1.28600001 0
0.62260002 -1.13479996 -0.0092
0.64069998 -0.83270001 -0.0099
0.90280002 -0.9878 -0.0119
1.13530004 -0.79699999 -0.0146
0.66009998 -0.51319999 -0.0093
0.96710002 -0.53670001 -0.0116
0.84149998 -0.25979999 -0.0115
1.24609995 -0.41409999 -0.0092
0.69160002 0.0057 -0.0106
1.03289998 -0.0037 -0.013
1.33449996 -0.0883 -0.0099
1.31819999 4.95349979 3.53719997
-3.33879995 -3.42659998 0.1971
-3.22849989 -3.42630005 0.49669999
-3.44499993 -3.42659998 0.72180003
-3.35310006 -3.43079996 1.01380002
-3.70309997 -2.53419995 0.0137
-4.36030006 -1.49109995 0.24690001
-4.22219992 -1.33850002 0.019
-4.37389994 -1.07130003 0.0828
-4.37629986 -1.21169996 0.36149999
-3.8197999 -1.30350006 0.2467
-3.47359991 -1.31990004 0.0786
-3.31360006 -1.35220003 0.33360001
-3.34859991 -1.31739998 0.63330001
-2.98920012 -1.36020005 0.28650001
-4.37220001 -0.92830002 0.4754
-4.37680006 -3.26460004 3.5460999
0.0789 -1.5 -0.0173
0.3739 -1.43060005 -0.0181
1.22080004 -1.66639996 -0.0192
1.51259995 -1.55809999 -0.0083
1.38269997 -0.97119999 -0.0163
1.42180002 -0.66009998 -0.017
1.62899995 -0.41870001 -0.016
-0.0601 -1.22660005 0.0123
-0.1168 -0.9296 -0.0003
0.233 -1.15400004 -0.0063
0.1724 -0.83960003 -0.0039
-0.1222 -0.62260002 0.0007
0.0706 -0.3768 -0.0039
0.3362 -0.58759999 -0.009
1.255 -1.35020006 -0.0065
1.54960001 -1.23539996 -0.0084
0.35789999 -0.27110001 -0.007
1.7141 -0.926 -0.0171
2.98799992 -1.12880003 -0.0228
3.28999996 -1.15349996 -0.0207
2.73210001 -1.14139998 0.36230001
3.02469993 -1.14289999 0.287
2.67519999 -1.13150001 0.68229997
2.66599989 -1.12199998 1.00460005
2.98390007 -1.13320005 0.60540003
2.97250009 -1.12310004 0.94090003
3.34890008 -1.14059997 0.3529
3.26810002 -1.12940001 0.74760002
3.61069989 -1.04050004 0.67129999
3.57789993 -1.03820002 1
2.82590008 -1.11389995 1.25899994
3.13669991 -1.1135 1.25839996
2.69199991 -1.10430002 1.5826
2.68390012 -1.09389997 1.90269995
3.00530005 -1.10339999 1.5697
2.99629998 -1.09230006 1.89219999
3.41050005 -1.11000001 1.38549995
3.29920006 -1.09539998 1.83490002
3.59850001 -1.04960001 1.82930005
-3.51819992 1.43280005 0.0165
-0.8768 1.1322 0.0862
-0.8459 1.11080003 0.47330001
-1.10070002 1.53460002 0.0045
-0.99900001 1.39820004 0.27020001
-1.82219994 2.35330009 0.0068
-1.63859999 1.89699996 0.0065
-1.33780003 1.86230004 0.0039
-1.472 2.18950009 0.0061
-1.99010003 2.63940001 0.0087
-2.27040005 2.8527 0.0099
-1.78050005 2.85710001 0.0091
-1.55540001 2.54690003 0.0078
-4.06230021 4.04190016 0.7414
-2.28130007 3.17499995 0.0108
-2.71580005 3.41289997 0.014
-2.86039996 3.84840012 0.0189
-2.40070009 3.5079999 0.0112
-2.53530002 3.79200006 0.0142
-2.22410011 3.92120004 0.0138
-3.0308001 4.17689991 0.0217
-2.7270999 4.29059982 0.0198
-2.43869996 4.13310003 0.0172
-1.96029997 3.11689997 0.0106
-1.78129995 3.38940001 0.0109
-2.10150003 3.62700009 0.0118
-1.87919998 3.85240006 0.014
-2.06360006 4.23939991 0.0167
-4.01669979 4.70230007 2.25889993
3.5079 2.38490009 -0.0199
3.36660004 3.91709995 0.54250002
3.73029995 2.15300012 2.58699989
-3.37820005 -2.46860003 0.0136
-3.06130004 -2.7651999 0.0943
-2.76130009 -2.58899999 0.0118
-3.07310009 -2.44869995 0.0136
-3.05909991 -2.13030005 0.0125
-2.72880006 -2.08669996 0.0102
-2.50909996 -2.40089989 0.0099
-2.18779993 -2.24359989 0.0092
-2.41300011 -1.95749998 0.008
-2.12199998 -1.87559998 0.008
-1.60500002 -1.79949999 0.0087
-3.21329999 -1.01329994 0.65560001
-1.1437 -1.41600001 0.46950001
0.52410001 -1.74909997 0.0017
0.82700002 -1.81879997 0.0026
2.98469996 -0.0453 0.28369999
3.28069997 -0.064 -0.0228
2.89159989 -0.0543 0.57319999
2.9934001 -0.0339 0.8624
3.28299999 -0.0037 0.56650001
2.9683001 -0.0348 1.16250002
2.89260006 -0.0404 1.45379996
3.29029989 0.0047 1.14960003
3.27250004 0.0064 1.45589995
3.35310006 0.0031 0.27410001
3.51999998 0.0985 0.7353
3.52570009 0.1275 1.3175
4.04390001 -2.12649989 2.30990005
4.01730013 -2.10829997 2.61980009
4.01959991 -1.92299998 3.20420003
3.97490001 -1.84889996 3.57509995
3.93479991 -1.51160002 3.41219997
3.69230008 -1.00109994 3.54769993
3.85159993 -1.27970004 2.96259999
2.99390006 -0.0244 1.74179995
2.73189998 -0.0553 1.89180005
3.28850007 0.0146 1.89349997
3.69950008 -0.85540003 2.57489991
3.54480004 0.12800001 1.61800003
3.70059991 -0.8563 3.15829992
-4.33269978 2.35479999 0.058
-4.34560013 2.5848 0.26800001
-4.21610022 2.71790004 0.0217
-4.34689999 2.35590005 0.4849
-4.34380007 2.58380008 0.69639999
-3.39890003 2.99099994 0.9443
-0.0945 2.80080009 -0.001
-4.34660006 4.80060005 0.0966
-3.9289999 4.27920008 0.0529
-4.16190004 4.67350006 0.30669999
-4.33120012 4.74790001 0.56779999
-4.32630014 4.74560022 0.94379997
-4.04099989 4.32359982 0.42770001
-3.98589993 4.59549999 0.65880001
-3.93600011 4.6157999 1.21019995
-4.12779999 4.96799994 1.46749997
-1.50139999 3.52349997 0.0107
-1.23319995 3.37730002 0.0112
-1.22090006 3.7665 0.012
-1.56719995 3.86560011 0.013
-0.66060001 3.1236999 0.0075
-0.92199999 3.31089997 0.0113
-0.40470001 2.93059993 0.0074
-0.39840001 3.15159988 0.229
-0.1591 3.11339998 0.004
-0.48879999 3.37150002 0.0067
-0.0834 3.41820002 0.0021
-0.90990001 3.70110011 0.0125
-0.60860002 3.65059996 0.0081
-1.01349998 4.00540018 0.0141
-0.70039999 3.93930006 0.0114
-0.3028 3.72099996 0.0058
-0.39649999 4.0158 0.0087
-0.0109 3.79579997 0.0028
-0.1409 3.20359993 0.38389999
-1.47920001 4.17560005 0.0151
-1.19159997 4.39160013 0.0158
-1.45539999 4.92269993 0.0211
-1.20889997 4.69700003 0.039
-0.7062 4.24970007 0.0132
-0.8944 4.48519993 0.0144
-0.56370002 4.52489996 0.0135
-0.30970001 4.30429983 0.0097
-0.069 4.12239981 0.0059
-0.23649999 4.59859991 0.0123
0.0356 4.44820023 0.009
-0.77999997 4.8137002 0.0173
0.0316 4.77029991 0.012
-0.34819999 0.96100003 3.53209996
-0.317 3.36360002 3.52679992
-1.9181 5.05000019 2.55970001
-2.00939989 5.11670017 3.16499996
-1.93649995 5.06360006 3.4763999
0.99260002 0.89340001 -0.006
0.86119998 1.16910005 -0.013
0.70179999 1.41980004 0.0583
1.04680002 1.81060004 0.1934
0.889 2.09520006 -0.0036
0.90780002 2.17720008 0.29089999
0.2113 2.65739989 -0.0021
0.5097 2.69429994 -0.0061
0.7719 2.37649989 -0.0111
0.80680001 2.76909995 -0.0088
1.0086 1.87370002 0.55949998
0.92129999 2.15089989 0.6494
0.78920001 2.40639997 0.54930001
0.1769 2.95849991 0.0002
0.47580001 2.99710011 -0.0028
0.2194 3.2658999 -0.0002
0.14139999 3.16079998 0.2728
0.53689998 3.29200006 -0.0033
0.44299999 3.2112999 0.28310001
0.76849997 3.0854001 -0.0058
0.86870003 3.37330008 -0.0049
0.2052 3.58299994 0.0005
0.5169 3.60800004 -0.002
0.2863 3.90630007 0.0018
0.59249997 3.94919991 -0.002
0.98909998 3.6559 -0.0049
0.90219998 3.94659996 -0.0038
0.26280001 4.21470022 0.0042
0.5632 4.27559996 0.0015
0.53539997 4.52139997 0.17290001
0.8721 4.25869989 -0.0018
1.16680002 4.09600019 -0.0036
-3.19980001 -3.148 0.0153
-2.87549996 -3.29099989 0.0152
-2.71799994 -3.0065999 0.133
-2.59389997 -3.41050005 0.0251
-2.34980011 -3.42409992 0.2358
-2.4223001 -3.01279998 0.0107
-2.12910008 -2.86120009 0.0103
-2.38709998 -2.68889999 0.0095
-2.10949993 -2.55999994 0.0095
-1.7687 -2.58119988 0.0093
-1.88520002 -2.29900002 0.0099
-1.58010006 -2.15429997 0.0086
-1.23210001 -1.73160005 0.0439
-4.01420021 0.21789999 0.0139
-3.6098001 0.27810001 0.1052
-3.28189993 0.56290001 0.133
2.99180007 -0.1552 -0.0254
3.52710009 -3.15400004 2.15129995
3.63170004 -2.87409997 2.11910009
3.84069991 -1.33860004 2.17510009
-4.32439995 4.32889986 0.73940003
-4.74259996 4.796 1.21239996
-4.75990009 4.83640003 1.53410006
-4.51289988 4.49779987 1.46350002
-4.63040018 4.66219997 1.74829996
-4.34950018 1.92620003 0.0826
-4.35179996 2.09739995 0.33039999
-4.05620003 2.05710006 0.0196
-4.35090017 2.09699988 0.64209998
-3.63709998 2.05290008 0.0158
-3.87150002 2.34829998 0.0183
-0.8502 1.70770001 0.008
-0.89230001 1.72220004 0.3082
-1.06889999 1.99960005 0.0058
-1.02610004 1.6875 0.5855
-0.55239999 1.86140001 0.0036
-0.62449998 1.83630002 0.3838
-0.34279999 1.96580005 0.22920001
-0.78860003 1.79789996 0.73400003
-0.48480001 1.91600001 0.63910002
-1.29630005 2.70580006 0.0077
-1.51530004 3.01699996 0.0091
-1.17519999 2.29130006 0.0066
-0.7956 2.13579988 0.0062
-0.91000003 2.4605999 0.0073
-0.52759999 2.28130007 0.0059
-0.26089999 2.41969991 0.0038
-0.97680002 2.76609993 0.0082
-1.20770001 2.99320006 0.0092
-0.64410001 2.61350012 0.0076
-2.18070006 5.1717 0.88330001
-1.76470006 4.2828002 0.0171
-1.7931 4.92749977 0.0251
-1.72000003 4.96500015 0.36250001
-1.89690006 5.04419994 0.8215
-2.57179999 5.26210022 0.94080001
-2.5309999 5.24410009 1.48950005
-2.41529989 5.19299984 3.0776999
-2.28410006 5.13679981 2.80049992
-1.87440002 5.00880003 2.87409997
-2.65779996 5.26849985 3.58270001
-4.00369978 5.87540007 4.13329983
-0.1565 2.04590011 -0.0009
-0.0277 2.0941999 0.27880001
0.1035 2.20280004 -0.0045
0.2397 2.20840001 0.4242
-0.2324 2.03010011 0.5097
0.1089 2.20379996 0.71640003
0.3691 2.35089993 -0.0074
0.49070001 2.30439997 0.2859
0.4711 2.35730004 0.66119999
0.0136 4.00899982 1.23210001
3.42740011 3.99440002 0.12540001
3.68289995 4.90840006 1.19159997
3.67849994 3.75830007 2.28559995
-2.14280009 -3.39520001 0.0116
-2.09260011 -3.43160009 0.4084
-1.17299998 -3.32739997 0.76200002
-0.98900002 -3.35489988 0.0812
-1.04550004 -3.34360003 0.45249999
-3.53629994 -2.8993001 0.0144
-2.39229989 -3.1336 0.3308
-1.30550003 -3.1868 0.2261
-1.10179996 -3.07159996 0.0071
-1.33669996 -2.87310004 0.0076
-1.02040005 -2.95589995 0.47670001
-1.03629994 -2.95560002 0.79320002
-1.38820004 -2.55719995 0.0073
-1.07140005 -2.69939995 0.007
-1.17490005 -2.29959989 0.0058
-1.04589999 -2.36849999 0.70469999
-0.99650002 -2.69799995 0.31810001
-0.98769999 -2.38059998 0.27489999
-1.03729999 -2.66429996 0.64709997
-1.02649999 -1.99909997 0.0291
-1.03120005 -1.98839998 0.38940001
-1.0388 -2.04859996 0.71619999
-1.16219997 -1.66530001 0.67760003
-0.94379997 -1.66589999 0.14650001
-4.37169981 -0.70240003 0.6814
-4.02150011 -0.38260001 0.96749997
-4.36450005 -0.0444 0.51389998
-3.79399991 -0.48930001 0.78299999
-3.93239999 -0.0832 0.86540002
-4.06920004 0.1855 0.70639998
-4.36530018 0.2172 0.66329998
-3.98000002 0.33059999 0.96249998
-3.73000002 0.4181 0.80250001
-4.36369991 0.6832 0.51340002
-4.20639992 0.65759999 0.80510002
-4.18790007 0.96069998 0.77990001
-3.88030005 0.94459999 0.79930001
2.63369989 -0.6789 -0.0267
3.63210011 0.0448 0.006
3.65380001 0.045 0.40189999
3.62389994 0.043 1.03470004
-4.38509989 1.03960001 0.4858
-4.35690022 1.36000001 0.54769999
-4.36159992 1.72300005 0.4878
-4.35580015 1.58089995 0.75260001
-3.22370005 1.08860004 0.0152
-0.95200002 1.38279998 0.61519998
-3.69490004 4.99329996 0.25510001
-3.3979001 4.89480019 0.26179999
0.58490002 1.34909999 0.35139999
0.32030001 4.6564002 0.0071
0.44510001 4.92549992 0.1035
-1.80299997 -3.33119988 0.1118
-1.81780005 -3.3829999 0.56019998
-1.54789996 -3.36109996 0.3053
-1.49150002 -3.39610004 0.61110002
-1.85720003 -3.04789996 0.009
-1.53600001 -3.17569995 0.009
-1.84109998 -1.995 0.0051
-1.90240002 5.04530001 1.67369998
-4.36679983 -0.37799999 0.54629999
-2.67910004 0.69669998 0.43040001
3.55960011 -2.40370011 0.20379999
3.62709999 -2.4691 0.49439999
3.6954999 -0.66900003 1.96360004
-4.35510015 1.49609995 0.078
-4.08549976 1.72249997 0.0159
-3.35249996 2.06030011 0.1173
-4.1099 3.75650001 0.0337
-2.06559992 4.54449987 0.0223
0.55070001 4.90810013 0.38519999
0.7274 4.84899998 0.0081
3.72600007 3.4907999 3.54450011
3.67820001 3.67650008 2.94359994
0.9188 5.02939987 3.24040008
1.02359998 5.04269981 3.52699995
-4.32490015 -3.43280005 3.5632
-4.3755002 -3.125 3.56830001
-4.01109982 -3.43659997 3.56159997
-4.28599977 -3.44799995 3.86570001
-4.09030008 -3.44749999 4.10200024
-3.81080008 -3.45729995 3.87459993
-4.28329992 -3.1177001 3.88310003
-4.06729984 -3.14669991 4.10169983
-3.66569996 -3.43840003 3.57710004
-3.3578999 -3.44070005 3.57570004
-3.59179997 -3.45919991 4.08269978
-3.33809996 -3.45950007 3.89420009
-3.72909999 -3.16680002 4.10249996
-3.2881 -3.22309995 4.1026001
-3.0309999 -3.38179994 3.57920003
-3.06060004 -3.4605 4.01749992
-2.84579992 -3.45939994 3.8059001
-2.91289997 -3.19519997 4.1019001
-2.66009998 -3.3828001 3.579
-2.3427999 -3.44580007 3.57430005
-2.73189998 -3.46460009 4.0862999
-2.55110002 -3.2256 4.10169983
-2.46720004 -3.46239996 3.87140012
-2.2651 -3.46580005 4.09630013
-2.02349997 -3.44740009 3.5782001
-2.04169989 -3.46490002 3.87980008
-2.03839993 -3.25029993 4.09889984
-1.75489998 -3.46479988 3.79089999
-1.81120002 -3.46760011 4.08690023
-1.50170004 -3.38930011 3.59549999
-1.49870002 -3.46860003 3.95490003
-1.23529994 -3.40840006 4.0928998
-1.20060003 -3.3914001 3.58969998
-0.85360003 -3.39400005 3.6027
-1.04530001 -3.46819997 3.85249996
-4.37370014 -2.80609989 3.5717001
-4.2894001 -2.8677001 4.06479979
-4.27810001 -2.64890003 3.82489991
-4.02869987 -2.70720005 4.10270023
-4.35830021 -2.49519992 3.57360005
-4.36639977 -2.0862 3.5631001
-4.27689981 -2.35240006 3.8836
-4.28289986 -2.12409997 4.08479977
-4.07989979 -2.40770006 4.10440016
-3.75699997 -2.57610011 4.10389996
-3.74029994 -2.2744 4.10349989
-3.3907001 -3.13520002 3.5625
-3.27349997 -2.96289992 3.93190002
-3.36919999 -2.6875999 4.02339983
-2.99970007 -2.89969993 4.09919977
-3.30629992 -2.40709996 3.92059994
-3.31960011 -2.16790009 4.10129976
-3.06800008 -2.58100009 4.10029984
-2.73510003 -2.68720007 4.09880018
-3.02889991 -2.2572 4.09989977
-2.7270999 -2.38599992 4.09919977
-4.36180019 -1.77219999 3.5539
-4.27120018 -1.95130002 3.82480001
-4.26749992 -1.64619994 3.8361001
-4.26980019 -1.81210005 4.10589981
-3.98469996 -2.07669997 4.10319996
-3.71989989 -1.90849996 4.10340023
-3.9598999 -1.70159996 4.10370016
-4.36170006 -1.46570003 3.56089997
-4.36070013 -1.16279995 3.55979991
-4.26709986 -1.34599996 3.82489991
-4.25540018 -1.50820005 4.10400009
-4.28009987 -1.18610001 4.09070015
-3.9698 -1.39479995 4.10309982
-3.9467001 -1.08889997 4.10099983
-3.67750001 -1.2895 4.10200024
-3.2802 -1.92079997 3.90149999
-3.3131001 -1.63240004 3.98009992
-3.04040003 -1.94669998 4.10059977
-2.76119995 -2.07520008 4.09919977
-2.96679997 -1.65069997 4.09910011
-2.68889999 -1.76779997 4.09919977
-3.66729999 -1.60109997 4.10309982
-3.16499996 -1.38919997 4.1013999
-3.27830005 -1.18540001 3.90129995
-2.73510003 -1.42739999 4.09849977
-2.98140001 -1.14160001 4.09940004
-2.26690006 -3.05119991 4.09660006
-2.45499992 -2.81480002 4.09810019
-1.74109995 -3.16860008 4.09439993
-1.98020005 -2.93899989 4.09520006
-1.72829998 -2.77390003 4.09170008
-2.2177 -2.60960007 4.09609985
-2.44840002 -2.22580004 4.09959984
-1.90390003 -2.52659988 4.0939002
-2.13569999 -2.30229998 4.09740019
-1.81840003 -2.23519993 4.0946002
-1.43270004 -3.16659999 4.09110022
-1.21889997 -2.94930005 4.08850002
-0.96969998 -3.18000007 4.09019995
-0.70069999 -3.13969994 3.74539995
-1.56210005 -2.5158999 4.09089994
-1.2572 -2.63820004 4.08869982
-1.29639995 -2.33240008 4.08900023
-0.95910001 -2.74429989 4.08900023
-0.95679998 -2.41650009 4.08669996
-2.24819994 -1.99240005 4.09880018
-2.37639999 -1.70529997 4.09800005
-1.91579998 -1.91980004 4.09679985
-1.6487 -1.77149999 4.09469986
-2.2111001 -1.4425 4.09600019
-2.57789993 -1.16509998 4.09730005
-1.91240001 -1.6135 4.09539986
-1.99720001 -1.20270002 4.07989979
-1.64489996 -1.4698 4.0939002
-1.51530004 -2.12549996 4.09439993
-1.21290004 -2.03329992 4.09040022
-0.63340002 -1.83899999 3.58369994
-0.67919999 -2.18889999 3.7249999
-0.93089998 -1.92180002 4.0479002
-1.33130002 -1.7464 4.09089994
-1.12220001 -1.53110003 4.08820009
-1.36950004 -1.32799995 4.08920002
-0.62360001 -1.5187 3.5775001
-0.85089999 -1.34899998 3.96289992
-4.3585 -0.8628 3.54990005
-4.35720015 -0.56269997 3.55259991
-4.26520014 -1.02320004 3.83340001
-4.27720022 -0.86339998 4.08729982
-4.26340008 -0.70209998 3.82929993
-4.27570009 -0.54110003 4.09380007
-3.65809989 -0.95609999 4.09759998
-3.96729994 -0.78649998 4.10090017
-3.66980004 -0.64889997 4.09779978
-4.35489988 -0.26069999 3.5480001
-4.2638998 -0.38 3.8361001
-4.35270023 -0.0396 3.7579
-4.27190018 -0.2165 4.08790016
-3.94899988 -0.48500001 4.09980011
-3.66869998 -0.33950001 4.09770012
-3.92799997 -0.1831 4.09819984
-3.27180004 -0.88239998 3.91230011
-3.28990006 -0.64410001 4.09709978
-2.77010012 -0.91689998 4.09849977
-2.99799991 -0.71929997 4.09619999
-2.63520002 -0.64060003 4.09609985
-3.27010012 -0.38420001 3.90869999
-3.13599992 -0.1008 3.90879989
-3.01239991 -0.41370001 4.09560013
-2.89919996 -0.1252 4.09380007
-2.66109991 -0.3416 4.09380007
-4.35440016 0.214 3.54780006
-4.26270008 0.2225 3.87529993
-4.11439991 0.0565 4.09810019
-4.28970003 0.4842 3.69939995
-4.26739979 0.44949999 4.09560013
-3.73900008 0.0624 4.09689999
-3.92989993 0.31040001 4.09779978
-3.64910007 0.4183 4.09670019
-4.34840012 0.76440001 3.52760005
-4.26020002 0.70740002 3.8979001
-4.3348999 0.97079998 3.75390005
-4.06220007 0.81709999 4.09859991
-3.74499989 0.70929998 4.09779978
-3.3204999 0.13940001 3.96149993
-3.30080009 0.41440001 4.0946002
-2.59450006 -0.0334 4.09280014
-3.04780006 0.16140001 4.09600019
-2.80949998 0.34889999 4.0921998
-3.13960004 0.62120003 3.90980005
-3.30679989 0.80760002 4.09280014
-3.06089997 0.92720002 3.93339992
-2.81469989 0.65570003 4.09320021
-2.54900002 0.505 4.09130001
-2.55570006 0.8283 4.09140015
-2.37540007 -0.9267 4.09450006
-2.10229993 -0.78100002 4.09469986
-1.69879997 -1.16579998 4.09310007
-1.81459999 -0.87129998 4.0921998
-2.35520005 -0.52219999 4.09469986
-2.34590006 -0.21529999 4.0928998
-2.08189988 -0.39430001 4.09229994
-1.81130004 -0.56410003 4.09310007
-1.81840003 -0.2475 4.09259987
-1.43079996 -1.02400005 4.09000015
-1.10389996 -1.17540002 4.08790016
-1.54589999 -0.7317 4.09089994
-1.16170001 -0.87699997 4.08869982
-0.62120003 -1.19869995 3.5782001
-0.61379999 -0.88459998 3.5697999
-0.84920001 -0.9975 3.9447
-1.4059 -0.46360001 4.09250021
-1.12440002 -0.57539999 4.09130001
-1.23689997 -0.2155 4.09229994
-0.59060001 -0.53320003 3.56839991
-0.7608 -0.63480002 3.84649992
-0.94349998 -0.32519999 4.08050013
-2.32459998 0.0983 4.09180021
-2.06620002 -0.0776 4.09259987
-2.05990005 0.25709999 4.08820009
-1.79949999 0.0637 4.09040022
-1.55050004 -0.1058 4.09100008
-1.53849995 0.2194 4.08809996
-2.23650002 0.53259999 4.08890009
-2.01069999 0.71149999 4.00360012
-1.78830004 0.41549999 4.08529997
-1.50580001 0.54970002 4.08580017
-1.74790001 0.84509999 4.08570004
-1.26830006 0.0851 4.08930016
-0.61110002 -0.2237 3.56489992
-0.62620002 0.1121 3.58130002
-0.98540002 0.0296 3.97009993
-0.76709998 -0.16670001 3.8591001
-1.13810003 0.35910001 4.08710003
-1.24129999 0.7098 4.08449984
-0.61309999 0.48550001 3.57800007
-0.9314 0.6135 4.0717001
-0.47510001 0.72320002 3.73300004
-0.52719998 -3.39529991 3.60170007
-0.2167 -3.39750004 3.60010004
-0.3432 -3.46709991 3.86380005
0.1142 -3.39450002 3.61089993
-0.0136 -3.47460008 3.88560009
0.29589999 -3.47449994 3.84640002
0.50349998 -3.40140009 3.61240005
0.56370002 -3.47819996 3.99650002
1.77129996 -3.48519993 3.81890011
-0.3854 -3.16240001 3.74049997
-0.32159999 -3.25169992 4.09009981
-0.49239999 -2.87700009 3.73959994
-0.34200001 -2.94869995 4.01119995
-0.0211 -3.24259996 4.08780003
0.31299999 -3.26979995 4.08659983
-0.0492 -2.93720007 4.08650017
0.27419999 -2.96600008 4.08080006
-0.55500001 -2.49979997 3.59899998
-0.33809999 -2.64490008 3.86039996
-0.33649999 -2.3513 3.74909997
-0.2771 -2.45959997 4.0939002
-0.0329 -2.63610005 4.08839989
0.2895 -2.6473 4.08069992
0.1108 -2.36470008 4.08500004
0.70389998 -3.22589993 4.08239985
0.59009999 -2.92919993 4.07520008
0.73790002 -2.66560006 4.07530022
0.4346 -2.37520003 4.07959986
-0.33579999 -2.07789993 3.8815999
-0.1382 -2.18530011 4.08949995
-0.36700001 -1.8075 3.74060011
-0.24349999 -1.88110006 4.09140015
0.28200001 -2.11260009 4.08330011
0.055 -1.91250002 4.08620024
-0.33199999 -1.55250001 3.89590001
-0.0966 -1.60350001 4.08920002
-0.33629999 -1.29439998 3.74119997
-0.33340001 -1.30110002 4.06099987
0.34290001 -1.81029999 4.08409977
0.17389999 -1.45459998 4.08760023
0.64490002 -2.15159988 4.079
0.78530002 -1.88020003 4.07980013
1.39859998 -2.37059999 4.06559992
1.29400003 -2.04290009 4.07289982
0.60829997 -1.63680005 4.08330011
0.49790001 -1.35759997 4.08869982
0.81379998 -1.41480005 4.08440018
1.18219995 -1.71669996 4.07679987
1.13810003 -1.38349998 4.08290005
1.44980001 -1.53149998 4.07649994
1.73179996 -3.28979993 4.06799984
1.6178 -2.97510004 4.06360006
2.03990006 -3.4059 3.62140012
2.36630011 -3.4072001 3.62689996
1.97650003 -3.48130012 4.06549978
2.23189998 -3.4849 3.89899993
2.11879992 -3.1236999 3.86290002
1.93060005 -2.99239993 4.05970001
1.50390005 -2.69109988 4.06269979
1.80309999 -2.71600008 4.05779982
2.07990003 -2.80599999 3.87199998
2.37380004 -2.98880005 4.0138998
2.0308001 -2.47250009 3.89450002
2.31450009 -2.61630011 3.9223001
2.73449993 -3.35339999 3.62520003
2.54710007 -3.48580003 3.88330007
2.3994 -3.28449988 4.05959988
2.87829995 -3.48589993 3.88240004
2.72670007 -3.28839993 4.05950022
3.0381999 -3.40440011 3.62730002
3.38829994 -3.40739989 3.63520002
3.13820004 -3.4382 4.06010008
2.99620008 -3.10509992 4.05149984
3.40310001 -3.26559997 4.05299997
2.6342001 -2.8269999 4.05049992
2.61529994 -2.50399995 4.04899979
2.92359996 -2.65429997 4.04820013
3.41880012 -2.94650006 3.63059998
3.41919994 -2.55170012 3.63010001
3.17440009 -2.8506999 4.04949999
3.25539994 -2.55439997 4.04920006
1.6681 -2.19950008 4.06510019
1.93079996 -2.01200008 4.06430006
2.27710009 -2.2894001 3.8829
2.26169991 -1.96700001 3.87610006
1.55900002 -1.85880005 4.0703001
1.81920004 -1.68630004 4.07000017
2.07439995 -1.70000005 3.87649989
2.46379995 -1.79089999 4.05649996
2.0309 -1.44319999 4.07149982
2.26920009 -1.45389998 3.87949991
2.81550002 -2.25900006 4.04769993
2.51430011 -2.18050003 4.05119991
3.41910005 -2.24009991 3.62400007
3.13319993 -2.27819991 4.04629993
3.45479989 -2.31299996 4.04839993
2.76399994 -1.93920004 4.05000019
2.72410011 -1.61230004 4.05429983
3.4203999 -1.92620003 3.62389994
3.4217 -1.59290004 3.61549997
3.08150005 -1.95420003 4.0474
3.41429996 -1.97140002 4.04820013
3.04349995 -1.63660002 4.05109978
3.36249995 -1.648 4.04930019
-0.32969999 -1.04059994 3.90960002
-0.0664 -1.16139996 4.09100008
-0.3813 -0.79619998 3.74180007
-0.33379999 -0.7924 4.08900023
0.2499 -1.16209996 4.08939981
0.0116 -0.87110001 4.09060001
0.33129999 -0.87169999 4.0861001
-0.32679999 -0.53289998 3.89610004
-0.1003 -0.58890003 4.09040022
-0.36590001 -0.27599999 3.74320006
-0.3339 -0.28369999 4.08109999
-0.0218 -0.29609999 4.08909988
0.20190001 -0.59729999 4.08449984
0.486 -0.49489999 4.08459997
0.70560002 -1.12899995 4.08640003
0.97149998 -0.98970002 4.06890011
1.33990002 -1.14119995 4.08129978
0.63249999 -0.83740002 4.0848999
0.86089998 -0.63810003 4.08319998
0.9271 -0.34470001 4.08220005
1.21340001 -0.81059998 4.08199978
1.50129998 -0.70050001 4.07889986
1.18499994 -0.4989 4.08179998
1.46490002 -0.38139999 4.07940006
-0.32640001 -0.0121 3.89660001
-0.4052 0.2366 3.74429989
-0.32969999 0.226 4.0934
-0.1007 0.0167 4.09499979
0.25060001 -0.1699 4.08650017
0.1302 0.21080001 4.08529997
0.49579999 0.0051 4.08080006
-0.3211 0.49630001 3.86999989
-0.1032 0.4228 4.08900023
-0.3229 0.70090002 4.09310007
-0.0215 0.72130001 4.08190012
0.41639999 0.3197 4.0795002
0.2464 0.5704 4.0802002
0.89719999 -0.0367 4.08039999
1.17439997 -0.17299999 4.0802002
1.12730002 0.1576 4.0788002
1.45449996 -0.0572 4.07940006
0.92269999 0.3831 4.07740021
0.94059998 0.68049997 4.01319981
1.31130004 0.40329999 4.07590008
1.55999994 0.22579999 4.07520008
1.56459999 0.58179998 4.07060003
1.71510005 -1.35580003 4.07399988
1.65359998 -1.02989995 4.07609987
1.98500001 -1.11549997 4.07410002
2.48869991 -1.34300005 4.06449986
2.23920012 -1.13619995 3.86240005
2.4224 -1.01349998 4.06729984
1.83729994 -0.78719997 4.07630014
1.76600003 -0.45770001 4.07590008
2.06680012 -0.86140001 3.88310003
2.25390005 -0.70060003 4.05800009
2.0401001 -0.4817 3.89849997
2.53579998 -0.57139999 4.06899977
2.91120005 -1.36489999 4.05660009
2.72869992 -1.0948 4.06239986
3.02629995 -0.98360002 4.06120014
3.43249989 -1.26839995 3.63639998
3.22370005 -1.32509995 4.0545001
3.52080011 -1.36960006 4.03879976
3.38960004 -1.07270002 4.05509996
2.7565999 -0.77749997 4.06650019
3.03559995 -0.66299999 4.06459999
3.42630005 -0.95319998 3.61820006
3.4296 -0.62840003 3.61529994
3.55369997 -0.8312 3.87879992
3.2894001 -0.4853 4.06169987
1.74450004 -0.14560001 4.07539988
2.04850006 -0.15440001 3.89490008
1.90149999 0.1111 4.0717001
2.29220009 -0.32769999 3.9619
2.54399991 -0.186 4.06570005
2.25149989 0.0754 3.89059997
2.05100012 0.3572 3.89639997
1.80850005 0.4066 4.06939983
2.02780008 0.61189997 4.06759977
2.30679989 0.33500001 4.06619978
2.51780009 0.1177 4.06619978
2.26690006 0.60439998 3.87989998
2.58929992 0.44780001 4.06500006
2.79299998 -0.39089999 4.06470013
3.05299997 -0.2181 4.0637002
2.80089998 -0.0133 4.06580019
3.43429995 -0.30899999 3.61269999
3.43969989 0.0126 3.6171999
3.54789996 -0.31580001 4.06010008
3.30789995 -0.0463 4.06269979
3.06089997 0.16760001 4.0637002
2.8908 0.43610001 4.06470013
3.44359994 0.32839999 3.61339998
3.34459996 0.26679999 4.06029987
3.60529995 0.0669 4.06150007
3.17619991 0.54879999 4.0630002
3.62420011 0.39210001 4.05770016
3.57789993 -3.48559999 3.8756001
3.65009999 -3.15939999 3.88260007
3.65159988 -2.83459997 3.8901999
3.59529996 -2.58669996 4.05210018
3.65089989 -0.52069998 3.8598001
-4.34490013 1.22259998 3.5164001
-4.28590012 1.51750004 3.59069991
-4.25479984 1.24820006 3.8585999
-4.2665 1.03690004 4.09089994
-4.05439997 1.25680006 4.09989977
-4.25869989 1.50469995 4.01910019
-3.82470012 1.01429999 4.09910011
-3.80559993 1.4454 4.10050011
-4.34170008 1.8125 3.51259995
-4.24739981 1.76409996 3.81550002
-4.02780008 1.68359995 4.1012001
-4.25589991 2.0092001 4.01070023
-3.51149988 1.50279999 4.03910017
-3.74429989 1.81809998 4.1026001
-3.46160007 1.13689995 4.00969982
-3.10840011 1.17920005 4.0934
-3.25200009 1.39030004 3.92880011
-2.82610011 1.03419995 4.09019995
-2.5150001 1.12699997 4.08900023
-2.94829988 1.43570006 4.09229994
-2.64590001 1.40620005 4.09089994
-3.2420001 1.70120001 3.93429995
-3.2578001 1.95630002 4.09940004
-2.98009992 1.73699999 4.09779978
-2.72219992 1.90450001 4.09499979
-2.48819995 1.66869998 4.09280014
-4.34019995 2.12879992 3.52250004
-4.22550011 2.38940001 3.64459991
-3.99550009 2.13599992 4.10349989
-4.25099993 2.33109999 3.94210005
-4.0854001 2.5223 4.10449982
-3.65179992 2.1236999 4.10220003
-3.76600003 2.41160011 4.10300016
-4.3375001 2.65470004 3.50900006
-4.33409977 2.97830009 3.50359988
-4.2427001 2.63010001 3.85039997
-4.24959993 2.79390001 4.10589981
-4.23899984 2.95000005 3.81389999
-3.98930001 2.96440005 4.10550022
-3.77519989 2.7177999 4.10319996
-3.69199991 3.00810003 4.10270023
-3.08389997 2.15089989 3.91989994
-3.27970004 2.30080009 4.09919977
-3.04999995 2.4625001 3.94440007
-2.81769991 2.19910002 4.09709978
-2.48959994 2.1085999 4.0934
-2.63750005 2.44099998 4.0946002
-3.26349998 2.7184 3.91750002
-2.92729998 2.71449995 4.09569979
-3.28600001 2.97230005 4.09759998
-2.44339991 2.67420006 4.09380007
-2.67790008 2.88560009 4.0953002
-2.26789999 0.9163 4.08879995
-1.99339998 1.04830003 4.08809996
-2.24309993 1.26230001 4.08869982
-1.48189998 0.98650002 4.08449984
-1.72309995 1.19860005 4.08760023
-1.98039997 1.42809999 4.09149981
-2.22300005 1.81480002 4.09250021
-1.70640004 1.56149995 4.09030008
-1.46780002 1.35950005 4.08809996
-1.9224 1.79320002 4.09189987
-1.58580005 1.83889997 4.09350014
-1.15649998 1.00250006 4.08449984
-1.16340005 1.32589996 4.08930016
-0.60519999 0.95310003 3.56069994
-0.50160003 1.23930001 3.55439997
-0.72350001 1.18640006 3.81040001
-1.35959995 1.64119995 4.09079981
-0.94150001 1.59959996 4.0953002
-0.52429998 1.57019997 3.55189991
-0.45699999 1.79620004 3.74250007
-2.06069994 2.07399988 4.0927
-2.30259991 2.3506 4.0935998
-2.00480008 2.40359998 4.0928998
-1.74590003 2.10780001 4.0927
-1.43710005 2.11199999 4.09509993
-1.61629999 2.37930012 4.09259987
-2.15700006 2.76410007 4.09280014
-1.88440001 2.8908 4.09280014
-1.40330005 2.59770012 4.09399986
-1.57369995 2.8591001 4.09439993
-1.1839 1.90110004 4.09539986
-1.1717 2.27810001 4.09520006
-0.54549998 2.01259995 3.54509997
-0.46470001 2.2499001 3.74230003
-1.07869995 2.59139991 4.0946002
-1.20850003 2.86899996 4.09469986
-0.54280001 2.48259997 3.5473001
-0.46000001 2.81349993 3.5395
-4.33199978 3.27900004 3.50530005
-4.27260017 3.54839993 3.6336
-4.23829985 3.24810004 3.85630012
-4.06689978 3.2822001 4.10879993
-4.23810005 3.56480002 3.93370008
-3.89989996 3.54029989 4.10760021
-3.6789999 3.33579993 4.10489988
-4.32849979 3.83710003 3.51880002
-4.09840012 3.77250004 4.11289978
-4.2329998 3.84859991 3.83400011
-4.24300003 4.05989981 4.08549976
-3.9296 4.0559001 4.11189985
-3.69589996 3.76679993 4.10780001
-3.22670007 3.20479989 3.91560006
-2.99710011 3.05730009 4.09770012
-3.24410009 3.44079995 4.1019001
-2.90199995 3.3828001 4.09849977
-2.65319991 3.18600011 4.09689999
-2.51239991 3.46070004 4.09880018
-3.24309993 3.71889997 3.91619992
-2.97009993 3.69420004 4.1006999
-3.2736001 4.00309992 4.10529995
-2.93000007 3.99620008 4.1019001
-2.66269994 3.75169992 4.09969997
-2.34669995 3.72239995 4.09840012
-4.32399988 4.13749981 3.50819993
-4.3217001 4.45849991 3.50699997
-4.22860003 4.20190001 3.80220008
-4.22700024 4.52780008 3.79690003
-4.2421999 4.37709999 4.05859995
-3.86879992 4.36259985 4.11479998
-4.3190999 4.80149984 3.52180004
-3.99799991 4.73699999 3.63529992
-4.23029995 4.82200003 3.88899994
-4.06750011 4.64020014 4.11469984
-3.81900001 4.82429981 4.11299992
-3.94720006 4.98019981 3.83389997
-3.70120001 4.79960012 3.59689999
-3.32999992 4.68590021 3.62540007
-3.44009995 4.95749998 3.49289989
-3.59509993 4.61000013 4.10620022
-3.59649992 4.97599983 3.96880007
-3.16160011 4.23850012 3.93610001
-3.27010012 4.48960018 4.10930014
-2.83839989 4.31069994 4.10340023
-2.63750005 4.08479977 4.10090017
-2.35310006 4.22559977 4.1026001
-2.56360006 4.49700022 4.10389996
-2.96650004 4.73360014 3.64700007
-3.11170006 4.75629997 4.1072998
-2.82879996 4.6552 4.10529995
-3.18799996 4.86380005 3.8276999
-2.79489994 4.85960007 3.87059999
-2.63450003 4.73579979 3.63779998
-2.3138001 4.72949982 3.65229988
-2.34730005 4.72060013 4.10300016
-2.37190008 2.98160005 4.09439993
-2.12989998 3.18260002 4.09490013
-1.85640001 3.33940005 4.09609985
-1.43190002 3.12400007 4.09429979
-1.55900002 3.398 4.09770012
-2.09139991 3.55049992 4.09840012
-2.09910011 3.93230009 4.10090017
-1.85520005 3.75 4.09849977
-1.36220002 3.63380003 4.09789991
-1.58949995 3.90479994 4.10249996
-1.10730004 3.16890001 4.09700012
-1.07819998 3.50900006 4.09770012
-1.14349997 3.85590005 4.09899998
-1.89419997 4.17150021 4.10470009
-2.12700009 4.46479988 4.10300016
-1.39619994 4.15819979 4.10330009
-1.71490002 4.41919994 4.10340023
-2.02830005 4.83309984 3.5374999
-1.75590003 4.95889997 3.58419991
-1.88940001 4.70419979 4.10160017
-2.15140009 4.85319996 3.8835001
-1.54620004 4.72539997 3.64779997
-1.41289997 4.4920001 4.10169983
-1.74240005 4.85020018 3.86590004
-1.54610002 4.80730009 4.09740019
-1.25020003 4.7507 4.09929991
-1.09350002 4.17150021 4.1013999
-1.20869994 4.72720003 3.63660002
-1.43299997 4.95849991 3.81599998
-0.37149999 1.01660001 3.74600005
-0.32319999 1.00569999 4.05789995
-0.0257 1.04499996 4.08139992
0.2374 0.88880002 4.07609987
-0.33840001 1.40450001 3.74650002
-0.3215 1.31710005 4.03329992
-0.0263 1.37600005 4.08209991
-0.31740001 1.6437 3.96530008
-0.0483 1.70280004 4.08470011
0.95920002 0.98449999 4.07320023
1.2342 0.70029998 4.07189989
1.45510006 0.90530002 4.0703001
1.18719995 1.18139994 4.07569981
0.98589998 1.4253 4.07800007
1.13600004 1.6882 4.07959986
1.37600005 1.42279994 4.07600021
1.57679999 1.18659997 4.07180023
1.62409997 1.59979999 4.07499981
-0.3114 2.01360011 3.89359999
-0.3118 2.29489994 4.01830006
-0.32429999 2.54530001 3.74449992
1.0201 1.98880005 4.08069992
1.37660003 1.875 4.07919979
1.22759998 2.2098 4.07959986
1.66330004 1.97860003 4.07420015
1.04830003 2.45300007 4.08209991
1.41690004 2.4526 4.08039999
1.68509996 2.30150008 4.07560015
1.21570003 2.72329998 4.0777998
1.69410002 2.62689996 4.07429981
1.75179994 0.82200003 4.06890011
2.05360007 0.87230003 3.89779997
1.87339997 1.12039995 4.06930017
2.42540002 0.78369999 4.06220007
2.30699992 1.0388 3.8979001
2.61809993 1.02219999 4.0619998
2.08179998 1.24629998 3.88820004
1.87259996 1.43169999 4.07210016
2.0796001 1.58029997 3.89219999
2.31570005 1.31900001 4.0637002
2.62660003 1.35479999 4.06309986
2.4295001 1.62360001 4.06519985
2.7191999 0.72030002 4.06239986
3.00620008 0.81220001 4.06150007
3.36949992 0.66649997 3.59800005
3.64680004 0.83319998 3.59619999
3.37109995 0.79509997 4.05919981
3.19219995 1.05550003 4.06040001
3.6566999 0.89880002 4.02010012
2.88269997 1.19219995 4.06120014
2.88779998 1.52209997 4.06139994
3.14420009 1.36029994 4.06050014
3.44989991 1.11249995 3.61409998
3.45939994 1.41390002 3.60419989
3.67280006 1.21080005 3.87529993
3.43470001 1.27520001 4.05900002
3.66650009 1.51670003 3.8204
1.87829995 1.76789999 4.07149982
2.09969997 1.89970005 3.88689995
1.95580006 2.0999999 4.0710001
2.61890006 1.85780001 4.06290007
2.28449988 2.13730001 3.89039993
2.06839991 2.34980011 3.90019989
2.0855 2.66919994 3.89299989
2.43899989 2.37220001 4.06519985
2.67129993 2.17400002 4.06269979
2.727 2.50119996 4.06230021
2.94390011 1.83410001 4.06020021
3.20679998 2.01279998 4.05870008
3.45630002 1.74259996 3.61150002
3.45630002 2.05960011 3.6243
3.27220011 1.63479996 4.05980015
3.51959991 1.80449998 4.05679989
3.57610011 2.06719995 3.91030002
2.97090006 2.2874999 4.06010008
3.02990007 2.60380006 4.06190014
3.45900011 2.38879991 3.60809994
3.28299999 2.3369 4.06110001
3.48519993 2.56399989 4.06169987
1.08179998 3.00489998 4.07520008
1.44070005 2.94720006 4.07350016
1.61430001 3.21460009 4.06389999
1.1013 3.3275001 4.07110023
1.16659999 3.62739992 4.06739998
1.45469999 3.47959995 4.06160021
1.75870001 3.48090005 4.05870008
1.13890004 3.94639993 4.07210016
1.2119 4.26590014 4.07520008
1.45019996 3.8046 4.06549978
1.75639999 3.83509994 4.0625
1.51600003 4.10979986 4.06790018
1.80130005 4.20790005 4.06869984
1.18449998 4.71190023 3.63000011
1.17760003 4.58470011 4.08150005
1.51409996 4.76550007 3.57220006
1.50460005 4.43900013 4.0763998
1.51499999 4.76410007 4.08039999
1.80770004 4.72739983 3.65310001
1.80630004 4.54320002 4.07499981
1.74679995 2.9296 4.06750011
2.08899999 2.9296 4.06619978
2.102 3.18370008 3.88829994
2.43930006 2.69309998 4.0644002
2.73449993 2.82450008 4.06150007
2.44350004 3.0243001 4.06010008
2.05669999 3.42860007 4.05880022
2.12540007 3.67370009 3.88540006
2.44490004 3.3368001 4.05509996
2.71370006 3.19090009 4.0559001
2.4604001 3.65930009 4.05480003
2.71749997 3.49589992 4.05280018
3.24410009 2.85630012 4.06339979
2.97779989 3.04299998 4.05980015
3.46819997 2.7730999 3.6098001
3.51939988 3.10050011 3.60310006
3.59459996 2.82380009 3.88080001
3.48819995 3.09629989 4.06069994
3.00489998 3.35170007 4.05439997
3.27870011 3.48510003 4.05660009
3.39059997 3.47180009 3.5789001
3.59780002 3.30890012 3.82509995
3.55890012 3.59489989 4.04559994
2.04159999 3.94709992 4.06209993
2.28769994 3.95740008 3.89059997
2.10409999 4.19939995 3.89159989
2.64050007 3.92449999 4.05740023
2.10969996 4.7177 3.61789989
2.31019998 4.43289995 3.90059996
2.07640004 4.70340014 4.07289982
2.41680002 4.70660019 3.62210011
2.45079994 4.20979977 4.0644002
2.77629995 4.20469999 4.06260014
2.5302999 4.55999994 4.0697999
2.66359997 4.58500004 3.76699996
2.83089995 4.60430002 4.06860018
2.88479996 3.75040007 4.05420017
3.18530011 3.82229996 4.05569983
3.08599997 4.13430023 4.05940008
3.47289991 3.77649999 3.61409998
3.5302999 4.11759996 3.57800007
3.6967001 3.82179999 3.89529991
3.46160007 3.98749995 4.05849981
3.2658999 4.38810015 4.06309986
3.4848001 4.42320013 3.61540008
3.58470011 4.34569979 4.06150007
3.70449996 4.57350016 3.87159991
3.67059994 0.63239998 3.87150002
1.28320003 4.84520006 3.89520001
1.79789996 4.84299994 3.9598999
2.26209998 4.83470011 3.85430002
2.81890011 4.75619984 3.5631001
2.5474999 4.93510008 3.82929993
2.84789991 4.93480015 3.8204999
3.11940002 4.75369978 3.57669997
3.10899997 4.72480011 4.06640005
3.38599992 4.88290024 4.06409979
3.19129992 4.9295001 3.82080007
3.43199992 4.75019979 3.56999993
3.70490003 4.86170006 3.96650004
0.82599998 -3.39299989 3.61999989
1.08800006 -3.48029995 3.80699992
0.89499998 -3.48000002 4.07509995
1.34010005 -3.40389991 3.61949992
1.2184 -3.4138 4.0802002
1.47099996 -3.48259997 3.91930008
1.01269996 -3.19160008 4.07660007
0.92760003 -2.90089989 4.07270002
1.07550001 -2.62260008 4.06939983
0.89859998 -2.36109996 4.07270002
1.36549997 -3.14380002 4.07299995
0.54769999 0.61909997 4.07600021
0.2318 1.21179998 4.07590008
0.23029999 1.53149998 4.0788002
-0.0233 2.01130009 4.08580017
0.23720001 1.85020006 4.08010006
-0.013 2.33200002 4.0875001
0.2494 2.16260004 4.08220005
-0.30700001 2.87109995 3.79469991
-0.30970001 2.62269998 4.05789995
-0.0873 2.83590007 4.09189987
0.3899 2.43510008 4.08510017
0.1252 2.59879994 4.08939981
0.38409999 2.75539994 4.08659983
-0.51069999 3.22320008 3.53850007
-0.30770001 3.0933001 4.02680016
-0.3044 3.3210001 3.75169992
-0.088 3.29169989 4.09180021
0.16339999 3.01959991 4.08760023
0.461 3.14400005 4.08249998
0.22050001 3.33049989 4.0854001
-0.52319998 3.56710005 3.54200006
-0.34670001 3.85610008 3.54509997
-0.30630001 3.50699997 4.00229979
-0.0391 3.61400008 4.09210014
-0.3035 3.79080009 3.84739995
0.44659999 3.53259993 4.08220005
0.2317 3.74839997 4.08729982
-0.53549999 4.15679979 3.53299999
-1.01540005 4.94000006 3.54819989
-1.12160003 4.95599985 3.85170007
-0.64450002 4.55299997 3.58179998
-0.68529999 4.93669987 3.5237999
-0.81980002 4.95160007 3.80189991
-0.301 4.11089993 3.75180006
-0.30720001 4.02299976 4.07929993
-0.4267 4.40280008 3.74609995
-0.30309999 4.36810017 4.02570009
0.0434 3.99029994 4.09350014
0.4569 3.98020005 4.08459997
0.13259999 4.28329992 4.09329987
0.45879999 4.28429985 4.08780003
-0.33219999 4.77810001 3.5776999
-0.0273 4.77549982 3.58139992
-0.29550001 4.75040007 3.89260006
0.32879999 4.81010008 3.579
0.1454 4.6085 4.09439993
0.4641 4.59189987 4.09170008
-0.1409 4.91410017 4.09789991
0.3529 4.88259983 4.09520006
0.0398 4.94449997 3.83130002
0.49970001 4.94320011 3.78979993
0.53850001 0.95270002 4.07340002
0.5291 1.27250004 4.07670021
0.53390002 1.58899999 4.0781002
0.81529999 1.70459998 4.07980013
0.53740001 1.90390003 4.07859993
0.6146 2.2335 4.08260012
0.6803 2.54150009 4.08440018
0.85879999 2.80130005 4.07919979
0.77670002 3.11199999 4.0777998
0.74849999 3.43919992 4.07700014
0.6681 3.76239991 4.07859993
0.78490001 4.08659983 4.07959986
0.62809998 4.77650023 3.5632
0.75379997 4.39109993 4.08519983
0.80440003 4.84469986 3.82649994
0.74809998 4.70020008 4.08879995
1.01349998 4.83599997 4.0479002
-3.64580011 -2.87050009 4.10090017
1.25409997 -2.86450005 4.07009983
3.55189991 -1.74989998 3.83940005
3.66240001 -0.1411 3.82929993
-3.62919998 4.15509987 4.11159992
-1.00030005 4.45870018 4.09969997
-2.77209997 5.01760006 3.58699989
-2.35279989 5.0236001 3.58450007
1.1638 5.01490021 3.55710006
-3.43009996 -0.1542 4.09630013
4.27139997 -3.05819988 4.05849981
4.28599977 -2.70560002 4.05359983
-0.66399997 2.68350005 3.7434001
-0.65600002 2.99060011 3.74329996
-0.65179998 3.77670002 3.74489999
3.70120001 4.17770004 3.83249998
-0.73580003 -3.42680001 3.92639995
-0.70160002 -2.98839998 4.03389978
-0.69150001 -2.67140007 3.88499999
-0.69230002 -2.28010011 4.03049994
-0.68699998 -1.84570003 3.88030005
-0.72049999 -1.59469998 4.07550001
-0.6753 0.1134 3.92750001
-0.67439997 0.43450001 3.8743999
-0.67040002 0.75019997 3.9921999
3.66350007 0.1567 3.77740002
3.64840007 -2.35750008 3.78859997
-3.50079989 2.56940007 4.09919977
-0.6652 1.05369997 4.07380009
-0.67150003 1.51479995 3.82439995
-0.66339999 1.76689994 4.00610018
-0.66839999 2.02629995 3.8427999
-0.66009998 2.21079993 4.08069992
-0.66039997 2.5092001 4.00479984
-0.8585 1.3053 4.08970022
-0.91670001 2.04329991 4.09539986
-0.84530002 2.8124001 4.09549999
-0.65619999 3.12969995 4.08580017
-0.66189998 3.3361001 3.82080007
-0.65249997 3.54500008 4.08150005
-0.6548 4.04559994 3.95790005
-0.6512 4.40749979 3.9993
-0.65249997 4.70359993 3.88890004
-0.83749998 3.79990005 4.09740019
-0.94950002 4.82229996 4.09849977
-0.676 4.94369984 4.07390022
-4.09810019 4.97410011 4.11609983
-2.4921999 4.85720015 3.8750999
-1.37969995 4.94390011 3.51270008
