0 -1.3815 2.3254 1.123 0.3252 0.7508 -0.5255 -0.2333
1 -1.38344 2.32761 1.12811 0.322131 0.752466 -0.525661 -0.231747
2 -1.37575 2.31625 1.1305 0.327461 0.751817 -0.522702 -0.233074
3 -1.38626 2.32099 1.12825 0.326379 0.752136 -0.524093 -0.230422
4 -1.38406 2.3216 1.13055 0.326022 0.752619 -0.52379 -0.23004
5 -1.38246 2.31488 1.12174 0.324359 0.752982 -0.52311 -0.232735
6 -1.37963 2.32296 1.1152 0.322207 0.75193 -0.526294 -0.231945
7 -1.38561 2.32136 1.12465 0.324026 0.753893 -0.523369 -0.229647
8 -1.37578 2.31629 1.1198 0.325149 0.755161 -0.520109 -0.231291
9 -1.37732 2.31608 1.12815 0.325106 0.756746 -0.518656 -0.22943
10 -1.37847 2.30997 1.11505 0.321963 0.75557 -0.520825 -0.232797
11 -1.37922 2.31998 1.11764 0.320191 0.758372 -0.519664 -0.228687
12 -1.37578 2.31744 1.11988 0.320805 0.757778 -0.519497 -0.230173
13 -1.3636 2.29967 1.11343 0.325297 0.756246 -0.516977 -0.234539
14 -1.37324 2.31552 1.11129 0.319102 0.75891 -0.518737 -0.230523
15 -1.37052 2.30559 1.10765 0.321188 0.756784 -0.520408 -0.230849
16 -1.36999 2.31425 1.11202 0.319784 0.757944 -0.519869 -0.230206
17 -1.35915 2.30319 1.10546 0.321497 0.758314 -0.517208 -0.232583
18 -1.36764 2.30833 1.10927 0.322709 0.759178 -0.517032 -0.228443
19 -1.36939 2.30537 1.11795 0.323375 0.759981 -0.515839 -0.227524
20 -1.35971 2.30316 1.1042 0.320615 0.758284 -0.517808 -0.232566
21 -1.36203 2.30515 1.11313 0.322889 0.760651 -0.515148 -0.227542
22 -1.35904 2.30412 1.10294 0.325589 0.758837 -0.516084 -0.22763
23 -1.35973 2.29946 1.11015 0.327197 0.759679 -0.513557 -0.228229
24 -1.351 2.29979 1.11096 0.325641 0.760185 -0.512424 -0.231296
25 -1.34811 2.29836 1.10728 0.324722 0.759991 -0.512528 -0.232989
26 -1.3532 2.3068 1.11147 0.324996 0.760184 -0.513065 -0.230785
27 -1.34582 2.29947 1.1098 0.325803 0.760955 -0.510672 -0.232411
28 -1.34557 2.29917 1.11278 0.328572 0.760607 -0.509483 -0.232261
29 -1.33324 2.3032 1.10112 0.327772 0.758512 -0.512005 -0.234681
30 -1.3292 2.2999 1.10662 0.329409 0.758718 -0.510378 -0.235266
31 -1.3124 2.29594 1.10069 0.330908 0.756135 -0.51174 -0.238501
32 -1.31043 2.29684 1.10128 0.331262 0.756694 -0.511393 -0.236976
33 -1.30889 2.30012 1.10994 0.333344 0.757779 -0.509981 -0.233607
34 -1.29645 2.30094 1.10345 0.334308 0.756189 -0.509238 -0.238941
35 -1.29907 2.30481 1.11315 0.339133 0.75563 -0.508339 -0.235805
36 -1.28537 2.29871 1.10333 0.337381 0.75479 -0.509725 -0.238005
37 -1.27699 2.30308 1.08925 0.337156 0.752422 -0.512463 -0.239936
38 -1.27429 2.29231 1.10593 0.337097 0.754687 -0.508026 -0.242328
39 -1.27613 2.30169 1.10064 0.337906 0.754034 -0.510398 -0.238214
40 -1.26291 2.29516 1.10232 0.339589 0.755747 -0.506897 -0.237868
41 -1.25703 2.30103 1.09573 0.338535 0.755343 -0.507462 -0.239445
42 -1.2479 2.29189 1.097 0.340626 0.754403 -0.507131 -0.240142
43 -1.25528 2.29862 1.10808 0.339283 0.761108 -0.500955 -0.233763
44 -1.24365 2.2961 1.10068 0.341087 0.758462 -0.502925 -0.235503
45 -1.24113 2.29329 1.09587 0.338255 0.758683 -0.50323 -0.23821
46 -1.2304 2.29657 1.1001 0.341379 0.7602 -0.499892 -0.235933
47 -1.21269 2.28144 1.09602 0.34867 0.757249 -0.498605 -0.237478
48 -1.21152 2.27904 1.09811 0.346272 0.760865 -0.494716 -0.237562
49 -1.21069 2.27791 1.10178 0.347674 0.758767 -0.49651 -0.238481
50 -1.19437 2.27563 1.09483 0.351166 0.755558 -0.497665 -0.24113
51 -1.18976 2.27172 1.09024 0.351379 0.755621 -0.497153 -0.241681
52 -1.19866 2.27717 1.0968 0.352117 0.757911 -0.494994 -0.237835
53 -1.19245 2.26413 1.09612 0.35397 0.754415 -0.496885 -0.242216
54 -1.17657 2.25608 1.06971 0.353123 0.751433 -0.499989 -0.246299
55 -1.17888 2.25277 1.08869 0.354748 0.754707 -0.494876 -0.244273
56 -1.18309 2.253 1.09726 0.356382 0.753968 -0.495482 -0.242944
57 -1.17901 2.25008 1.09063 0.359413 0.75088 -0.498062 -0.242768
58 -1.17083 2.24584 1.08991 0.362049 0.751233 -0.495616 -0.242766
59 -1.16861 2.24144 1.09078 0.365533 0.750518 -0.493593 -0.243874
60 -1.15734 2.22762 1.09343 0.37021 0.745952 -0.495658 -0.246626
61 -1.14728 2.21989 1.08849 0.376441 0.745696 -0.492395 -0.244494
62 -1.14294 2.20919 1.09319 0.377555 0.741734 -0.495733 -0.248056
63 -1.13765 2.21105 1.09228 0.378034 0.740983 -0.496312 -0.248413
64 -1.11986 2.19416 1.07417 0.380124 0.740154 -0.493535 -0.253182
65 -1.11815 2.19212 1.09685 0.381059 0.739584 -0.494546 -0.251462
66 -1.1142 2.18299 1.09399 0.383103 0.738105 -0.493877 -0.254007
67 -1.10244 2.18182 1.10062 0.385012 0.737371 -0.492854 -0.255233
68 -1.10302 2.17844 1.08691 0.386192 0.734657 -0.496326 -0.254549
69 -1.0994 2.17506 1.10731 0.390523 0.737879 -0.489013 -0.252771
70 -1.08938 2.17243 1.08991 0.391755 0.73273 -0.493394 -0.25729
71 -1.0842 2.16712 1.10756 0.397204 0.732402 -0.491043 -0.254348
72 -1.07577 2.15845 1.10447 0.400435 0.73085 -0.490586 -0.254628
73 -1.06242 2.14524 1.08498 0.402423 0.726157 -0.493419 -0.259402
74 -1.05647 2.13724 1.10092 0.404842 0.726676 -0.49159 -0.25765
75 -1.05074 2.14319 1.10132 0.403281 0.727261 -0.492183 -0.257317
76 -1.05281 2.14048 1.09703 0.405495 0.725943 -0.493011 -0.255968
77 -1.04044 2.12802 1.09739 0.40706 0.726297 -0.490401 -0.25749
78 -1.03705 2.12495 1.09753 0.4049 0.726562 -0.490898 -0.259197
79 -1.03298 2.12243 1.09601 0.404117 0.726132 -0.490862 -0.261681
80 -1.03053 2.12401 1.09832 0.405149 0.726746 -0.490414 -0.259208
81 -1.02834 2.11547 1.10287 0.404737 0.729306 -0.487018 -0.259063
82 -1.02237 2.1172 1.0961 0.40197 0.729303 -0.487527 -0.2624
83 -1.01361 2.10778 1.09283 0.400345 0.729422 -0.486805 -0.265873
84 -1.01254 2.11105 1.10055 0.399373 0.732365 -0.484968 -0.262582
85 -1.00814 2.10734 1.09499 0.398105 0.732298 -0.48505 -0.264536
86 -1.00434 2.10244 1.10111 0.398442 0.731199 -0.484797 -0.267515
87 -0.99266 2.08546 1.09351 0.400504 0.728704 -0.484674 -0.271438
88 -0.999454 2.10038 1.10422 0.400491 0.732038 -0.482765 -0.265829
89 -0.983409 2.09107 1.10048 0.400644 0.731446 -0.481168 -0.27009
90 -0.985743 2.09496 1.10152 0.398159 0.731307 -0.483487 -0.269998
91 -0.960676 2.06881 1.08094 0.399226 0.731201 -0.477914 -0.278499
92 -0.966645 2.08382 1.09922 0.400009 0.732413 -0.478241 -0.273588
93 -0.960884 2.07826 1.09164 0.401753 0.729579 -0.479794 -0.275876
94 -0.94804 2.06947 1.09956 0.402482 0.73004 -0.476623 -0.279072
95 -0.942375 2.06484 1.10315 0.402664 0.730567 -0.475002 -0.28019
96 -0.939353 2.05876 1.1107 0.404632 0.730963 -0.473833 -0.278294
97 -0.92673 2.06201 1.0919 0.404672 0.725627 -0.47937 -0.282684
98 -0.91712 2.05305 1.09057 0.406713 0.725473 -0.476639 -0.284761
99 -0.904947 2.03758 1.10109 0.412161 0.723896 -0.475175 -0.283384
100 -0.892578 2.03688 1.10608 0.413383 0.723001 -0.475243 -0.283775
101 -0.887867 2.0462 1.0825 0.411903 0.7227 -0.477896 -0.282235
102 -0.8726 2.02879 1.09443 0.413603 0.72318 -0.474675 -0.283949
103 -0.866021 2.02578 1.08184 0.413904 0.722131 -0.476112 -0.283774
104 -0.858528 2.02013 1.08821 0.418595 0.723225 -0.471659 -0.281534
105 -0.838944 2.00864 1.08427 0.420488 0.721418 -0.471422 -0.283737
106 -0.835777 2.00932 1.09006 0.420787 0.72209 -0.470901 -0.282447
107 -0.824931 2.00486 1.09543 0.421254 0.72351 -0.468561 -0.282009
108 -0.816957 2.00035 1.09117 0.422148 0.72214 -0.469758 -0.282192
109 -0.811513 1.9961 1.10243 0.424869 0.723037 -0.467448 -0.279635
110 -0.798149 1.99235 1.09043 0.424579 0.721772 -0.469382 -0.280104
111 -0.789617 1.98291 1.10279 0.424949 0.724636 -0.464505 -0.280279
112 -0.770655 1.96669 1.07596 0.424441 0.720203 -0.467985 -0.286614
113 -0.768574 1.9779 1.09577 0.425515 0.721753 -0.467562 -0.281772
114 -0.760708 1.96621 1.09018 0.428237 0.721211 -0.46541 -0.282596
115 -0.745838 1.95366 1.09154 0.429443 0.721297 -0.464064 -0.282763
116 -0.740879 1.96584 1.07924 0.424185 0.72119 -0.46885 -0.283075
117 -0.73876 1.95166 1.08574 0.424256 0.723576 -0.465628 -0.282198
118 -0.727805 1.93568 1.09746 0.426132 0.726524 -0.459318 -0.282137
119 -0.718996 1.93505 1.07345 0.425704 0.723011 -0.464336 -0.283589
120 -0.708301 1.9347 1.07265 0.424577 0.725321 -0.462509 -0.282364
121 -0.704545 1.92505 1.08333 0.423134 0.727082 -0.459484 -0.284929
122 -0.7034 1.92266 1.09853 0.423015 0.728029 -0.458327 -0.28455
123 -0.69032 1.91334 1.05853 0.425282 0.723646 -0.462722 -0.285236
124 -0.688013 1.90992 1.07453 0.426291 0.724544 -0.46104 -0.284173
125 -0.686314 1.90635 1.06033 0.423213 0.723057 -0.464606 -0.286742
126 -0.682237 1.8956 1.07216 0.423245 0.724951 -0.460619 -0.288341
127 -0.680414 1.88219 1.08717 0.427789 0.724887 -0.457376 -0.286954
128 -0.679417 1.88683 1.0976 0.427922 0.724492 -0.459389 -0.284528
129 -0.670831 1.87554 1.07728 0.42725 0.72161 -0.461507 -0.289391
130 -0.667679 1.86191 1.07782 0.428115 0.720426 -0.461048 -0.291786
131 -0.665569 1.86075 1.08913 0.4273 0.721165 -0.46087 -0.291436
132 -0.660191 1.85956 1.068 0.430225 0.716975 -0.464785 -0.291252
133 -0.661297 1.85981 1.08639 0.431242 0.718601 -0.463426 -0.287887
134 -0.652114 1.84667 1.07607 0.430131 0.716697 -0.464664 -0.292267
135 -0.652892 1.83806 1.08537 0.431277 0.716621 -0.464009 -0.291806
136 -0.653397 1.83732 1.07824 0.431759 0.717405 -0.463222 -0.290413
137 -0.651476 1.81828 1.06867 0.433114 0.717168 -0.461927 -0.291043
138 -0.647989 1.81329 1.07763 0.431847 0.716679 -0.46251 -0.293197
139 -0.64476 1.80776 1.06065 0.430778 0.715222 -0.464797 -0.294707
140 -0.635452 1.79495 1.05953 0.434519 0.715341 -0.461587 -0.293969
141 -0.632018 1.79164 1.06539 0.434556 0.714397 -0.462155 -0.295313
142 -0.624473 1.77778 1.07295 0.439186 0.715183 -0.457454 -0.293878
143 -0.622645 1.78132 1.06882 0.440542 0.715196 -0.458196 -0.290646
144 -0.62234 1.7746 1.05924 0.438846 0.715142 -0.458547 -0.29278
145 -0.612388 1.752 1.08439 0.440421 0.71555 -0.455417 -0.294301
146 -0.608022 1.75115 1.08491 0.44332 0.715497 -0.453955 -0.29233
147 -0.598818 1.73291 1.06474 0.444663 0.710968 -0.456055 -0.298016
148 -0.592642 1.73163 1.07456 0.445239 0.709754 -0.457202 -0.298292
149 -0.590687 1.7277 1.06017 0.448202 0.707902 -0.457632 -0.297595
150 -0.581659 1.71334 1.06637 0.451556 0.706981 -0.454847 -0.298981
151 -0.581978 1.70988 1.06804 0.452971 0.707509 -0.45375 -0.297254
152 -0.574498 1.70428 1.06475 0.453128 0.706885 -0.454016 -0.298089
153 -0.570468 1.70106 1.06906 0.453546 0.706627 -0.453658 -0.298611
154 -0.564394 1.6955 1.08068 0.455737 0.70952 -0.44881 -0.295725
155 -0.561434 1.68209 1.07249 0.45872 0.707562 -0.446978 -0.298569
156 -0.554606 1.66284 1.07912 0.460034 0.707369 -0.444506 -0.300685
157 -0.551567 1.66799 1.08882 0.461785 0.707771 -0.444247 -0.297422
158 -0.547603 1.67267 1.07577 0.46237 0.704313 -0.449937 -0.296164
159 -0.546017 1.66299 1.06653 0.462523 0.702981 -0.450587 -0.298098
160 -0.537895 1.64711 1.06597 0.463284 0.703598 -0.448116 -0.299182
161 -0.537289 1.64377 1.06065 0.460531 0.704863 -0.450026 -0.297582
162 -0.534923 1.64707 1.07246 0.462771 0.705213 -0.448536 -0.295523
163 -0.531616 1.6538 1.07465 0.463898 0.704369 -0.449722 -0.293963
164 -0.527351 1.63013 1.06666 0.464592 0.705291 -0.445985 -0.296337
165 -0.523914 1.63429 1.08107 0.464526 0.708556 -0.442593 -0.293728
166 -0.520921 1.63845 1.07806 0.460728 0.707784 -0.446339 -0.295894
167 -0.518849 1.62551 1.0733 0.462135 0.705965 -0.446222 -0.298213
168 -0.516683 1.62555 1.07729 0.462693 0.709083 -0.442841 -0.294971
169 -0.50567 1.61205 1.0645 0.461747 0.70636 -0.444322 -0.300703
170 -0.507334 1.61489 1.06764 0.460065 0.706942 -0.445002 -0.30091
171 -0.503266 1.60644 1.08209 0.459916 0.713135 -0.437438 -0.297596
172 -0.50281 1.6057 1.06636 0.459594 0.710101 -0.441504 -0.29934
173 -0.49431 1.59631 1.07338 0.461169 0.707804 -0.442016 -0.301592
174 -0.488326 1.59484 1.07745 0.463645 0.709926 -0.438248 -0.298292
175 -0.484755 1.57675 1.08705 0.466385 0.708972 -0.435315 -0.300575
176 -0.476373 1.55831 1.05746 0.464988 0.703637 -0.440744 -0.307287
177 -0.47936 1.57686 1.06247 0.463437 0.704757 -0.44329 -0.303378
178 -0.47069 1.56263 1.07867 0.466464 0.705356 -0.438729 -0.303975
179 -0.464524 1.55382 1.07616 0.470057 0.703701 -0.438076 -0.303219
180 -0.465323 1.55366 1.07257 0.471527 0.700598 -0.441188 -0.303609
181 -0.459223 1.55003 1.07724 0.472077 0.701165 -0.43975 -0.303533
182 -0.45611 1.54443 1.05615 0.470647 0.696378 -0.445616 -0.308181
183 -0.452333 1.53197 1.0781 0.476029 0.695111 -0.442541 -0.307204
184 -0.44567 1.52323 1.06367 0.479463 0.691273 -0.443448 -0.309209
185 -0.44064 1.51898 1.07563 0.483789 0.689405 -0.444039 -0.305773
186 -0.434887 1.51036 1.06653 0.483524 0.687809 -0.444611 -0.308941
187 -0.424273 1.4975 1.06451 0.483809 0.689578 -0.440402 -0.310575
188 -0.419845 1.49973 1.08342 0.487475 0.691181 -0.43828 -0.304217
189 -0.415049 1.4836 1.07675 0.48927 0.689136 -0.437693 -0.306809
190 -0.412232 1.4896 1.09493 0.488969 0.692174 -0.435074 -0.304163
191 -0.403514 1.46768 1.07122 0.489008 0.689933 -0.436219 -0.307535
192 -0.39104 1.45625 1.07426 0.492561 0.688874 -0.43461 -0.306514
193 -0.380721 1.44654 1.06651 0.493062 0.684723 -0.43758 -0.310754
194 -0.378208 1.44654 1.07016 0.493191 0.687589 -0.435906 -0.306546
195 -0.372063 1.43055 1.07156 0.494811 0.687299 -0.432706 -0.309107
196 -0.367075 1.43178 1.07013 0.495855 0.688331 -0.430493 -0.308228
197 -0.367629 1.42033 1.04532 0.496711 0.685534 -0.43243 -0.310364
198 -0.355087 1.42431 1.05478 0.496101 0.688109 -0.429679 -0.309462
199 -0.350444 1.40988 1.05289 0.495841 0.687179 -0.428255 -0.313886
200 -0.344365 1.41455 1.05942 0.496449 0.686958 -0.428478 -0.313102
201 -0.339922 1.39749 1.05922 0.500692 0.684479 -0.426807 -0.314057
202 -0.335575 1.39121 1.04991 0.502126 0.682208 -0.427142 -0.316247
203 -0.33166 1.37813 1.07093 0.502036 0.684289 -0.423891 -0.316267
204 -0.327193 1.38107 1.05382 0.500134 0.682393 -0.429127 -0.316315
205 -0.320002 1.36969 1.06556 0.500836 0.682519 -0.427578 -0.31703
206 -0.313324 1.36065 1.05491 0.501864 0.680072 -0.430356 -0.316904
207 -0.314848 1.359 1.06081 0.501741 0.68014 -0.430672 -0.316524
208 -0.309719 1.35826 1.06213 0.501472 0.67972 -0.433019 -0.314644
209 -0.311364 1.33367 1.06229 0.501723 0.680245 -0.431478 -0.315228
210 -0.304459 1.32572 1.06397 0.500754 0.68068 -0.432238 -0.314785
211 -0.306804 1.32152 1.07268 0.499966 0.679853 -0.434605 -0.314568
212 -0.300902 1.31365 1.06659 0.499115 0.680525 -0.435026 -0.313883
213 -0.295274 1.30152 1.06233 0.500007 0.679748 -0.436077 -0.312685
214 -0.296961 1.2957 1.07247 0.49936 0.681622 -0.434566 -0.311742
215 -0.291782 1.28776 1.06331 0.496815 0.681306 -0.435795 -0.31477
216 -0.292537 1.2842 1.07619 0.496596 0.682627 -0.434956 -0.313409
217 -0.283976 1.28092 1.06938 0.498422 0.679771 -0.438311 -0.312042
218 -0.288552 1.27084 1.06658 0.497282 0.679203 -0.439238 -0.313789
219 -0.290224 1.26835 1.06574 0.496659 0.682076 -0.434867 -0.314632
220 -0.302397 1.26468 1.05333 0.494202 0.678005 -0.443164 -0.315719
221 -0.287219 1.26161 1.05439 0.491969 0.674898 -0.44611 -0.32166
222 -0.28548 1.24778 1.08951 0.495736 0.678404 -0.439858 -0.317079
223 -0.289192 1.23725 1.07734 0.493624 0.676544 -0.441999 -0.321342
224 -0.288194 1.23064 1.06939 0.492952 0.674655 -0.443695 -0.323997
225 -0.285324 1.22782 1.07854 0.492972 0.67491 -0.443805 -0.323283
226 -0.289514 1.21255 1.08349 0.48984 0.674442 -0.446819 -0.324866
227 -0.292355 1.2055 1.08039 0.4876 0.675163 -0.447341 -0.326016
228 -0.288901 1.1932 1.09007 0.486477 0.674878 -0.446844 -0.328955
229 -0.289855 1.18489 1.07789 0.486569 0.674267 -0.447961 -0.328551
230 -0.286378 1.16322 1.08154 0.485778 0.673123 -0.448025 -0.331962
231 -0.291751 1.16413 1.07738 0.484341 0.672555 -0.450533 -0.33182
232 -0.292398 1.1564 1.08586 0.483836 0.673962 -0.450002 -0.330419
233 -0.287433 1.15305 1.08136 0.484176 0.671803 -0.452505 -0.330897
234 -0.281861 1.13328 1.09641 0.487934 0.672214 -0.447834 -0.330897
235 -0.285814 1.13346 1.08312 0.485976 0.672279 -0.450627 -0.329853
236 -0.283594 1.13254 1.08813 0.484526 0.675004 -0.448092 -0.329875
237 -0.279904 1.11666 1.09925 0.484223 0.674879 -0.447114 -0.331898
238 -0.276737 1.09736 1.07761 0.485145 0.671248 -0.448961 -0.335401
239 -0.275238 1.0856 1.08514 0.487608 0.672341 -0.445482 -0.334278
240 -0.275165 1.10092 1.09059 0.486435 0.674804 -0.444556 -0.332252
241 -0.276465 1.07162 1.07813 0.488468 0.671369 -0.443441 -0.337672
242 -0.272525 1.06303 1.07128 0.489702 0.670721 -0.442815 -0.337995
243 -0.271572 1.07451 1.08 0.491274 0.67086 -0.443224 -0.334887
244 -0.272726 1.06763 1.09606 0.492997 0.66924 -0.446261 -0.331548
245 -0.269161 1.05366 1.0844 0.491232 0.66806 -0.446984 -0.335548
246 -0.269826 1.0442 1.06625 0.490146 0.66291 -0.453085 -0.339149
247 -0.267293 1.0294 1.07686 0.492598 0.664037 -0.449991 -0.337505
248 -0.268016 1.01474 1.09097 0.495131 0.662541 -0.450235 -0.336412
249 -0.265938 0.988088 1.10029 0.497647 0.660468 -0.450231 -0.336782
250 -0.267044 0.994142 1.1014 0.497294 0.660503 -0.452305 -0.334448
251 -0.269973 0.991417 1.07581 0.492906 0.658986 -0.457499 -0.336861
252 -0.267592 0.977951 1.09417 0.492502 0.661272 -0.454627 -0.336861
253 -0.266116 0.967303 1.08521 0.490725 0.660244 -0.456927 -0.338356
254 -0.26532 0.960856 1.08885 0.494513 0.662576 -0.452917 -0.333642
255 -0.265942 0.946212 1.09498 0.495775 0.663686 -0.449636 -0.334
256 -0.263567 0.94791 1.08465 0.491312 0.664549 -0.451138 -0.336841
257 -0.262586 0.938513 1.08421 0.492758 0.663555 -0.450599 -0.337409
258 -0.264739 0.938559 1.08685 0.494721 0.66464 -0.44923 -0.33421
259 -0.268767 0.942026 1.10224 0.493704 0.666389 -0.448409 -0.333334
260 -0.267133 0.931126 1.08548 0.492139 0.663806 -0.450867 -0.337461
261 -0.264367 0.9261 1.09124 0.492269 0.66414 -0.450036 -0.337723
262 -0.260729 0.91221 1.08128 0.495946 0.664495 -0.445529 -0.337621
263 -0.257687 0.909733 1.07521 0.49557 0.664889 -0.444559 -0.338674
264 -0.259203 0.916378 1.0882 0.494808 0.665225 -0.445015 -0.33853
265 -0.258286 0.912318 1.07412 0.495607 0.662395 -0.447902 -0.339101
266 -0.250836 0.898751 1.0848 0.501447 0.663321 -0.440876 -0.337912
267 -0.254179 0.904388 1.08028 0.503413 0.661856 -0.442815 -0.335317
268 -0.256886 0.90646 1.07547 0.501801 0.662052 -0.442945 -0.337168
269 -0.253203 0.897046 1.08115 0.502287 0.661609 -0.441187 -0.339612
270 -0.248692 0.88844 1.08087 0.506619 0.658837 -0.440881 -0.338961
271 -0.245878 0.881246 1.0779 0.509126 0.656761 -0.439694 -0.34077
272 -0.247203 0.880138 1.08341 0.50905 0.656526 -0.439621 -0.341431
273 -0.244839 0.886879 1.07027 0.507079 0.656192 -0.441195 -0.342973
274 -0.246821 0.888894 1.07446 0.505755 0.656429 -0.442026 -0.343403
275 -0.243947 0.876616 1.07917 0.507862 0.655389 -0.438304 -0.347032
276 -0.244135 0.88261 1.07533 0.510093 0.655653 -0.436269 -0.345822
277 -0.249324 0.870435 1.07575 0.510684 0.655803 -0.434709 -0.34663
278 -0.241184 0.852684 1.07194 0.509497 0.654028 -0.433648 -0.353
279 -0.233785 0.850168 1.08123 0.509955 0.654488 -0.432589 -0.352786
280 -0.230818 0.851531 1.07332 0.510119 0.651768 -0.435265 -0.354291
281 -0.227069 0.837621 1.07858 0.510424 0.651175 -0.433468 -0.357132
282 -0.228742 0.83398 1.0835 0.509945 0.65143 -0.432825 -0.35813
283 -0.225373 0.816261 1.08455 0.51237 0.650096 -0.43163 -0.358537
284 -0.22249 0.810165 1.0717 0.511882 0.650855 -0.43085 -0.358794
285 -0.214615 0.793979 1.08263 0.513417 0.652066 -0.42724 -0.358719
286 -0.216785 0.802175 1.0689 0.510155 0.652839 -0.428974 -0.359895
287 -0.211607 0.787018 1.07735 0.511344 0.653952 -0.426974 -0.358562
288 -0.208293 0.786539 1.0937 0.511011 0.658385 -0.42487 -0.353387
289 -0.198972 0.758666 1.08412 0.509145 0.65772 -0.424926 -0.35723
290 -0.198096 0.768468 1.05263 0.50612 0.656504 -0.429873 -0.357846
291 -0.193551 0.755885 1.08272 0.509151 0.658392 -0.427936 -0.352356
292 -0.19503 0.739139 1.09749 0.510886 0.660733 -0.424753 -0.349302
293 -0.18585 0.731179 1.08453 0.508575 0.659653 -0.426365 -0.352735
294 -0.185616 0.71808 1.08593 0.508599 0.659229 -0.426688 -0.353102
295 -0.179167 0.715805 1.06886 0.506414 0.659797 -0.427603 -0.354074
296 -0.159846 0.69863 1.05677 0.50635 0.658358 -0.430591 -0.353223
297 -0.161206 0.701562 1.05962 0.507913 0.656877 -0.431686 -0.352398
298 -0.151269 0.660214 1.09794 0.514742 0.657325 -0.423726 -0.351313
299 -0.14671 0.66967 1.08682 0.512975 0.656613 -0.426713 -0.351615
300 -0.139164 0.637981 1.08357 0.515482 0.654086 -0.424305 -0.355549
301 -0.123729 0.625143 1.07648 0.518816 0.651852 -0.421235 -0.358442
302 -0.124269 0.638039 1.0713 0.517434 0.651494 -0.423767 -0.358105
303 -0.123337 0.634721 1.07894 0.518047 0.652138 -0.423304 -0.35659
304 -0.11397 0.620217 1.08193 0.519563 0.649786 -0.423194 -0.358804
305 -0.11182 0.611007 1.07808 0.519789 0.6486 -0.42374 -0.359975
306 -0.107498 0.60198 1.08238 0.520702 0.65057 -0.419824 -0.359689
307 -0.106464 0.611271 1.07913 0.518919 0.649914 -0.422378 -0.36046
308 -0.103794 0.593864 1.06796 0.521666 0.648012 -0.420835 -0.361723
309 -0.101405 0.59928 1.07619 0.52236 0.649134 -0.419464 -0.360298
310 -0.0932744 0.596984 1.07393 0.521328 0.645279 -0.424176 -0.363189
311 -0.0938079 0.588341 1.08061 0.522661 0.648081 -0.421083 -0.359868
312 -0.0881011 0.567857 1.07225 0.521882 0.646004 -0.418078 -0.368142
313 -0.0898186 0.564243 1.0666 0.521955 0.643546 -0.419724 -0.370464
314 -0.0861503 0.559117 1.07064 0.52324 0.640754 -0.424268 -0.368308
315 -0.0824146 0.55841 1.06974 0.52421 0.641787 -0.423293 -0.366245
316 -0.0832544 0.55004 1.07238 0.523291 0.6433 -0.419801 -0.368914
317 -0.0809103 0.536315 1.0727 0.520899 0.642683 -0.420637 -0.372408
318 -0.0797181 0.55527 1.08639 0.52004 0.646401 -0.422297 -0.365227
319 -0.0757975 0.538675 1.0867 0.520364 0.648869 -0.415252 -0.368452
320 -0.0725815 0.530635 1.07487 0.518732 0.646579 -0.416039 -0.37385
321 -0.0776126 0.536693 1.0742 0.518519 0.645496 -0.415948 -0.376112
322 -0.0784796 0.539699 1.06856 0.519282 0.648261 -0.41296 -0.373589
323 -0.0749806 0.532941 1.07582 0.517808 0.64835 -0.413801 -0.374547
324 -0.076616 0.529698 1.07317 0.515537 0.646996 -0.412954 -0.380902
325 -0.0779893 0.520275 1.08184 0.518189 0.646186 -0.409294 -0.382626
326 -0.0717658 0.528126 1.07433 0.519781 0.645024 -0.408003 -0.383803
327 -0.0820748 0.527036 1.09361 0.522912 0.645892 -0.404249 -0.382059
328 -0.0807598 0.515275 1.06149 0.52076 0.64058 -0.407086 -0.390828
329 -0.0765283 0.524561 1.08234 0.52371 0.641387 -0.405577 -0.387114
330 -0.0754791 0.516279 1.08413 0.525114 0.642774 -0.40339 -0.385192
331 -0.0772215 0.5154 1.07957 0.52495 0.640907 -0.402803 -0.389121
332 -0.0786942 0.512487 1.06722 0.52915 0.637029 -0.404897 -0.387625
333 -0.082631 0.506561 1.09355 0.532758 0.640167 -0.399083 -0.383522
334 -0.0805416 0.4936 1.06908 0.528908 0.638665 -0.400107 -0.390228
335 -0.0829349 0.493791 1.06529 0.525882 0.638163 -0.404652 -0.390453
336 -0.0871281 0.490229 1.07614 0.530028 0.639744 -0.400955 -0.386048
337 -0.0963188 0.487853 1.07752 0.534968 0.638802 -0.398427 -0.383403
338 -0.0926401 0.477279 1.06429 0.534347 0.636728 -0.400445 -0.385609
339 -0.0977126 0.468495 1.07704 0.534607 0.638104 -0.399553 -0.383895
340 -0.102515 0.452035 1.07223 0.532345 0.637877 -0.399024 -0.387945
341 -0.0984844 0.452475 1.06647 0.533123 0.636453 -0.402091 -0.386045
342 -0.107064 0.439512 1.07967 0.537241 0.637523 -0.399662 -0.38106
343 -0.105449 0.433252 1.06224 0.535475 0.637561 -0.399183 -0.383973
344 -0.112144 0.424271 1.07511 0.535219 0.637388 -0.40053 -0.383213
345 -0.114355 0.414983 1.06423 0.534404 0.637878 -0.400789 -0.383266
346 -0.121467 0.41334 1.07679 0.536015 0.638807 -0.399032 -0.381296
347 -0.120087 0.392145 1.07037 0.536328 0.634983 -0.400166 -0.386025
348 -0.12463 0.392408 1.07363 0.537394 0.634582 -0.401725 -0.383577
349 -0.125776 0.379506 1.06864 0.539376 0.632793 -0.399695 -0.385863
350 -0.132782 0.377809 1.07077 0.541915 0.630603 -0.399825 -0.385757
351 -0.131261 0.373877 1.06945 0.543349 0.628468 -0.402848 -0.384075
352 -0.133781 0.361633 1.07167 0.54284 0.630288 -0.400372 -0.384401
353 -0.137949 0.363771 1.06267 0.53935 0.631041 -0.402398 -0.385959
354 -0.140944 0.345897 1.07602 0.540352 0.631841 -0.398258 -0.38754
355 -0.141257 0.347233 1.06317 0.541066 0.629952 -0.398759 -0.389101
356 -0.144574 0.343884 1.06829 0.544053 0.629513 -0.398939 -0.385444
357 -0.150777 0.3264 1.07369 0.543958 0.630162 -0.39608 -0.387461
358 -0.14974 0.317417 1.07321 0.542894 0.629333 -0.395091 -0.39129
359 -0.151904 0.315389 1.07802 0.542256 0.628792 -0.396186 -0.391937
360 -0.154567 0.306591 1.08174 0.547436 0.62677 -0.395053 -0.389109
361 -0.154666 0.311118 1.06062 0.546105 0.625254 -0.39774 -0.390678
362 -0.152514 0.304883 1.06913 0.546402 0.623905 -0.395965 -0.394206
363 -0.155502 0.302302 1.06499 0.547038 0.621172 -0.397916 -0.395673
364 -0.157129 0.298062 1.07019 0.550199 0.621809 -0.393063 -0.395142
365 -0.153304 0.282302 1.06172 0.550853 0.617463 -0.393558 -0.400515
366 -0.158224 0.282119 1.06624 0.550311 0.616814 -0.392753 -0.403043
367 -0.16114 0.272161 1.07354 0.55278 0.616463 -0.388108 -0.404697
368 -0.162916 0.262062 1.06834 0.555042 0.613535 -0.386467 -0.40761
369 -0.160109 0.283532 1.07695 0.55488 0.613026 -0.389618 -0.405592
370 -0.163355 0.269812 1.06976 0.555589 0.60932 -0.38993 -0.409884
371 -0.160054 0.282066 1.05975 0.553802 0.609245 -0.392849 -0.409626
372 -0.159939 0.26822 1.07247 0.556635 0.610885 -0.388495 -0.407489
373 -0.167244 0.268072 1.06285 0.553894 0.608717 -0.391526 -0.411549
374 -0.168799 0.272638 1.06357 0.549239 0.609241 -0.394409 -0.414251
375 -0.169365 0.248214 1.06816 0.550445 0.607627 -0.3906 -0.418606
376 -0.170226 0.258924 1.0762 0.553074 0.605866 -0.391092 -0.417232
377 -0.169814 0.253869 1.08119 0.557153 0.603934 -0.39139 -0.414316
378 -0.171569 0.23484 1.0909 0.55901 0.601444 -0.388247 -0.418375
379 -0.167802 0.253523 1.06566 0.553731 0.599484 -0.392647 -0.424063
380 -0.170788 0.223592 1.07205 0.556375 0.596678 -0.388672 -0.428202
381 -0.174558 0.208424 1.07557 0.560295 0.594025 -0.384851 -0.430225
382 -0.172605 0.19938 1.09291 0.563146 0.594104 -0.379833 -0.430853
383 -0.175333 0.233392 1.09715 0.560704 0.596551 -0.382429 -0.428353
384 -0.175131 0.209488 1.09376 0.561637 0.592397 -0.381567 -0.433632
385 -0.17435 0.187693 1.09036 0.564738 0.589632 -0.378369 -0.436168
386 -0.171916 0.199419 1.08586 0.56579 0.587931 -0.379279 -0.43631
387 -0.171523 0.191258 1.08517 0.567416 0.585065 -0.38097 -0.436577
388 -0.17058 0.179563 1.07676 0.568929 0.584005 -0.376296 -0.440067
389 -0.175981 0.172467 1.09925 0.575658 0.58427 -0.368759 -0.437337
390 -0.171585 0.168616 1.07872 0.576606 0.579456 -0.373139 -0.438775
391 -0.174417 0.146711 1.08517 0.577385 0.578179 -0.372089 -0.440324
392 -0.177675 0.154954 1.09442 0.576579 0.579671 -0.372878 -0.438748
393 -0.180589 0.134524 1.09343 0.577503 0.57752 -0.373256 -0.440048
394 -0.177647 0.13657 1.09165 0.579273 0.576851 -0.374595 -0.437452
395 -0.179792 0.125031 1.08294 0.578106 0.57687 -0.373445 -0.439947
396 -0.18909 0.0999667 1.09686 0.580132 0.576418 -0.369557 -0.441154
397 -0.189627 0.106659 1.09889 0.578767 0.575995 -0.372299 -0.441193
398 -0.191793 0.114819 1.08522 0.579807 0.572834 -0.374682 -0.441927
399 -0.191479 0.0930183 1.08021 0.583235 0.570137 -0.372444 -0.442795
400 -0.193104 0.0824158 1.08944 0.584189 0.568739 -0.371911 -0.443781
401 -0.193597 0.0882219 1.09562 0.584369 0.568473 -0.371668 -0.444087
402 -0.199593 0.0722637 1.08912 0.585247 0.565829 -0.372508 -0.445602
403 -0.200937 0.0882105 1.08426 0.583198 0.566567 -0.377055 -0.44352
404 -0.200994 0.0628648 1.08938 0.583455 0.565702 -0.37363 -0.44717
405 -0.199205 0.0694609 1.08371 0.588011 0.563586 -0.370977 -0.446083
406 -0.202201 0.0567186 1.08221 0.595767 0.559491 -0.368179 -0.443256
407 -0.197543 0.0725528 1.08681 0.597675 0.561576 -0.370436 -0.436112
408 -0.206008 0.0693758 1.08226 0.592868 0.56254 -0.369915 -0.441837
409 -0.207899 0.0459218 1.08339 0.592834 0.560424 -0.36783 -0.446289
410 -0.21456 0.034473 1.08361 0.596131 0.558214 -0.367976 -0.444544
411 -0.209751 0.0436343 1.08011 0.598977 0.558075 -0.367499 -0.441274
412 -0.212339 0.0245534 1.08171 0.600006 0.556203 -0.365331 -0.444031
413 -0.21309 0.0393557 1.07701 0.597209 0.557892 -0.367857 -0.443598
414 -0.219213 0.0174776 1.08394 0.599922 0.556676 -0.363509 -0.445047
415 -0.221212 0.0280194 1.08794 0.602356 0.555021 -0.363587 -0.443762
416 -0.222443 0.0263394 1.08408 0.602628 0.553071 -0.364796 -0.444832
417 -0.22319 0.0228601 1.08653 0.603387 0.552826 -0.363517 -0.445155
418 -0.228263 0.00968572 1.08203 0.603518 0.553143 -0.359574 -0.447778
419 -0.225301 0.0260934 1.08332 0.603497 0.552082 -0.361546 -0.447528
420 -0.226954 0.0361406 1.09185 0.60598 0.550455 -0.363353 -0.444704
421 -0.234868 0.0268126 1.0941 0.609998 0.550196 -0.360455 -0.441882
422 -0.24408 -0.00191781 1.08813 0.611692 0.544874 -0.357873 -0.448187
423 -0.240298 0.00689832 1.08525 0.611178 0.543938 -0.3608 -0.447679
424 -0.240974 0.0124379 1.08733 0.613692 0.543898 -0.361864 -0.443409
425 -0.247995 -0.0129108 1.08304 0.614294 0.543196 -0.35999 -0.444958
426 -0.259726 -0.0287703 1.09082 0.614542 0.542525 -0.357563 -0.447385
427 -0.263504 -0.0345196 1.07894 0.616282 0.539409 -0.356306 -0.449756
428 -0.266473 -0.0244064 1.08086 0.62419 0.534559 -0.35949 -0.442041
429 -0.266183 -0.0233997 1.08773 0.625412 0.537598 -0.3584 -0.437489
430 -0.270158 -0.0380709 1.08421 0.622566 0.539101 -0.354633 -0.442738
431 -0.275704 -0.0628453 1.0724 0.619094 0.53675 -0.35379 -0.45106
432 -0.277319 -0.0531783 1.09532 0.624509 0.539959 -0.353069 -0.4402
433 -0.27582 -0.0650593 1.08344 0.627008 0.537904 -0.350912 -0.440886
434 -0.283701 -0.0745724 1.08192 0.626526 0.534499 -0.350136 -0.446295
435 -0.288377 -0.0641047 1.08263 0.627107 0.53584 -0.352471 -0.442014
436 -0.283049 -0.0915556 1.08212 0.631095 0.534745 -0.349182 -0.440271
437 -0.290385 -0.0999679 1.08065 0.631545 0.532581 -0.347047 -0.443922
438 -0.301853 -0.113774 1.08325 0.634588 0.528926 -0.344913 -0.445613
439 -0.296613 -0.106503 1.0767 0.636636 0.52818 -0.347804 -0.441309
440 -0.306148 -0.115986 1.07772 0.639788 0.524934 -0.345836 -0.442168
441 -0.308616 -0.123115 1.07803 0.638734 0.523509 -0.34528 -0.445801
442 -0.31659 -0.121178 1.08897 0.63968 0.525645 -0.345532 -0.441717
443 -0.324397 -0.137289 1.07802 0.64101 0.524088 -0.344352 -0.442561
444 -0.33013 -0.147822 1.07002 0.640995 0.521424 -0.342871 -0.446856
445 -0.334743 -0.151563 1.07279 0.641922 0.519332 -0.343742 -0.447294
446 -0.340946 -0.139014 1.08182 0.643714 0.521522 -0.345726 -0.440591
447 -0.346894 -0.150295 1.07595 0.644833 0.520717 -0.342577 -0.442365
448 -0.345984 -0.158282 1.07022 0.645118 0.518893 -0.342106 -0.444451
449 -0.353393 -0.161909 1.06407 0.64841 0.518355 -0.340578 -0.44145
450 -0.359831 -0.167125 1.07011 0.649994 0.515399 -0.339954 -0.443061
451 -0.364277 -0.172822 1.07389 0.648327 0.518391 -0.337121 -0.444176
452 -0.370872 -0.182017 1.05157 0.647456 0.51715 -0.335918 -0.447789
453 -0.372289 -0.18405 1.07574 0.649945 0.515769 -0.337221 -0.444788
454 -0.380177 -0.184134 1.06943 0.649794 0.514772 -0.338545 -0.445156
455 -0.387164 -0.195003 1.07185 0.65096 0.513475 -0.33403 -0.448351
456 -0.377631 -0.18709 1.06133 0.64792 0.510396 -0.338759 -0.4527
457 -0.385734 -0.188826 1.07895 0.652156 0.511074 -0.339156 -0.445499
458 -0.403749 -0.208526 1.08584 0.653443 0.51184 -0.333874 -0.446722
459 -0.397661 -0.207604 1.07413 0.647106 0.509209 -0.336191 -0.457095
460 -0.393667 -0.186816 1.07769 0.647575 0.510192 -0.339353 -0.45298
461 -0.406413 -0.22386 1.0862 0.653281 0.507506 -0.332624 -0.452796
462 -0.417438 -0.227986 1.09436 0.652236 0.508249 -0.330007 -0.455376
463 -0.407574 -0.207727 1.08256 0.648307 0.509147 -0.335006 -0.456332
464 -0.412121 -0.217906 1.07833 0.649705 0.507382 -0.336322 -0.455341
465 -0.414124 -0.225165 1.07713 0.651708 0.506571 -0.33412 -0.455002
466 -0.421156 -0.228047 1.09272 0.651421 0.50581 -0.334628 -0.455886
467 -0.432589 -0.250309 1.09624 0.653668 0.502232 -0.333033 -0.457788
468 -0.42825 -0.245131 1.08825 0.655619 0.502311 -0.332904 -0.454997
469 -0.430597 -0.253226 1.08553 0.656677 0.500271 -0.332211 -0.456224
470 -0.432472 -0.258078 1.08635 0.657909 0.495326 -0.333827 -0.458658
471 -0.442755 -0.277228 1.07475 0.660538 0.492747 -0.329814 -0.460557
472 -0.434301 -0.27112 1.07272 0.66113 0.49161 -0.333348 -0.458373
473 -0.4346 -0.264528 1.07995 0.661868 0.488426 -0.336038 -0.458748
474 -0.445666 -0.283195 1.08553 0.664239 0.486393 -0.330744 -0.461322
475 -0.451429 -0.296303 1.09042 0.67003 0.484319 -0.329055 -0.456308
476 -0.450734 -0.305726 1.08504 0.669676 0.481263 -0.32757 -0.461104
477 -0.451773 -0.318682 1.07625 0.670642 0.477852 -0.328543 -0.462554
478 -0.462617 -0.327329 1.07915 0.672231 0.480464 -0.328226 -0.457742
479 -0.457663 -0.326095 1.07685 0.668635 0.480962 -0.329202 -0.461767
480 -0.466131 -0.353548 1.07381 0.669779 0.478937 -0.322702 -0.466775
481 -0.465821 -0.35102 1.08104 0.672484 0.477645 -0.325607 -0.46217
482 -0.463032 -0.349226 1.06898 0.671392 0.477858 -0.327584 -0.462139
483 -0.462667 -0.365623 1.07536 0.670204 0.479586 -0.322578 -0.465582
484 -0.47321 -0.377052 1.08118 0.672384 0.476026 -0.32129 -0.466982
485 -0.4745 -0.378394 1.08145 0.674784 0.473904 -0.32278 -0.464645
486 -0.476634 -0.377533 1.08567 0.677981 0.475339 -0.321867 -0.459125
487 -0.479239 -0.406211 1.09266 0.675874 0.474532 -0.317906 -0.465778
488 -0.482406 -0.399801 1.08653 0.672816 0.473748 -0.321151 -0.468768
489 -0.487921 -0.409271 1.08773 0.675911 0.471601 -0.321089 -0.466517
490 -0.48781 -0.419917 1.08398 0.678263 0.469965 -0.320336 -0.465271
491 -0.481209 -0.418358 1.08337 0.675818 0.469542 -0.32296 -0.467437
492 -0.487787 -0.433637 1.08141 0.673407 0.47051 -0.322633 -0.47016
493 -0.501077 -0.443745 1.11437 0.676488 0.473255 -0.31829 -0.465924
494 -0.499173 -0.454295 1.08168 0.675263 0.469922 -0.321077 -0.469151
495 -0.502938 -0.460915 1.08793 0.677361 0.469239 -0.321195 -0.466723
496 -0.50281 -0.464548 1.08582 0.677435 0.471689 -0.319366 -0.4654
497 -0.501913 -0.462638 1.08564 0.678063 0.471414 -0.318678 -0.465234
498 -0.504253 -0.465618 1.08524 0.679142 0.471208 -0.319514 -0.463292
499 -0.507003 -0.476472 1.08498 0.680896 0.47171 -0.318816 -0.460681
500 -0.510387 -0.482324 1.08705 0.68154 0.472888 -0.316543 -0.460087
501 -0.510162 -0.482912 1.08127 0.680057 0.470698 -0.318698 -0.463032
502 -0.511433 -0.49394 1.08367 0.682957 0.469924 -0.316959 -0.460736
503 -0.518801 -0.497692 1.07658 0.683953 0.469518 -0.316911 -0.459705
504 -0.512867 -0.481876 1.08797 0.680329 0.472725 -0.320217 -0.459504
505 -0.52366 -0.504139 1.07818 0.679045 0.470823 -0.318019 -0.464852
506 -0.526494 -0.502431 1.09119 0.682159 0.470327 -0.318303 -0.460582
507 -0.535631 -0.523697 1.09512 0.684221 0.469551 -0.315044 -0.460556
508 -0.52983 -0.513787 1.0931 0.681436 0.470232 -0.319405 -0.460986
509 -0.538304 -0.521567 1.08848 0.680092 0.469914 -0.319789 -0.463023
510 -0.537409 -0.531796 1.08684 0.679949 0.468922 -0.321114 -0.463322
511 -0.552353 -0.543091 1.09114 0.681786 0.467188 -0.319646 -0.463389
512 -0.560409 -0.562183 1.0788 0.680629 0.464329 -0.320434 -0.467402
513 -0.556385 -0.553235 1.08706 0.680058 0.466578 -0.322688 -0.464433
514 -0.567393 -0.570908 1.08667 0.681794 0.464542 -0.32012 -0.465705
515 -0.561514 -0.567835 1.0866 0.682689 0.465212 -0.320592 -0.463394
516 -0.568156 -0.576178 1.08007 0.683143 0.463293 -0.320121 -0.464971
517 -0.576632 -0.586517 1.08466 0.684521 0.463081 -0.318043 -0.464581
518 -0.573054 -0.585564 1.08884 0.683553 0.463035 -0.318139 -0.465984
519 -0.575448 -0.593715 1.08922 0.68676 0.460676 -0.317939 -0.463739
520 -0.578576 -0.597903 1.09977 0.685268 0.461715 -0.316742 -0.465727
521 -0.586304 -0.615228 1.091 0.685167 0.459214 -0.316093 -0.468779
522 -0.585411 -0.609348 1.10886 0.689053 0.45928 -0.314687 -0.463939
523 -0.583084 -0.617832 1.09745 0.690269 0.455207 -0.31408 -0.466549
524 -0.590344 -0.62956 1.09437 0.692923 0.450436 -0.313949 -0.467334
525 -0.604628 -0.650395 1.08582 0.694495 0.448363 -0.311584 -0.468576
526 -0.594155 -0.638984 1.09688 0.694279 0.449395 -0.310836 -0.468404
527 -0.601505 -0.649695 1.09512 0.696477 0.446606 -0.310901 -0.467764
528 -0.604033 -0.658965 1.08873 0.698534 0.444139 -0.312344 -0.466082
529 -0.604147 -0.666882 1.09215 0.697673 0.44312 -0.310284 -0.469704
530 -0.608562 -0.670237 1.09355 0.700215 0.440761 -0.309284 -0.468799
531 -0.600667 -0.658815 1.08834 0.702026 0.439137 -0.313105 -0.465064
532 -0.603 -0.668625 1.09512 0.70341 0.437288 -0.311636 -0.4657
533 -0.605617 -0.675862 1.08683 0.702567 0.435705 -0.30966 -0.469757
534 -0.613344 -0.683036 1.09508 0.705282 0.435755 -0.308228 -0.466573
535 -0.620972 -0.698808 1.08487 0.705688 0.435772 -0.305757 -0.467568
536 -0.623607 -0.69834 1.09003 0.705176 0.435219 -0.305376 -0.469102
537 -0.626058 -0.713311 1.08711 0.707071 0.43083 -0.3069 -0.469306
538 -0.623355 -0.689508 1.10859 0.70899 0.436486 -0.30856 -0.460003
539 -0.624057 -0.706048 1.10377 0.707474 0.437864 -0.306682 -0.46228
540 -0.634077 -0.721771 1.09507 0.703596 0.437165 -0.307932 -0.467993
541 -0.63251 -0.723613 1.10621 0.703201 0.439753 -0.30905 -0.465417
542 -0.637378 -0.726934 1.09459 0.702505 0.44153 -0.309987 -0.464162
543 -0.641137 -0.729989 1.11181 0.702192 0.443709 -0.309924 -0.462597
544 -0.646221 -0.748264 1.09144 0.70194 0.438169 -0.313384 -0.465916
545 -0.641156 -0.74006 1.09828 0.70513 0.43735 -0.317507 -0.459027
546 -0.642106 -0.745429 1.10582 0.708376 0.435165 -0.318212 -0.455605
547 -0.643716 -0.748085 1.09563 0.706906 0.433776 -0.319563 -0.458259
548 -0.64319 -0.756943 1.09386 0.707011 0.432001 -0.320597 -0.459051
549 -0.646336 -0.756083 1.10527 0.708166 0.430378 -0.322844 -0.457217
550 -0.64151 -0.747916 1.11335 0.708854 0.432668 -0.32187 -0.45467
551 -0.645032 -0.759751 1.1096 0.706532 0.432918 -0.321433 -0.45834
552 -0.648744 -0.76302 1.11033 0.705814 0.432766 -0.320988 -0.459897
553 -0.65165 -0.77226 1.09697 0.70579 0.432145 -0.318828 -0.462018
554 -0.639026 -0.758809 1.12003 0.704558 0.436856 -0.318654 -0.45958
555 -0.636374 -0.765337 1.11659 0.703119 0.438482 -0.316774 -0.461532
556 -0.641874 -0.767624 1.10849 0.701854 0.440264 -0.315584 -0.462575
557 -0.641659 -0.774384 1.11407 0.702211 0.438793 -0.315492 -0.463493
558 -0.621797 -0.74365 1.12641 0.701816 0.441446 -0.31836 -0.459595
559 -0.642584 -0.78218 1.11296 0.704983 0.43548 -0.314872 -0.46283
560 -0.645637 -0.795208 1.11077 0.707177 0.43235 -0.315099 -0.462263
561 -0.640822 -0.796551 1.1082 0.708415 0.434406 -0.312931 -0.459906
562 -0.635802 -0.792206 1.10916 0.707164 0.436102 -0.312274 -0.460672
563 -0.629716 -0.795221 1.11721 0.707309 0.437942 -0.311735 -0.459067
564 -0.64123 -0.824946 1.09587 0.71051 0.433653 -0.30741 -0.461106
565 -0.632936 -0.823473 1.0982 0.711945 0.433025 -0.307323 -0.459539
566 -0.633474 -0.832404 1.09664 0.713515 0.430807 -0.305288 -0.460543
567 -0.634449 -0.851052 1.0923 0.718363 0.426309 -0.301062 -0.459975
568 -0.631784 -0.846639 1.09413 0.719298 0.426341 -0.302723 -0.457386
569 -0.631601 -0.856555 1.0925 0.720775 0.426827 -0.299529 -0.456711
570 -0.634964 -0.873019 1.08506 0.721892 0.422949 -0.299407 -0.45863
571 -0.624893 -0.864305 1.10281 0.722466 0.426567 -0.302417 -0.452357
572 -0.63786 -0.888764 1.08692 0.722816 0.423313 -0.299204 -0.456968
573 -0.645711 -0.88983 1.08409 0.722807 0.423188 -0.297142 -0.458441
574 -0.646663 -0.905532 1.0775 0.722198 0.420361 -0.302561 -0.458458
575 -0.651276 -0.902052 1.0839 0.722558 0.423367 -0.302405 -0.455216
576 -0.651872 -0.915568 1.07579 0.721242 0.423495 -0.30059 -0.458375
577 -0.65053 -0.915423 1.08979 0.722159 0.425223 -0.301186 -0.454928
578 -0.66324 -0.932798 1.07867 0.721731 0.424736 -0.300526 -0.456495
579 -0.654149 -0.927794 1.09939 0.72076 0.431045 -0.299429 -0.452822
580 -0.659308 -0.93668 1.08646 0.716651 0.43301 -0.300826 -0.456526
581 -0.668998 -0.950721 1.08282 0.717035 0.43189 -0.300216 -0.457387
582 -0.67005 -0.951831 1.08186 0.716478 0.436101 -0.300236 -0.45424
583 -0.678904 -0.966553 1.08899 0.71522 0.43763 -0.297454 -0.456575
584 -0.677431 -0.974789 1.08785 0.714555 0.435426 -0.298396 -0.459103
585 -0.677516 -0.967622 1.0986 0.716629 0.43002 -0.306754 -0.455442
586 -0.681766 -0.979357 1.09431 0.716527 0.43256 -0.308264 -0.452166
587 -0.698197 -1.01747 1.09166 0.712709 0.431538 -0.308684 -0.458841
588 -0.689009 -1.02007 1.08293 0.712081 0.435651 -0.314618 -0.451845
589 -0.700751 -1.03709 1.07558 0.709681 0.434107 -0.313441 -0.457885
590 -0.71462 -1.05875 1.08049 0.711008 0.432221 -0.315216 -0.456391
591 -0.713223 -1.06004 1.0841 0.711247 0.436495 -0.31554 -0.451701
592 -0.710068 -1.05994 1.08611 0.708939 0.436767 -0.316789 -0.454186
593 -0.720126 -1.08091 1.0786 0.70573 0.435804 -0.318767 -0.458703
594 -0.709838 -1.08366 1.09103 0.706244 0.434356 -0.321601 -0.457304
595 -0.717618 -1.09728 1.09286 0.707547 0.433309 -0.320187 -0.457276
596 -0.718832 -1.10473 1.08655 0.704638 0.428879 -0.322772 -0.464076
597 -0.734492 -1.12024 1.10138 0.704492 0.426206 -0.321814 -0.467413
598 -0.728164 -1.11854 1.10598 0.706332 0.428566 -0.322869 -0.461717
599 -0.733197 -1.12924 1.09616 0.706597 0.425867 -0.322286 -0.464208
600 -0.73607 -1.13998 1.10303 0.705673 0.4209 -0.323551 -0.469237
601 -0.74401 -1.14831 1.09989 0.706355 0.41699 -0.324419 -0.471099
602 -0.743601 -1.14923 1.11587 0.708284 0.419783 -0.323962 -0.466009
603 -0.743139 -1.15169 1.11117 0.705594 0.42055 -0.323083 -0.469992
604 -0.753266 -1.16398 1.12066 0.70621 0.420107 -0.319603 -0.471839
605 -0.753224 -1.16617 1.10354 0.705968 0.414975 -0.321936 -0.475145
606 -0.746933 -1.16808 1.11556 0.707367 0.416759 -0.322721 -0.47095
607 -0.751864 -1.17019 1.11274 0.707248 0.418586 -0.319573 -0.471656
608 -0.761296 -1.18226 1.11187 0.708217 0.415924 -0.313135 -0.476846
609 -0.763854 -1.18926 1.10808 0.710228 0.41414 -0.312805 -0.475623
610 -0.774495 -1.19784 1.10179 0.710643 0.414238 -0.312762 -0.474946
611 -0.772109 -1.19525 1.09581 0.708414 0.412966 -0.31118 -0.480392
612 -0.769976 -1.19608 1.11578 0.710241 0.41242 -0.308452 -0.479922
613 -0.779446 -1.20535 1.10262 0.711331 0.408123 -0.312495 -0.479365
614 -0.764276 -1.19585 1.11802 0.712211 0.413917 -0.310975 -0.47405
615 -0.791868 -1.21551 1.11071 0.712608 0.409974 -0.303334 -0.481767
616 -0.792661 -1.2205 1.10219 0.711044 0.404013 -0.306572 -0.487035
617 -0.788332 -1.21211 1.11242 0.714689 0.407584 -0.307371 -0.47814
618 -0.791065 -1.21594 1.11983 0.715381 0.409019 -0.301128 -0.479848
619 -0.806542 -1.22248 1.10954 0.713093 0.4031 -0.299887 -0.488954
620 -0.804726 -1.21783 1.11176 0.715562 0.401793 -0.302316 -0.484911
621 -0.804652 -1.22277 1.10468 0.717897 0.402573 -0.299701 -0.482429
622 -0.813541 -1.22661 1.10609 0.716878 0.399924 -0.294618 -0.489231
623 -0.805838 -1.22012 1.12269 0.71761 0.397155 -0.294145 -0.490695
624 -0.823836 -1.23421 1.11088 0.721889 0.392048 -0.292998 -0.489211
625 -0.835518 -1.24235 1.10935 0.724746 0.390443 -0.287574 -0.489488
626 -0.831525 -1.24039 1.12092 0.721778 0.390308 -0.287912 -0.493764
627 -0.836025 -1.2412 1.12153 0.720109 0.387408 -0.291063 -0.496629
628 -0.847448 -1.25173 1.12749 0.72337 0.386514 -0.286362 -0.495318
629 -0.841027 -1.24503 1.12745 0.723338 0.385781 -0.286583 -0.495808
630 -0.854558 -1.25323 1.13187 0.725032 0.381633 -0.28307 -0.498554
631 -0.862426 -1.25747 1.11793 -0.72562 -0.376623 0.285102 0.500348
632 -0.877872 -1.27284 1.10576 -0.727343 -0.373154 0.282135 0.502124
633 -0.861256 -1.25938 1.12521 -0.723085 -0.377973 0.284896 0.50311
634 -0.869674 -1.26609 1.12764 -0.724218 -0.376267 0.28135 0.50475
635 -0.881202 -1.27633 1.12421 -0.727196 -0.373154 0.279095 0.504032
636 -0.88646 -1.28505 1.11464 -0.729209 -0.368423 0.281162 0.503454
637 -0.887149 -1.28262 1.11844 -0.725928 -0.368637 0.282867 0.507071
638 -0.887517 -1.28129 1.12062 -0.726802 -0.369511 0.282977 0.505118
639 -0.895888 -1.29417 1.12143 -0.727427 -0.369333 0.279299 0.506394
640 -0.896558 -1.30065 1.11695 -0.727992 -0.365421 0.280332 0.507848
641 -0.910363 -1.30024 1.11988 -0.72947 -0.364872 0.283255 0.504489
642 -0.890428 -1.29579 1.1318 -0.728576 -0.370381 0.285133 0.500693
643 -0.899437 -1.29895 1.12405 -0.724947 -0.367871 0.285078 0.507792
644 -0.921011 -1.31314 1.12499 -0.72607 -0.364088 0.283693 0.509686
645 -0.920631 -1.31906 1.12979 -0.729888 -0.364909 0.283943 0.50347
646 -0.917529 -1.3177 1.12703 -0.727354 -0.366451 0.283079 0.506495
647 -0.921305 -1.32484 1.12785 -0.727442 -0.366516 0.284113 0.50574
648 -0.923769 -1.32782 1.12767 -0.728802 -0.367189 0.284389 0.503132
649 -0.929027 -1.3291 1.12448 -0.72862 -0.36702 0.282869 0.504375
650 -0.931782 -1.33366 1.12172 -0.726632 -0.365164 0.287243 0.506115
651 -0.933354 -1.33547 1.1319 -0.728948 -0.367325 0.285852 0.501992
652 -0.924897 -1.33263 1.13457 -0.729176 -0.368792 0.285401 0.50084
653 -0.931382 -1.33954 1.12498 -0.725807 -0.367206 0.287983 0.5054
654 -0.934975 -1.34399 1.12739 -0.727708 -0.367503 0.286828 0.503102
655 -0.932845 -1.34685 1.12368 -0.72721 -0.369435 0.287083 0.502261
656 -0.937297 -1.34988 1.13601 -0.727446 -0.372079 0.284724 0.50131
657 -0.942055 -1.35659 1.12851 -0.725967 -0.369487 0.287015 0.504058
658 -0.953521 -1.36646 1.12752 -0.729522 -0.368353 0.283825 0.501554
659 -0.959546 -1.37185 1.12755 -0.730622 -0.367389 0.283569 0.500806
660 -0.954228 -1.38055 1.12656 -0.728753 -0.363798 0.28669 0.504359
661 -0.953039 -1.38589 1.13511 -0.730324 -0.365144 0.285321 0.501886
662 -0.967294 -1.39524 1.11892 -0.728541 -0.362009 0.286644 0.505978
663 -0.956244 -1.39663 1.12961 -0.728933 -0.360648 0.285701 0.506917
664 -0.969985 -1.40848 1.12427 -0.731216 -0.358412 0.283017 0.50672
665 -0.970458 -1.41157 1.13257 -0.732548 -0.357406 0.284557 0.504639
666 -0.9689 -1.41767 1.12706 -0.731811 -0.354376 0.284442 0.507901
667 -0.970201 -1.42673 1.13601 -0.732943 -0.35133 0.281334 0.510111
668 -0.985961 -1.44041 1.11923 -0.733521 -0.3451 0.282878 0.512672
669 -0.975884 -1.44223 1.1292 -0.737205 -0.345478 0.281686 0.507767
670 -0.981325 -1.45263 1.13011 -0.737871 -0.3418 0.278004 0.511305
671 -0.974926 -1.45301 1.14089 -0.737538 -0.339563 0.279597 0.512406
672 -0.993017 -1.47455 1.12495 -0.740483 -0.33371 0.276577 0.513642
673 -0.984394 -1.4739 1.13769 -0.742777 -0.333287 0.274363 0.511787
674 -0.98229 -1.48223 1.13998 -0.742196 -0.330798 0.271208 0.515911
675 -0.975492 -1.48567 1.14873 -0.743783 -0.329849 0.271725 0.513957
676 -0.989356 -1.49995 1.13747 -0.744137 -0.326955 0.269007 0.516716
677 -0.992301 -1.50486 1.14315 -0.743826 -0.326986 0.26567 0.518866
678 -0.986775 -1.50891 1.14729 -0.744321 -0.327896 0.263144 0.51887
679 -0.994706 -1.5165 1.13843 -0.744163 -0.326229 0.261127 0.52116
680 -0.988236 -1.51651 1.14854 -0.744772 -0.327585 0.260605 0.5197
681 -0.988266 -1.52347 1.13944 -0.745107 -0.326983 0.257558 0.521115
682 -0.991691 -1.53082 1.14479 -0.746866 -0.325748 0.256032 0.520122
683 -0.982769 -1.53137 1.14514 -0.74756 -0.326144 0.256148 0.518819
684 -0.995607 -1.54785 1.13533 -0.748631 -0.324435 0.254259 0.519274
685 -1.0063 -1.55388 1.13009 -0.750259 -0.324533 0.251541 0.518186
686 -1.00218 -1.5667 1.13931 -0.750218 -0.324005 0.251959 0.518372
687 -0.994363 -1.57057 1.14105 -0.75123 -0.326039 0.251353 0.51592
688 -1.00214 -1.57313 1.14108 -0.751375 -0.327494 0.250233 0.515331
689 -1.00054 -1.58337 1.13748 -0.751228 -0.324832 0.250684 0.517009
690 -1.01992 -1.59874 1.12888 -0.752427 -0.323111 0.250555 0.516405
691 -1.01634 -1.59979 1.12897 -0.753322 -0.326191 0.249501 0.513668
692 -1.01486 -1.60333 1.12917 -0.751119 -0.325395 0.251576 0.51638
693 -1.02026 -1.61591 1.13114 -0.75068 -0.32592 0.251894 0.516532
694 -1.02 -1.61797 1.13194 -0.751545 -0.327751 0.251934 0.51409
695 -1.032 -1.62732 1.12382 -0.751628 -0.325235 0.251172 0.515936
696 -1.02006 -1.62877 1.13455 -0.752141 -0.325261 0.254645 0.513464
697 -1.04491 -1.64264 1.13337 -0.753248 -0.32731 0.251878 0.511902
698 -1.04867 -1.64914 1.12634 -0.752738 -0.324664 0.252874 0.513842
699 -1.06638 -1.65999 1.11509 -0.752943 -0.318417 0.253938 0.516917
700 -1.06439 -1.66292 1.12102 -0.754407 -0.319105 0.256476 0.51309
701 -1.05487 -1.66504 1.12689 -0.754336 -0.321944 0.256385 0.511464
702 -1.06196 -1.67048 1.12245 -0.75278 -0.322322 0.256366 0.513524
703 -1.07036 -1.67721 1.12624 -0.752041 -0.326991 0.250988 0.514311
704 -1.07437 -1.68276 1.11954 -0.750354 -0.328824 0.250024 0.516073
705 -1.07774 -1.68651 1.11718 -0.750189 -0.327712 0.250384 0.516846
706 -1.07329 -1.68518 1.12732 -0.753378 -0.326129 0.250415 0.51318
707 -1.07984 -1.68887 1.12178 -0.754384 -0.324002 0.248857 0.513807
708 -1.08613 -1.69158 1.1199 -0.754988 -0.322817 0.247577 0.514284
709 -1.07845 -1.69032 1.12865 -0.754877 -0.323392 0.247631 0.514059
710 -1.09209 -1.69562 1.11507 -0.755848 -0.321472 0.245652 0.514786
711 -1.09528 -1.69545 1.12156 -0.755151 -0.322494 0.244658 0.515642
712 -1.10566 -1.69896 1.11242 -0.754518 -0.320439 0.242968 0.51864
713 -1.09406 -1.69586 1.13204 -0.755483 -0.322657 0.24146 0.516561
714 -1.10645 -1.70082 1.12017 -0.757506 -0.318132 0.239275 0.517421
715 -1.11274 -1.70113 1.11205 -0.758604 -0.317776 0.238177 0.516537
716 -1.10892 -1.70183 1.11933 -0.759632 -0.31838 0.236192 0.515564
717 -1.12126 -1.70194 1.12016 -0.7607 -0.318492 0.232063 0.515796
718 -1.12916 -1.707 1.11641 -0.760984 -0.316482 0.229467 0.517772
719 -1.1265 -1.70343 1.11431 -0.759782 -0.316338 0.230105 0.519339
720 -1.13202 -1.70466 1.10991 -0.761974 -0.314318 0.227246 0.518613
721 -1.14504 -1.70965 1.10378 -0.763528 -0.311083 0.225167 0.519184
722 -1.14538 -1.70698 1.10246 -0.76614 -0.309362 0.222489 0.517516
723 -1.15497 -1.71429 1.09861 -0.766761 -0.30696 0.219346 0.519365
724 -1.14463 -1.70997 1.10343 -0.768578 -0.307996 0.216812 0.517126
725 -1.15135 -1.71289 1.10596 -0.772177 -0.306991 0.212307 0.514222
726 -1.16612 -1.70834 1.09449 -0.772821 -0.303678 0.212799 0.515018
727 -1.16201 -1.71449 1.09123 -0.771147 -0.301038 0.213091 0.518942
728 -1.16619 -1.71767 1.10844 -0.772267 -0.303495 0.208879 0.517555
729 -1.1685 -1.71887 1.10421 -0.77243 -0.301258 0.209282 0.518456
730 -1.16801 -1.71797 1.09715 -0.773403 -0.298772 0.210346 0.518013
731 -1.17353 -1.72417 1.10168 -0.774708 -0.296938 0.204407 0.519492
732 -1.17689 -1.72521 1.11044 -0.774912 -0.298548 0.203302 0.518699
733 -1.19137 -1.72919 1.09725 -0.774258 -0.294106 0.201673 0.522833
734 -1.19627 -1.7301 1.1009 -0.773684 -0.29181 0.2001 0.525566
735 -1.19798 -1.73375 1.10136 -0.775556 -0.29129 0.200743 0.522843
736 -1.19389 -1.72835 1.10488 -0.776005 -0.291598 0.199364 0.522533
737 -1.20575 -1.73851 1.11108 -0.77756 -0.289298 0.192643 0.524019
738 -1.20428 -1.74163 1.11206 -0.77947 -0.288416 0.190458 0.522464
739 -1.21494 -1.74378 1.10438 -0.77921 -0.283749 0.187115 0.526599
740 -1.22586 -1.74542 1.09133 -0.779074 -0.281086 0.187122 0.528223
741 -1.21756 -1.7464 1.09797 -0.781661 -0.280708 0.187288 0.524531
742 -1.22173 -1.75383 1.10391 -0.783235 -0.279842 0.184393 0.52367
743 -1.23566 -1.75446 1.09722 -0.783889 -0.278644 0.183097 0.523785
744 -1.24062 -1.76145 1.09422 -0.784482 -0.279004 0.183948 0.522406
745 -1.24637 -1.76034 1.09373 -0.784783 -0.279315 0.179135 0.52346
746 -1.24705 -1.76468 1.09795 -0.785879 -0.27777 0.178609 0.522817
747 -1.25028 -1.76696 1.09484 -0.786562 -0.27879 0.183564 0.519519
748 -1.26109 -1.77522 1.09428 -0.78552 -0.279577 0.180803 0.521636
749 -1.2579 -1.77733 1.09129 -0.784485 -0.278179 0.179192 0.524489
750 -1.25822 -1.77672 1.09687 -0.785948 -0.274253 0.180669 0.523861
751 -1.26044 -1.77723 1.09078 -0.786546 -0.273788 0.183314 0.522285
752 -1.26366 -1.78294 1.09701 -0.787127 -0.275176 0.17801 0.522515
753 -1.26285 -1.7815 1.0914 -0.78569 -0.274122 0.176306 0.525798
754 -1.27556 -1.78623 1.08886 -0.786854 -0.273398 0.175823 0.524595
755 -1.26284 -1.78442 1.09452 -0.791182 -0.274953 0.177156 0.516767
756 -1.2803 -1.78937 1.09568 -0.790062 -0.274144 0.169974 0.521303
757 -1.28216 -1.79603 1.09127 -0.78835 -0.273129 0.171709 0.523852
758 -1.28396 -1.79617 1.08851 -0.789227 -0.273069 0.172677 0.522242
759 -1.28937 -1.79938 1.09308 -0.790116 -0.273213 0.16924 0.521947
760 -1.29054 -1.80437 1.08894 -0.78994 -0.271514 0.169666 0.522961
761 -1.2876 -1.81075 1.09539 -0.79197 -0.270478 0.170609 0.520113
762 -1.29826 -1.81515 1.09617 -0.79259 -0.269258 0.167365 0.520856
763 -1.30412 -1.821 1.09422 -0.79257 -0.266316 0.166779 0.522583
764 -1.30378 -1.82681 1.10183 -0.794154 -0.266832 0.168468 0.519363
765 -1.30644 -1.83359 1.08975 -0.792231 -0.265005 0.167717 0.523463
766 -1.3066 -1.83767 1.09963 -0.792819 -0.262699 0.165388 0.524474
767 -1.32522 -1.8462 1.0893 -0.795001 -0.258486 0.164742 0.523467
768 -1.32416 -1.85247 1.08801 -0.796708 -0.258924 0.163304 0.521101
769 -1.32128 -1.85974 1.09647 -0.796202 -0.25992 0.161502 0.52194
770 -1.33355 -1.86851 1.08888 -0.795769 -0.257939 0.159042 0.524332
771 -1.34018 -1.87342 1.08609 -0.797986 -0.25514 0.159264 0.522262
772 -1.35143 -1.88319 1.08869 -0.80106 -0.251809 0.155255 0.520376
773 -1.35435 -1.89747 1.09234 -0.800833 -0.251986 0.157086 0.520089
774 -1.36134 -1.90141 1.09644 -0.80055 -0.252786 0.153407 0.521235
775 -1.36725 -1.909 1.09572 -0.801296 -0.250828 0.153231 0.521086
776 -1.36963 -1.91807 1.09787 -0.802472 -0.249031 0.153422 0.52008
777 -1.36735 -1.9219 1.09858 -0.802606 -0.247956 0.15364 0.520323
778 -1.38414 -1.92781 1.09339 -0.80331 -0.24983 0.149143 0.519647
779 -1.38792 -1.93201 1.09846 -0.801349 -0.251275 0.149517 0.521867
780 -1.39975 -1.94219 1.10352 -0.803378 -0.249462 0.150298 0.519388
781 -1.39388 -1.94592 1.10847 -0.802418 -0.249794 0.151426 0.520383
782 -1.40676 -1.9543 1.11311 -0.800752 -0.249275 0.149943 0.523617
783 -1.41079 -1.96068 1.10966 -0.799205 -0.247674 0.151939 0.526159
784 -1.40932 -1.96427 1.10629 -0.800411 -0.248718 0.152904 0.523548
785 -1.42217 -1.96845 1.11008 -0.800006 -0.249286 0.148905 0.525047
786 -1.42481 -1.9756 1.10495 -0.798196 -0.244344 0.150226 0.529728
787 -1.43594 -1.98276 1.1031 -0.800502 -0.24412 0.149061 0.526671
788 -1.44401 -1.98857 1.09808 -0.800816 -0.244517 0.148675 0.526119
789 -1.44363 -1.99683 1.10756 -0.800309 -0.247154 0.14652 0.526262
790 -1.45421 -2.00031 1.10847 -0.798714 -0.245586 0.142883 0.530404
791 -1.45614 -2.00478 1.09999 -0.799435 -0.24293 0.145468 0.529837
792 -1.45022 -2.01377 1.10462 -0.801645 -0.242112 0.147255 0.526367
793 -1.4583 -2.01243 1.10369 -0.801484 -0.241175 0.145075 0.527647
794 -1.46493 -2.0217 1.10603 -0.799925 -0.241255 0.144249 0.530196
795 -1.46647 -2.03164 1.10785 -0.799895 -0.239232 0.144085 0.531201
796 -1.47689 -2.03793 1.11069 -0.802409 -0.233906 0.144571 0.529649
797 -1.49348 -2.04209 1.1087 -0.800119 -0.237371 0.141396 0.53242
798 -1.49522 -2.04673 1.10122 -0.799004 -0.2413 0.140968 0.532443
799 -1.49692 -2.05397 1.11363 -0.798224 -0.240003 0.140743 0.534256
800 -1.4882 -2.05315 1.11203 -0.799353 -0.238825 0.145212 0.531894
801 -1.49519 -2.05737 1.10371 -0.800275 -0.237545 0.145021 0.531131
802 -1.51316 -2.0644 1.10948 -0.797091 -0.237559 0.141288 0.536888
803 -1.51367 -2.06456 1.11488 -0.797091 -0.237487 0.143565 0.536316
804 -1.51951 -2.06841 1.11313 -0.799157 -0.239929 0.141034 0.532815
805 -1.52801 -2.07087 1.10999 -0.797433 -0.240186 0.137947 0.536079
806 -1.52766 -2.07224 1.11244 -0.79635 -0.24033 0.137817 0.537657
807 -1.53475 -2.07812 1.11035 -0.797637 -0.239962 0.134365 0.536786
808 -1.53912 -2.07699 1.107 -0.798776 -0.239099 0.131982 0.536069
809 -1.5438 -2.07876 1.10795 -0.799197 -0.238792 0.130987 0.535821
810 -1.55758 -2.07899 1.10571 -0.798855 -0.233492 0.127978 0.539383
811 -1.56636 -2.08019 1.10021 -0.799375 -0.23003 0.125032 0.540789
812 -1.57572 -2.07637 1.10237 -0.799636 -0.225131 0.124038 0.54269
813 -1.57831 -2.08024 1.10568 -0.80117 -0.225686 0.124915 0.53999
814 -1.58336 -2.08459 1.10958 -0.801377 -0.228606 0.122002 0.539118
815 -1.58308 -2.08493 1.11378 -0.80036 -0.224516 0.119705 0.542851
816 -1.59801 -2.08561 1.10962 -0.800587 -0.216198 0.116885 0.546495
817 -1.61109 -2.08583 1.0991 -0.803156 -0.209063 0.11273 0.546374
818 -1.62288 -2.08636 1.10192 -0.80193 -0.208214 0.107324 0.549579
819 -1.61743 -2.09273 1.10997 -0.802666 -0.207725 0.108083 0.54854
820 -1.6363 -2.09063 1.10095 -0.803709 -0.205407 0.105844 0.548322
821 -1.62702 -2.09538 1.10646 -0.802846 -0.204514 0.105824 0.549922
822 -1.63827 -2.09574 1.10399 -0.801481 -0.201766 0.102086 0.553622
823 -1.65169 -2.10191 1.10932 -0.804254 -0.20338 0.0986535 0.549618
824 -1.64615 -2.10766 1.1108 -0.805123 -0.200421 0.0995991 0.549261
825 -1.66088 -2.10699 1.10997 -0.804843 -0.198189 0.0943879 0.551397
826 -1.66478 -2.1067 1.10817 -0.804587 -0.198564 0.0943925 0.551637
827 -1.66138 -2.11356 1.1131 -0.804948 -0.195643 0.0954324 0.551974
828 -1.67404 -2.11083 1.11439 -0.805302 -0.192636 0.0927045 0.55298
829 -1.67285 -2.1134 1.11 -0.805537 -0.191596 0.0937355 0.552824
830 -1.67813 -2.1149 1.11365 -0.805079 -0.191337 0.0927315 0.55375
831 -1.68622 -2.11608 1.11989 -0.805576 -0.19097 0.0894233 0.553698
832 -1.69098 -2.11983 1.11894 -0.805585 -0.186733 0.0883464 0.5553
833 -1.69455 -2.12526 1.12623 -0.807561 -0.188784 0.0876709 0.551834
834 -1.69829 -2.12457 1.11803 -0.806773 -0.187649 0.0850953 0.553772
835 -1.70727 -2.12744 1.11868 -0.807709 -0.184346 0.0819743 0.553989
836 -1.71164 -2.12078 1.10683 -0.80793 -0.183254 0.0851359 0.553551
837 -1.70999 -2.1332 1.1183 -0.808588 -0.183602 0.0837357 0.552688
838 -1.71742 -2.13478 1.11361 -0.806643 -0.185019 0.0809139 0.555471
839 -1.71844 -2.13976 1.12258 -0.806347 -0.186914 0.0793396 0.555494
840 -1.73244 -2.13968 1.1121 -0.806392 -0.182131 0.0789664 0.557068
841 -1.74359 -2.14019 1.10851 -0.808127 -0.183219 0.0775885 0.554383
842 -1.74004 -2.15021 1.11301 -0.808116 -0.185525 0.0780958 0.553562
843 -1.75363 -2.15383 1.1069 -0.805335 -0.18599 0.0760705 0.557724
844 -1.74199 -2.16076 1.11274 -0.806753 -0.185768 0.0775688 0.555539
845 -1.75615 -2.16004 1.11707 -0.808807 -0.186868 0.0747984 0.552555
846 -1.76386 -2.16184 1.10932 -0.809058 -0.184259 0.07403 0.553166
847 -1.75533 -2.17154 1.11334 -0.809129 -0.185238 0.074002 0.55274
848 -1.7644 -2.16767 1.10861 -0.809615 -0.185194 0.0716783 0.552349
849 -1.77521 -2.17587 1.10501 -0.809737 -0.183283 0.0701025 0.553009
850 -1.77605 -2.18316 1.11302 -0.810424 -0.182427 0.0679969 0.552548
851 -1.78766 -2.17834 1.09725 -0.8122 -0.178928 0.0677002 0.551119
852 -1.79125 -2.19242 1.11389 -0.816576 -0.181084 0.0636589 0.544389
853 -1.7779 -2.19669 1.11359 -0.814923 -0.179939 0.0647818 0.547106
854 -1.7869 -2.19681 1.10801 -0.815506 -0.177133 0.0582674 0.547886
855 -1.78233 -2.2181 1.10578 -0.821782 -0.16875 0.0599791 0.540925
856 -1.8131 -2.21087 1.10686 -0.822972 -0.169059 0.0555017 0.539496
857 -1.78719 -2.2054 1.10826 -0.818066 -0.17456 0.0588128 0.544828
858 -1.81824 -2.20703 1.10468 -0.82059 -0.170231 0.0499429 0.543286
859 -1.81596 -2.21738 1.10937 -0.821931 -0.168508 0.0531288 0.541491
860 -1.82166 -2.22175 1.1135 -0.821437 -0.166883 0.0534483 0.54271
861 -1.82677 -2.21681 1.11259 -0.822389 -0.165263 0.0524776 0.541858
862 -1.84119 -2.22133 1.11913 -0.822909 -0.167372 0.0488198 0.540762
863 -1.83945 -2.2178 1.1001 -0.821355 -0.164632 0.053882 0.543479
864 -1.8412 -2.21877 1.10699 -0.822165 -0.164868 0.0530281 0.542265
865 -1.85465 -2.21749 1.10852 -0.822401 -0.164586 0.0519123 0.542101
866 -1.86634 -2.22089 1.10242 -0.822386 -0.162346 0.0511148 0.542874
867 -1.86469 -2.22164 1.10745 -0.82181 -0.162828 0.0512552 0.543588
868 -1.87332 -2.22115 1.1141 -0.821171 -0.162149 0.0494371 0.544924
869 -1.86967 -2.22104 1.10684 -0.821783 -0.162011 0.0526708 0.543738
870 -1.87332 -2.22545 1.1063 -0.821401 -0.159604 0.0519115 0.545098
871 -1.88023 -2.22643 1.10863 -0.821189 -0.157498 0.0501071 0.546197
872 -1.88299 -2.22119 1.10245 -0.823322 -0.155222 0.0509624 0.543553
873 -1.87925 -2.23058 1.11664 -0.823929 -0.155375 0.0494185 0.542732
874 -1.88808 -2.22454 1.1022 -0.820956 -0.155049 0.0492684 0.547324
875 -1.89623 -2.23095 1.10858 -0.82216 -0.157554 0.0469066 0.545004
876 -1.9058 -2.2355 1.10747 -0.822353 -0.157393 0.046775 0.544771
877 -1.90645 -2.23122 1.10484 -0.82142 -0.155547 0.0481822 0.546582
878 -1.91101 -2.23338 1.11077 -0.820749 -0.155874 0.0466035 0.547633
879 -1.91506 -2.23144 1.10622 -0.821628 -0.155111 0.0493537 0.54629
880 -1.92196 -2.22659 1.11046 -0.822734 -0.154856 0.0471449 0.54489
881 -1.91256 -2.23474 1.10965 -0.821635 -0.154399 0.0516671 0.546267
882 -1.93137 -2.23291 1.11243 -0.822751 -0.155755 0.0500005 0.544354
883 -1.93217 -2.22901 1.12048 -0.819912 -0.159865 0.0489749 0.54753
884 -1.927 -2.23354 1.12183 -0.82085 -0.156327 0.0515453 0.54691
885 -1.9263 -2.23063 1.11389 -0.819445 -0.155885 0.0532638 0.548975
886 -1.93077 -2.23416 1.12165 -0.819365 -0.157768 0.0503182 0.548834
887 -1.93727 -2.22592 1.11502 -0.817665 -0.158232 0.0495424 0.5513
888 -1.93083 -2.22553 1.12363 -0.818757 -0.158775 0.0514177 0.549348
889 -1.92958 -2.23234 1.12099 -0.818869 -0.15725 0.0509545 0.549664
890 -1.93924 -2.22932 1.12432 -0.818649 -0.158026 0.0485086 0.54999
891 -1.93625 -2.22762 1.12033 -0.818105 -0.158833 0.0490428 0.550519
892 -1.9384 -2.22837 1.11649 -0.818517 -0.159613 0.0495976 0.549631
893 -1.93764 -2.22761 1.12645 -0.817411 -0.160856 0.0477998 0.551072
894 -1.93688 -2.22702 1.12205 -0.818262 -0.161553 0.0492645 0.549474
895 -1.93239 -2.23264 1.11488 -0.817632 -0.161265 0.050463 0.550387
896 -1.94589 -2.22297 1.11857 -0.817567 -0.160111 0.0460859 0.551204
897 -1.93938 -2.22883 1.11782 -0.816569 -0.162968 0.0454991 0.551893
898 -1.93738 -2.2265 1.11923 -0.818459 -0.163439 0.046732 0.548842
899 -1.93082 -2.23111 1.1144 -0.817986 -0.160441 0.0473473 0.550378
900 -1.92917 -2.22959 1.11362 -0.817733 -0.159783 0.0477498 0.55091
