0 -1.3815 2.3254 1.123 0.3252 0.7508 -0.5255 -0.2333
1 -1.381 2.3245 1.1228 0.3212 0.7519 -0.526 -0.2341
2 -1.3803 2.3237 1.1221 0.3256 0.7512 -0.5249 -0.2327
3 -1.3803 2.3232 1.1221 0.3266 0.7507 -0.5255 -0.2316
4 -1.3801 2.3225 1.1218 0.3261 0.7511 -0.5254 -0.2313
5 -1.3798 2.3218 1.1213 0.3239 0.7527 -0.5239 -0.2323
6 -1.3796 2.3212 1.1212 0.3233 0.7525 -0.5251 -0.2316
7 -1.3797 2.3206 1.1209 0.3242 0.7529 -0.5241 -0.231
8 -1.3794 2.3197 1.1201 0.3257 0.7548 -0.521 -0.2297
9 -1.3791 2.319 1.1198 0.3248 0.7555 -0.5208 -0.2293
10 -1.3785 2.3183 1.1193 0.3223 0.7556 -0.5215 -0.2307
11 -1.3758 2.3165 1.1182 0.3208 0.758 -0.5192 -0.2299
12 -1.3749 2.3163 1.118 0.3214 0.7571 -0.5198 -0.2307
13 -1.3731 2.3148 1.1173 0.3236 0.7573 -0.5183 -0.2305
14 -1.3712 2.314 1.1166 0.3203 0.7589 -0.5181 -0.2305
15 -1.3691 2.3124 1.1162 0.3211 0.7577 -0.5197 -0.2295
16 -1.3666 2.3113 1.1148 0.3204 0.7579 -0.5192 -0.231
17 -1.365 2.3107 1.1136 0.3211 0.7595 -0.517 -0.2298
18 -1.3637 2.3098 1.113 0.3234 0.7591 -0.5167 -0.2283
19 -1.3621 2.3087 1.1118 0.3228 0.759 -0.5171 -0.2289
20 -1.3609 2.3081 1.1107 0.3208 0.7589 -0.5174 -0.231
21 -1.3575 2.307 1.1094 0.323 0.7597 -0.5161 -0.2283
22 -1.3565 2.3063 1.109 0.3257 0.7593 -0.5153 -0.2275
23 -1.355 2.3061 1.1086 0.3268 0.7591 -0.5146 -0.2285
24 -1.3525 2.3057 1.1083 0.3254 0.7596 -0.514 -0.2301
25 -1.3498 2.3053 1.1082 0.3243 0.7601 -0.5134 -0.2314
26 -1.3466 2.3052 1.108 0.325 0.7594 -0.5134 -0.2326
27 -1.3425 2.305 1.1081 0.3252 0.7605 -0.5117 -0.2326
28 -1.3388 2.3043 1.1078 0.3284 0.7594 -0.5111 -0.233
29 -1.328 2.303 1.107 0.329 0.7584 -0.5113 -0.2348
30 -1.3227 2.3024 1.1065 0.33 0.758 -0.5109 -0.2356
31 -1.3145 2.3017 1.1058 0.331 0.7566 -0.5118 -0.2368
32 -1.3089 2.3012 1.1054 0.3321 0.7567 -0.5114 -0.2359
33 -1.3029 2.3006 1.1048 0.3329 0.7569 -0.5108 -0.2352
34 -1.2964 2.3008 1.1043 0.334 0.7563 -0.5092 -0.2394
35 -1.29 2.3003 1.1038 0.3395 0.7538 -0.5094 -0.2388
36 -1.2846 2.3 1.1033 0.3375 0.7546 -0.51 -0.2379
37 -1.2761 2.299 1.1018 0.3383 0.7538 -0.5098 -0.2396
38 -1.2713 2.2985 1.1017 0.3368 0.7537 -0.5098 -0.242
39 -1.2651 2.2978 1.1006 0.3395 0.753 -0.5101 -0.2401
40 -1.2577 2.2968 1.0992 0.3399 0.7547 -0.5079 -0.2386
41 -1.2516 2.2964 1.0981 0.3397 0.755 -0.5068 -0.2405
42 -1.2449 2.2955 1.0969 0.3404 0.7541 -0.5077 -0.2403
43 -1.2376 2.2942 1.0961 0.3404 0.758 -0.503 -0.2378
44 -1.2322 2.2928 1.0953 0.342 0.7569 -0.5035 -0.2381
45 -1.228 2.292 1.0951 0.3396 0.7573 -0.5036 -0.2401
46 -1.2179 2.2882 1.0937 0.3422 0.7586 -0.4999 -0.2398
47 -1.2072 2.2834 1.0931 0.3481 0.7567 -0.4994 -0.2385
48 -1.2031 2.2815 1.0926 0.3461 0.7595 -0.4962 -0.2392
49 -1.1988 2.2792 1.0922 0.3473 0.757 -0.4981 -0.2412
50 -1.194 2.2758 1.092 0.351 0.7552 -0.4983 -0.2412
51 -1.1913 2.2727 1.0915 0.3521 0.7554 -0.4974 -0.2407
52 -1.1887 2.2693 1.0913 0.3528 0.7566 -0.4949 -0.2411
53 -1.1839 2.2647 1.0907 0.3537 0.7533 -0.4978 -0.2441
54 -1.1806 2.2604 1.09 0.354 0.7538 -0.4973 -0.2432
55 -1.177 2.2549 1.0884 0.3543 0.7546 -0.4953 -0.2446
56 -1.1734 2.2503 1.0878 0.3564 0.7524 -0.4967 -0.2454
57 -1.1688 2.2453 1.0867 0.3594 0.75 -0.498 -0.2458
58 -1.1618 2.239 1.0853 0.3627 0.7501 -0.4954 -0.2455
59 -1.1563 2.2346 1.0859 0.3664 0.749 -0.4937 -0.2469
60 -1.1488 2.2279 1.0862 0.3707 0.7442 -0.4972 -0.248
61 -1.1365 2.2174 1.0865 0.3771 0.7445 -0.4926 -0.2465
62 -1.1293 2.2102 1.0881 0.3774 0.7404 -0.4967 -0.2505
63 -1.1234 2.2046 1.089 0.3787 0.7397 -0.496 -0.2518
64 -1.1178 2.1987 1.0899 0.3817 0.7412 -0.492 -0.2506
65 -1.1112 2.1911 1.091 0.3815 0.7381 -0.4957 -0.2528
66 -1.1054 2.1857 1.0913 0.3838 0.7368 -0.495 -0.2547
67 -1.0996 2.1808 1.0919 0.3852 0.736 -0.4942 -0.2563
68 -1.0934 2.1755 1.0922 0.3874 0.7344 -0.4952 -0.2558
69 -1.0849 2.1693 1.0913 0.3907 0.7349 -0.4911 -0.257
70 -1.0792 2.1647 1.0912 0.3929 0.7321 -0.4921 -0.26
71 -1.0715 2.1581 1.0907 0.3979 0.7294 -0.4928 -0.2586
72 -1.0661 2.1528 1.0903 0.4004 0.7284 -0.4925 -0.2581
73 -1.0605 2.1482 1.0899 0.4023 0.7268 -0.4927 -0.259
74 -1.0528 2.1422 1.0896 0.4036 0.7254 -0.494 -0.2585
75 -1.0478 2.1383 1.0893 0.4039 0.7252 -0.4938 -0.2591
76 -1.0431 2.1344 1.0894 0.4061 0.7243 -0.4933 -0.259
77 -1.0366 2.13 1.0899 0.4071 0.725 -0.4919 -0.2583
78 -1.0319 2.127 1.0903 0.4047 0.7252 -0.4924 -0.2604
79 -1.0274 2.124 1.0912 0.404 0.7252 -0.4918 -0.2626
80 -1.0222 2.12 1.0922 0.4052 0.7255 -0.491 -0.2615
81 -1.0183 2.1173 1.093 0.4046 0.7273 -0.4891 -0.261
82 -1.0147 2.1146 1.0933 0.4022 0.7285 -0.4876 -0.264
83 -1.0102 2.1108 1.0945 0.4002 0.7293 -0.487 -0.266
84 -1.0063 2.1077 1.0952 0.4002 0.731 -0.4856 -0.2642
85 -1.0024 2.1047 1.096 0.3992 0.7316 -0.4847 -0.2654
86 -0.9964 2.1011 1.0969 0.3985 0.7301 -0.4853 -0.2693
87 -0.992 2.0981 1.0974 0.3994 0.7293 -0.4858 -0.2695
88 -0.9872 2.095 1.097 0.4009 0.7303 -0.4832 -0.2691
89 -0.9803 2.0912 1.0968 0.4001 0.731 -0.4816 -0.2713
90 -0.9751 2.088 1.0965 0.3986 0.7299 -0.4835 -0.2731
91 -0.9674 2.084 1.0958 0.3992 0.7329 -0.4781 -0.2737
92 -0.9621 2.0805 1.0952 0.4004 0.7315 -0.4784 -0.275
93 -0.9564 2.077 1.095 0.4021 0.7297 -0.4789 -0.2767
94 -0.948 2.072 1.0946 0.4024 0.7293 -0.4778 -0.2791
95 -0.9414 2.0677 1.0944 0.4025 0.7293 -0.4769 -0.2807
96 -0.934 2.0629 1.0948 0.4038 0.7286 -0.4771 -0.2801
97 -0.924 2.057 1.0953 0.4056 0.7256 -0.4783 -0.2833
98 -0.9154 2.0523 1.0954 0.4081 0.7252 -0.476 -0.2844
99 -0.9035 2.0453 1.0959 0.4115 0.723 -0.4773 -0.2832
100 -0.894 2.0403 1.0959 0.4133 0.7216 -0.4772 -0.2842
101 -0.8842 2.0356 1.0953 0.4138 0.7235 -0.4745 -0.2832
102 -0.8713 2.0289 1.0941 0.4139 0.7228 -0.4749 -0.2841
103 -0.8619 2.0239 1.0928 0.4155 0.7224 -0.4746 -0.2832
104 -0.8524 2.0191 1.0914 0.4185 0.7234 -0.4709 -0.2824
105 -0.8393 2.0123 1.09 0.4207 0.7218 -0.4711 -0.2829
106 -0.8295 2.0072 1.0892 0.422 0.7209 -0.4711 -0.2834
107 -0.8195 2.0019 1.0884 0.4219 0.7221 -0.4693 -0.2836
108 -0.8098 1.9965 1.0877 0.4229 0.7209 -0.4701 -0.2837
109 -0.7972 1.9895 1.0873 0.425 0.7203 -0.4692 -0.2835
110 -0.7883 1.9841 1.0871 0.4253 0.7205 -0.4691 -0.2828
111 -0.776 1.9775 1.0865 0.4246 0.7222 -0.4663 -0.2842
112 -0.7676 1.9723 1.0861 0.4247 0.7208 -0.4676 -0.2853
113 -0.7597 1.9675 1.0856 0.426 0.72 -0.4676 -0.2855
114 -0.7519 1.9621 1.0845 0.4287 0.7198 -0.466 -0.2844
115 -0.7412 1.9552 1.0836 0.429 0.7203 -0.4655 -0.2837
116 -0.7334 1.9504 1.0827 0.4259 0.7207 -0.4664 -0.2857
117 -0.7236 1.9433 1.0812 0.4248 0.722 -0.4655 -0.2854
118 -0.7168 1.9385 1.0803 0.4252 0.724 -0.4626 -0.2847
119 -0.7104 1.9336 1.0794 0.4265 0.7228 -0.4637 -0.2841
120 -0.7022 1.9276 1.0782 0.4258 0.7252 -0.4608 -0.2836
121 -0.6971 1.9232 1.0776 0.4238 0.7255 -0.4603 -0.2867
122 -0.6933 1.9186 1.0781 0.4228 0.7251 -0.4609 -0.288
123 -0.687 1.9113 1.078 0.4265 0.7253 -0.4595 -0.2843
124 -0.6832 1.9061 1.0784 0.4263 0.7249 -0.4597 -0.2854
125 -0.6796 1.9012 1.0787 0.4244 0.7244 -0.4614 -0.2868
126 -0.6764 1.8946 1.0794 0.4237 0.7252 -0.4596 -0.2887
127 -0.6731 1.8887 1.0798 0.427 0.7236 -0.4595 -0.2878
128 -0.6696 1.8813 1.0811 0.4277 0.7219 -0.4613 -0.2882
129 -0.6672 1.8757 1.0818 0.4277 0.7217 -0.4609 -0.2896
130 -0.6645 1.8701 1.0826 0.4279 0.7207 -0.4616 -0.2907
131 -0.6616 1.8629 1.0833 0.4277 0.7197 -0.4625 -0.2919
132 -0.6579 1.8566 1.083 0.4315 0.7181 -0.4624 -0.2904
133 -0.6554 1.8508 1.0827 0.432 0.7176 -0.4627 -0.2903
134 -0.6518 1.843 1.0815 0.4306 0.7171 -0.4633 -0.2928
135 -0.6494 1.8371 1.0804 0.4313 0.7158 -0.4644 -0.2932
136 -0.6462 1.8288 1.0787 0.4328 0.7166 -0.4623 -0.2924
137 -0.6437 1.8223 1.0776 0.433 0.7177 -0.4615 -0.2906
138 -0.6415 1.8161 1.0767 0.4318 0.7161 -0.4632 -0.2938
139 -0.6377 1.8077 1.0751 0.4317 0.716 -0.463 -0.2942
140 -0.6297 1.7952 1.0742 0.4356 0.7162 -0.4597 -0.2932
141 -0.6241 1.787 1.0739 0.4359 0.7144 -0.4605 -0.296
142 -0.6197 1.7806 1.0734 0.4392 0.7147 -0.458 -0.2941
143 -0.6156 1.7742 1.0733 0.4415 0.7149 -0.4569 -0.292
144 -0.6099 1.7652 1.0728 0.4406 0.7154 -0.4556 -0.2941
145 -0.6028 1.7518 1.073 0.4401 0.7138 -0.4571 -0.2966
146 -0.5984 1.7427 1.0732 0.4435 0.7135 -0.4547 -0.2958
147 -0.594 1.7362 1.0731 0.445 0.7114 -0.4554 -0.2976
148 -0.5898 1.7296 1.0729 0.4451 0.7095 -0.4572 -0.2993
149 -0.5835 1.7208 1.0729 0.4489 0.709 -0.4547 -0.2984
150 -0.579 1.7142 1.0725 0.4521 0.7073 -0.4541 -0.2986
151 -0.5741 1.7072 1.0719 0.4538 0.707 -0.4532 -0.298
152 -0.5673 1.6987 1.0712 0.4537 0.7072 -0.4521 -0.2995
153 -0.5628 1.6923 1.0702 0.454 0.7064 -0.4521 -0.301
154 -0.558 1.686 1.0698 0.4568 0.7073 -0.4493 -0.2986
155 -0.5529 1.6779 1.0688 0.4594 0.7061 -0.4476 -0.3001
156 -0.5493 1.6719 1.0682 0.4591 0.7059 -0.4476 -0.3011
157 -0.5456 1.6656 1.0676 0.4611 0.7051 -0.4471 -0.3006
158 -0.5409 1.6577 1.0676 0.4638 0.7023 -0.4494 -0.2995
159 -0.5376 1.6517 1.0667 0.464 0.7018 -0.4494 -0.3003
160 -0.5335 1.6459 1.0657 0.4635 0.7032 -0.4481 -0.2999
161 -0.5279 1.6387 1.0652 0.462 0.704 -0.4491 -0.2987
162 -0.5243 1.634 1.0641 0.4632 0.7036 -0.4482 -0.2993
163 -0.5203 1.6285 1.063 0.4655 0.7019 -0.4481 -0.2998
164 -0.5169 1.6244 1.062 0.466 0.7034 -0.4465 -0.298
165 -0.5134 1.6205 1.0609 0.465 0.7052 -0.4442 -0.2986
166 -0.509 1.6159 1.0605 0.4621 0.7045 -0.4461 -0.3018
167 -0.5063 1.6125 1.0607 0.4627 0.7036 -0.4466 -0.3023
168 -0.5034 1.609 1.0608 0.4635 0.7062 -0.4431 -0.3003
169 -0.4999 1.6041 1.061 0.4618 0.7059 -0.4435 -0.3029
170 -0.4982 1.602 1.0609 0.4607 0.7056 -0.4439 -0.3045
171 -0.4937 1.5956 1.0607 0.4607 0.7096 -0.4397 -0.3016
172 -0.491 1.5911 1.0612 0.461 0.7082 -0.4407 -0.3028
173 -0.4879 1.5873 1.0615 0.4611 0.7062 -0.4423 -0.305
174 -0.4797 1.577 1.0607 0.4651 0.7068 -0.4386 -0.3029
175 -0.4761 1.5722 1.0611 0.4656 0.7058 -0.4385 -0.3044
176 -0.471 1.5652 1.0611 0.4651 0.7035 -0.4416 -0.3063
177 -0.4686 1.5618 1.0611 0.4646 0.7035 -0.4417 -0.307
178 -0.4639 1.5546 1.061 0.4665 0.7028 -0.4404 -0.3073
179 -0.4592 1.5469 1.0608 0.4705 0.7011 -0.4399 -0.3059
180 -0.456 1.541 1.0608 0.4721 0.6984 -0.4414 -0.3074
181 -0.4519 1.5343 1.0601 0.4728 0.6983 -0.4404 -0.3081
182 -0.4463 1.5258 1.0604 0.4733 0.695 -0.4432 -0.3108
183 -0.4422 1.5193 1.0605 0.4763 0.6923 -0.4435 -0.3116
184 -0.4377 1.5127 1.0602 0.4807 0.6897 -0.4429 -0.3116
185 -0.4308 1.5034 1.0602 0.4837 0.6873 -0.4438 -0.3108
186 -0.4253 1.4967 1.0599 0.4843 0.6861 -0.4439 -0.3125
187 -0.4191 1.4898 1.0592 0.4851 0.6877 -0.4406 -0.3126
188 -0.4112 1.4804 1.0591 0.4882 0.6875 -0.4394 -0.3098
189 -0.4058 1.4735 1.059 0.4892 0.6866 -0.4388 -0.3109
190 -0.4002 1.4663 1.0594 0.4896 0.6867 -0.4376 -0.3116
191 -0.3931 1.4572 1.0592 0.4894 0.6878 -0.4368 -0.311
192 -0.3825 1.444 1.0589 0.4931 0.6861 -0.4356 -0.3105
193 -0.3758 1.4363 1.0582 0.4932 0.6835 -0.4372 -0.3137
194 -0.3699 1.4302 1.058 0.4943 0.685 -0.4359 -0.3105
195 -0.3647 1.4246 1.0576 0.495 0.6849 -0.4342 -0.3118
196 -0.3579 1.4176 1.0567 0.4969 0.6856 -0.4308 -0.3121
197 -0.3527 1.412 1.0561 0.4978 0.6855 -0.4305 -0.3115
198 -0.346 1.4047 1.0556 0.4981 0.6866 -0.4273 -0.3127
199 -0.3414 1.3992 1.0552 0.497 0.6863 -0.4268 -0.3159
200 -0.3368 1.3939 1.0552 0.4982 0.6851 -0.4267 -0.3168
201 -0.331 1.3858 1.0557 0.5016 0.6831 -0.4261 -0.3165
202 -0.3269 1.3801 1.0561 0.5033 0.6818 -0.425 -0.3181
203 -0.3232 1.3735 1.0558 0.5024 0.6816 -0.426 -0.3186
204 -0.3177 1.3644 1.0566 0.5017 0.6814 -0.4269 -0.3191
205 -0.3144 1.3577 1.0569 0.5013 0.681 -0.4271 -0.3202
206 -0.3105 1.3485 1.0572 0.5032 0.6794 -0.4287 -0.3184
207 -0.3081 1.3413 1.057 0.5038 0.6781 -0.4295 -0.3193
208 -0.3055 1.3338 1.0572 0.5034 0.6778 -0.4307 -0.3189
209 -0.3021 1.3235 1.057 0.5024 0.6788 -0.4311 -0.3177
210 -0.2994 1.3161 1.0572 0.502 0.6787 -0.4325 -0.3167
211 -0.2975 1.309 1.0575 0.5002 0.6776 -0.435 -0.3185
212 -0.295 1.2996 1.0574 0.5006 0.678 -0.4352 -0.3166
213 -0.2931 1.2925 1.0575 0.5006 0.6788 -0.4356 -0.3145
214 -0.2912 1.2858 1.0577 0.5 0.6791 -0.4358 -0.3146
215 -0.2885 1.2775 1.0571 0.498 0.6796 -0.4358 -0.3166
216 -0.2867 1.2716 1.0572 0.4969 0.6798 -0.4361 -0.3173
217 -0.2848 1.2655 1.058 0.4987 0.6784 -0.4375 -0.3156
218 -0.2833 1.2579 1.0585 0.4986 0.6771 -0.4391 -0.3166
219 -0.2823 1.2525 1.0584 0.4984 0.6796 -0.4345 -0.3178
220 -0.2817 1.2462 1.0592 0.4956 0.6775 -0.4401 -0.319
221 -0.281 1.2391 1.0616 0.4939 0.6747 -0.4423 -0.3245
222 -0.2801 1.2329 1.0631 0.4952 0.6753 -0.4415 -0.3222
223 -0.2801 1.2273 1.0644 0.4939 0.6745 -0.4426 -0.3245
224 -0.2803 1.2195 1.0667 0.4941 0.6731 -0.4431 -0.3262
225 -0.2809 1.211 1.0688 0.4939 0.673 -0.4431 -0.3269
226 -0.2816 1.1972 1.0719 0.4911 0.672 -0.4467 -0.3282
227 -0.282 1.19 1.0727 0.4884 0.6734 -0.4464 -0.3297
228 -0.2829 1.1825 1.0736 0.487 0.6722 -0.448 -0.332
229 -0.2836 1.1728 1.075 0.4878 0.6729 -0.447 -0.3308
230 -0.2849 1.1648 1.0759 0.4857 0.6721 -0.4493 -0.3323
231 -0.2851 1.157 1.0768 0.4849 0.6718 -0.45 -0.3332
232 -0.2845 1.1464 1.0776 0.4845 0.6719 -0.4504 -0.3331
233 -0.2837 1.1389 1.0781 0.4853 0.6707 -0.4511 -0.3335
234 -0.2811 1.129 1.0788 0.4876 0.67 -0.4497 -0.3333
235 -0.2791 1.1214 1.0788 0.4869 0.6711 -0.4496 -0.3323
236 -0.2771 1.1143 1.0787 0.4862 0.6725 -0.4473 -0.3335
237 -0.2757 1.1048 1.0786 0.4849 0.6716 -0.4485 -0.3357
238 -0.2746 1.098 1.0787 0.4852 0.6712 -0.4488 -0.3357
239 -0.2732 1.0916 1.0787 0.4869 0.6718 -0.4468 -0.3348
240 -0.2714 1.0828 1.0789 0.488 0.6722 -0.444 -0.3361
241 -0.2697 1.0763 1.0794 0.4888 0.6708 -0.4445 -0.3368
242 -0.2674 1.0675 1.0799 0.4911 0.6702 -0.4434 -0.3362
243 -0.2668 1.0609 1.0794 0.4921 0.67 -0.4415 -0.3376
244 -0.2666 1.0532 1.0795 0.4926 0.6673 -0.4461 -0.3361
245 -0.2656 1.0436 1.0794 0.4917 0.6671 -0.4462 -0.3377
246 -0.2643 1.0284 1.0803 0.4924 0.6635 -0.4491 -0.3401
247 -0.2639 1.018 1.0803 0.4944 0.6632 -0.4485 -0.3386
248 -0.2631 1.0022 1.0815 0.4954 0.6609 -0.4498 -0.3399
249 -0.2624 0.9844 1.0823 0.4959 0.6594 -0.4513 -0.3401
250 -0.2626 0.9766 1.0828 0.4974 0.6581 -0.4524 -0.339
251 -0.2623 0.967 1.083 0.496 0.6578 -0.4539 -0.3395
252 -0.2618 0.96 1.0828 0.4939 0.6586 -0.4544 -0.3404
253 -0.2605 0.9519 1.082 0.4925 0.6585 -0.4557 -0.3409
254 -0.2582 0.9412 1.0804 0.496 0.6603 -0.452 -0.3373
255 -0.2573 0.9365 1.0798 0.4954 0.6616 -0.4504 -0.3377
256 -0.257 0.9307 1.0792 0.4923 0.6629 -0.4499 -0.3403
257 -0.2568 0.9264 1.0791 0.4933 0.6623 -0.4497 -0.3403
258 -0.2564 0.9221 1.0789 0.4954 0.663 -0.4482 -0.3378
259 -0.2564 0.917 1.0786 0.4939 0.6631 -0.448 -0.34
260 -0.2561 0.9132 1.0784 0.4926 0.6624 -0.4494 -0.3416
261 -0.256 0.9098 1.0778 0.493 0.6616 -0.4499 -0.3418
262 -0.2549 0.905 1.0767 0.4972 0.6627 -0.4458 -0.3389
263 -0.2537 0.902 1.0759 0.4971 0.6637 -0.4441 -0.3395
264 -0.2519 0.8992 1.0752 0.4955 0.6629 -0.4445 -0.3428
265 -0.2502 0.8942 1.0732 0.4971 0.661 -0.446 -0.3421
266 -0.2488 0.8916 1.0722 0.5013 0.6616 -0.4415 -0.3405
267 -0.2473 0.8874 1.0707 0.5044 0.6597 -0.4422 -0.339
268 -0.2462 0.8847 1.07 0.5033 0.6602 -0.4411 -0.3409
269 -0.2452 0.8819 1.0695 0.5029 0.6594 -0.4411 -0.3432
270 -0.2437 0.8783 1.0695 0.507 0.657 -0.4411 -0.3416
271 -0.2424 0.8759 1.0694 0.5093 0.6553 -0.4403 -0.3425
272 -0.2408 0.8733 1.0692 0.509 0.6543 -0.441 -0.344
273 -0.2395 0.8694 1.0692 0.5085 0.655 -0.4392 -0.3458
274 -0.2386 0.8663 1.0691 0.5076 0.6541 -0.4403 -0.3473
275 -0.2379 0.8628 1.0688 0.5086 0.6531 -0.4382 -0.3504
276 -0.2372 0.8591 1.0689 0.5115 0.6537 -0.4343 -0.35
277 -0.2363 0.8551 1.0691 0.5119 0.6536 -0.434 -0.3499
278 -0.2326 0.8438 1.0698 0.5101 0.6532 -0.4324 -0.3552
279 -0.2306 0.8381 1.0699 0.5108 0.6524 -0.4323 -0.3557
280 -0.228 0.8304 1.0704 0.5118 0.6502 -0.4328 -0.3577
281 -0.2258 0.8241 1.0707 0.5114 0.6495 -0.4325 -0.3601
282 -0.2237 0.8176 1.0711 0.5107 0.6491 -0.4323 -0.3619
283 -0.2204 0.8082 1.0711 0.5125 0.648 -0.4323 -0.3613
284 -0.2173 0.8009 1.071 0.513 0.6496 -0.4303 -0.3602
285 -0.2141 0.793 1.071 0.5129 0.6508 -0.4283 -0.3605
286 -0.2093 0.7829 1.0711 0.5125 0.651 -0.4268 -0.3625
287 -0.2058 0.7743 1.0712 0.5119 0.6526 -0.426 -0.3612
288 -0.2019 0.765 1.0715 0.5112 0.6554 -0.4244 -0.3592
289 -0.197 0.7527 1.0722 0.5094 0.6558 -0.4256 -0.3595
290 -0.193 0.7435 1.0726 0.5103 0.6561 -0.4249 -0.3587
291 -0.1895 0.7341 1.0733 0.5106 0.6561 -0.4263 -0.3565
292 -0.1852 0.7218 1.0738 0.5103 0.6578 -0.425 -0.3554
293 -0.1819 0.7131 1.0742 0.5094 0.6575 -0.4255 -0.3566
294 -0.1785 0.7047 1.0746 0.5088 0.6574 -0.4262 -0.3569
295 -0.1734 0.6935 1.075 0.5095 0.6585 -0.4244 -0.3559
296 -0.1587 0.6665 1.0761 0.5118 0.6571 -0.4251 -0.3545
297 -0.1544 0.6598 1.0757 0.5127 0.6556 -0.4249 -0.3559
298 -0.1441 0.6451 1.0746 0.5144 0.6545 -0.4243 -0.3564
299 -0.1398 0.6392 1.0743 0.5143 0.6541 -0.4243 -0.3574
300 -0.134 0.6316 1.0734 0.5152 0.6529 -0.4246 -0.3578
301 -0.1251 0.6224 1.073 0.5192 0.651 -0.4208 -0.3598
302 -0.1197 0.6159 1.0724 0.5195 0.6503 -0.421 -0.3605
303 -0.1161 0.6107 1.072 0.5192 0.6504 -0.4212 -0.3605
304 -0.1114 0.6047 1.0718 0.5198 0.6483 -0.4222 -0.3624
305 -0.1084 0.6005 1.0714 0.5204 0.6471 -0.4232 -0.3624
306 -0.1054 0.5958 1.0708 0.5207 0.6489 -0.4205 -0.3618
307 -0.1018 0.5897 1.0707 0.5204 0.6476 -0.421 -0.364
308 -0.0989 0.5848 1.0706 0.5225 0.6476 -0.4194 -0.3629
309 -0.0967 0.5802 1.0704 0.5239 0.6471 -0.4182 -0.3633
310 -0.0915 0.5676 1.0701 0.5238 0.6431 -0.4211 -0.367
311 -0.089 0.562 1.0704 0.5244 0.6454 -0.4192 -0.3644
312 -0.0863 0.5553 1.0703 0.523 0.6449 -0.417 -0.3697
313 -0.0842 0.5503 1.0701 0.5235 0.6425 -0.4183 -0.3718
314 -0.0824 0.5451 1.0704 0.5247 0.6394 -0.4229 -0.3702
315 -0.0803 0.5383 1.0699 0.5259 0.6407 -0.4207 -0.3687
316 -0.0785 0.5335 1.0696 0.5246 0.6419 -0.418 -0.3714
317 -0.0762 0.5288 1.0695 0.5223 0.6409 -0.4208 -0.3734
318 -0.0741 0.5226 1.069 0.5215 0.643 -0.4207 -0.3708
319 -0.0733 0.5189 1.0686 0.5214 0.6456 -0.4153 -0.3726
320 -0.0726 0.5157 1.0694 0.5202 0.6448 -0.4151 -0.3759
321 -0.0725 0.5123 1.0708 0.5203 0.6436 -0.4135 -0.3795
322 -0.0724 0.5095 1.0715 0.5217 0.6469 -0.4091 -0.3769
323 -0.0726 0.5064 1.0715 0.52 0.6463 -0.4111 -0.3781
324 -0.0725 0.5046 1.0731 0.5181 0.645 -0.4103 -0.3837
325 -0.0724 0.5033 1.0732 0.5195 0.6439 -0.4086 -0.3855
326 -0.0728 0.502 1.0737 0.5224 0.6432 -0.4049 -0.3866
327 -0.0731 0.5002 1.0741 0.5237 0.6425 -0.4033 -0.3876
328 -0.0737 0.4986 1.0745 0.5237 0.6398 -0.4041 -0.3913
329 -0.074 0.4967 1.0745 0.5258 0.6388 -0.4032 -0.3911
330 -0.0747 0.4932 1.0741 0.5269 0.64 -0.4018 -0.389
331 -0.0756 0.4899 1.0736 0.5269 0.6386 -0.4004 -0.3929
332 -0.0775 0.4833 1.0726 0.5316 0.6359 -0.4004 -0.3907
333 -0.0788 0.4793 1.0718 0.5336 0.6366 -0.3981 -0.3894
334 -0.0809 0.4733 1.0706 0.5309 0.6373 -0.3975 -0.3924
335 -0.083 0.468 1.0698 0.5288 0.6368 -0.4011 -0.3923
336 -0.0849 0.463 1.0689 0.5318 0.6373 -0.3983 -0.3904
337 -0.0882 0.4559 1.0677 0.5369 0.6357 -0.396 -0.3884
338 -0.0908 0.45 1.0672 0.5373 0.6347 -0.3971 -0.3882
339 -0.093 0.4433 1.0668 0.536 0.6356 -0.3975 -0.3883
340 -0.0968 0.4341 1.067 0.5337 0.6359 -0.3976 -0.3907
341 -0.0997 0.4273 1.0671 0.5355 0.6349 -0.3987 -0.3888
342 -0.1035 0.4175 1.0667 0.5385 0.6348 -0.3985 -0.385
343 -0.1061 0.4106 1.0662 0.5383 0.6358 -0.3963 -0.386
344 -0.109 0.4033 1.0661 0.5365 0.6351 -0.3989 -0.3868
345 -0.1129 0.3935 1.0659 0.5369 0.6362 -0.3983 -0.3852
346 -0.1161 0.3863 1.0658 0.5374 0.6362 -0.3969 -0.3859
347 -0.119 0.3795 1.0659 0.5374 0.6335 -0.3991 -0.388
348 -0.1224 0.3699 1.0657 0.539 0.6322 -0.3998 -0.3872
349 -0.1251 0.3635 1.0655 0.541 0.631 -0.3982 -0.3881
350 -0.1278 0.357 1.0656 0.5436 0.6283 -0.3983 -0.3887
351 -0.1313 0.3479 1.0656 0.5451 0.6267 -0.3996 -0.388
352 -0.1333 0.3409 1.0656 0.5445 0.6281 -0.3987 -0.3874
353 -0.1355 0.3341 1.0653 0.542 0.6293 -0.3983 -0.3893
354 -0.1381 0.3265 1.0647 0.5414 0.6293 -0.3972 -0.3913
355 -0.1403 0.3212 1.0644 0.5436 0.6282 -0.3954 -0.3919
356 -0.1427 0.3154 1.0643 0.5464 0.627 -0.3959 -0.3893
357 -0.1455 0.3082 1.0642 0.5454 0.6274 -0.3953 -0.3908
358 -0.1474 0.3032 1.064 0.5433 0.6277 -0.3941 -0.3944
359 -0.1491 0.2982 1.0638 0.543 0.6262 -0.3956 -0.3957
360 -0.1513 0.2921 1.0637 0.5476 0.6239 -0.3955 -0.3929
361 -0.1523 0.2879 1.0641 0.5488 0.6232 -0.3951 -0.3929
362 -0.1527 0.284 1.0641 0.5483 0.6215 -0.394 -0.3972
363 -0.1538 0.2787 1.0647 0.5491 0.6195 -0.395 -0.3984
364 -0.1546 0.2754 1.0654 0.5523 0.6191 -0.3912 -0.3983
365 -0.1555 0.2722 1.0662 0.5525 0.6169 -0.3914 -0.4012
366 -0.1563 0.2682 1.067 0.5517 0.6156 -0.3913 -0.4043
367 -0.157 0.2652 1.0673 0.5532 0.615 -0.3882 -0.4063
368 -0.1578 0.261 1.0676 0.5553 0.6128 -0.3869 -0.408
369 -0.1589 0.2577 1.0678 0.5564 0.6105 -0.3873 -0.4094
370 -0.1596 0.254 1.0677 0.5566 0.608 -0.388 -0.4122
371 -0.1614 0.2487 1.0669 0.5573 0.6073 -0.3879 -0.4125
372 -0.1634 0.2446 1.0671 0.5585 0.6087 -0.386 -0.4106
373 -0.1651 0.2407 1.0687 0.5566 0.6071 -0.3877 -0.4138
374 -0.1669 0.2354 1.0708 0.5528 0.6072 -0.3891 -0.4176
375 -0.1678 0.2317 1.0724 0.5525 0.6062 -0.3885 -0.4199
376 -0.1688 0.2272 1.0747 0.5556 0.6033 -0.3874 -0.421
377 -0.1692 0.2241 1.0768 0.5591 0.6014 -0.3878 -0.4186
378 -0.1698 0.22 1.0781 0.5593 0.5995 -0.3873 -0.4217
379 -0.1704 0.2141 1.08 0.5581 0.5978 -0.3862 -0.4267
380 -0.1707 0.2097 1.0813 0.5587 0.5959 -0.3862 -0.4284
381 -0.1714 0.2053 1.0824 0.5615 0.5936 -0.3842 -0.4298
382 -0.1718 0.1994 1.0832 0.5629 0.5929 -0.3808 -0.432
383 -0.1722 0.1943 1.0838 0.5625 0.5928 -0.3788 -0.4345
384 -0.1725 0.1866 1.0844 0.5628 0.5897 -0.3797 -0.4374
385 -0.1724 0.1805 1.0845 0.5653 0.5881 -0.378 -0.4379
386 -0.1717 0.1741 1.0848 0.568 0.5855 -0.3762 -0.4393
387 -0.1708 0.1676 1.085 0.5692 0.5834 -0.3774 -0.4397
388 -0.1708 0.1592 1.0847 0.5714 0.5828 -0.3728 -0.4413
389 -0.1714 0.1527 1.0851 0.5762 0.5811 -0.3681 -0.4414
390 -0.1726 0.1453 1.0859 0.579 0.5781 -0.3694 -0.4405
391 -0.1743 0.1352 1.0872 0.5792 0.5766 -0.3709 -0.441
392 -0.1758 0.1275 1.0874 0.5782 0.5768 -0.3703 -0.4425
393 -0.1778 0.1199 1.0875 0.578 0.5761 -0.3716 -0.4427
394 -0.18 0.1097 1.0875 0.5811 0.5744 -0.3714 -0.441
395 -0.1815 0.1027 1.0872 0.5803 0.5753 -0.3705 -0.4417
396 -0.1833 0.0957 1.0867 0.5794 0.5751 -0.37 -0.4435
397 -0.1854 0.0873 1.0866 0.5794 0.5732 -0.3711 -0.4451
398 -0.1876 0.0819 1.086 0.5822 0.5702 -0.3708 -0.4454
399 -0.1896 0.0763 1.0858 0.585 0.569 -0.37 -0.4439
400 -0.1923 0.0697 1.0857 0.5852 0.567 -0.3707 -0.4457
401 -0.1947 0.065 1.086 0.5856 0.5655 -0.3697 -0.4479
402 -0.1971 0.0602 1.0863 0.586 0.5645 -0.371 -0.4476
403 -0.1993 0.0536 1.0864 0.5859 0.5638 -0.3727 -0.4471
404 -0.2006 0.0499 1.0858 0.5843 0.5643 -0.372 -0.4493
405 -0.2028 0.046 1.0847 0.5899 0.5618 -0.3672 -0.4489
406 -0.2046 0.0428 1.0848 0.5976 0.5581 -0.3661 -0.4443
407 -0.2057 0.0391 1.0845 0.6006 0.5583 -0.3664 -0.4397
408 -0.207 0.0344 1.0837 0.5959 0.5594 -0.3655 -0.4454
409 -0.2076 0.031 1.0835 0.5942 0.5589 -0.366 -0.4479
410 -0.209 0.0275 1.0834 0.5967 0.5573 -0.3671 -0.4456
411 -0.2108 0.0232 1.0836 0.6011 0.5562 -0.3648 -0.443
412 -0.2121 0.0205 1.0839 0.601 0.5553 -0.3648 -0.4442
413 -0.2142 0.0162 1.0843 0.6001 0.5557 -0.3646 -0.4451
414 -0.2161 0.0139 1.0845 0.6009 0.5555 -0.3633 -0.4453
415 -0.2184 0.0115 1.085 0.6033 0.5532 -0.3619 -0.4461
416 -0.2219 0.0079 1.0859 0.6045 0.5511 -0.3625 -0.4466
417 -0.2243 0.005 1.0864 0.6049 0.5512 -0.3612 -0.4471
418 -0.2262 0.0016 1.0861 0.6048 0.5522 -0.3585 -0.4481
419 -0.2294 -0.0026 1.086 0.6064 0.5494 -0.3576 -0.4502
420 -0.2328 -0.0063 1.0855 0.6088 0.5462 -0.3585 -0.45
421 -0.236 -0.0106 1.0846 0.6118 0.5464 -0.3565 -0.4473
422 -0.2407 -0.0168 1.0839 0.6121 0.5435 -0.3561 -0.4507
423 -0.2449 -0.0216 1.0833 0.6134 0.5411 -0.3571 -0.4511
424 -0.2492 -0.0274 1.0826 0.6164 0.5401 -0.357 -0.4482
425 -0.2544 -0.0357 1.0815 0.6163 0.5406 -0.3571 -0.4476
426 -0.258 -0.0418 1.0806 0.615 0.5402 -0.3569 -0.4501
427 -0.2615 -0.0475 1.0798 0.6175 0.5379 -0.3548 -0.4511
428 -0.2662 -0.0561 1.0794 0.6254 0.5324 -0.355 -0.4466
429 -0.2691 -0.0628 1.0789 0.6271 0.5339 -0.3535 -0.4435
430 -0.2721 -0.0699 1.0784 0.6244 0.5356 -0.3511 -0.4472
431 -0.2758 -0.0795 1.0783 0.6209 0.5355 -0.351 -0.4522
432 -0.2782 -0.0869 1.078 0.6254 0.5358 -0.35 -0.4464
433 -0.2808 -0.0938 1.0782 0.6286 0.5351 -0.3473 -0.4449
434 -0.2842 -0.1024 1.0783 0.6281 0.5317 -0.3469 -0.4499
435 -0.2875 -0.1092 1.0778 0.6298 0.5313 -0.3472 -0.4479
436 -0.2906 -0.1162 1.0774 0.6329 0.532 -0.3459 -0.4436
437 -0.2956 -0.1236 1.0771 0.6331 0.5301 -0.3438 -0.4472
438 -0.2996 -0.1293 1.0767 0.6351 0.5272 -0.3431 -0.4484
439 -0.3041 -0.1353 1.0765 0.6387 0.5259 -0.3433 -0.4446
440 -0.3102 -0.1428 1.0767 0.6416 0.5224 -0.3422 -0.4454
441 -0.315 -0.148 1.0768 0.6408 0.5208 -0.3417 -0.4486
442 -0.3213 -0.1555 1.076 0.6411 0.5216 -0.342 -0.4472
443 -0.327 -0.1606 1.0757 0.6425 0.5217 -0.3413 -0.4455
444 -0.3325 -0.1656 1.0752 0.643 0.5198 -0.3401 -0.448
445 -0.3401 -0.1716 1.0736 0.6436 0.5173 -0.3408 -0.4496
446 -0.3459 -0.1768 1.072 0.6456 0.5171 -0.3411 -0.4466
447 -0.3512 -0.1816 1.0706 0.6468 0.5171 -0.3389 -0.4466
448 -0.3566 -0.1875 1.0687 0.6476 0.5157 -0.3379 -0.4477
449 -0.3605 -0.1919 1.068 0.6516 0.5151 -0.336 -0.4441
450 -0.3664 -0.1979 1.0683 0.6525 0.5118 -0.336 -0.4466
451 -0.37 -0.2019 1.0678 0.6504 0.5146 -0.3339 -0.4479
452 -0.3739 -0.2059 1.0678 0.6509 0.5154 -0.3314 -0.4481
453 -0.3804 -0.2109 1.0692 0.6516 0.5126 -0.3337 -0.4487
454 -0.3849 -0.2145 1.0701 0.6522 0.5116 -0.3343 -0.4485
455 -0.3883 -0.2179 1.0709 0.6524 0.5111 -0.331 -0.4511
456 -0.3917 -0.221 1.0722 0.6519 0.5073 -0.3327 -0.4549
457 -0.3965 -0.2258 1.0738 0.6546 0.507 -0.334 -0.4505
458 -0.4 -0.2294 1.075 0.6539 0.5088 -0.3321 -0.4508
459 -0.4044 -0.2336 1.0765 0.6498 0.5062 -0.3324 -0.4594
460 -0.4072 -0.2373 1.0775 0.6518 0.5045 -0.333 -0.458
461 -0.4105 -0.2411 1.0783 0.6541 0.5049 -0.331 -0.4558
462 -0.4147 -0.246 1.0793 0.652 0.5054 -0.329 -0.4597
463 -0.4177 -0.2503 1.0799 0.6513 0.5046 -0.3295 -0.4611
464 -0.4216 -0.2548 1.0799 0.6523 0.5043 -0.3304 -0.4594
465 -0.4261 -0.2607 1.0797 0.6546 0.5034 -0.3282 -0.4586
466 -0.4292 -0.2659 1.0799 0.6534 0.5006 -0.3309 -0.4614
467 -0.4323 -0.2709 1.0796 0.6537 0.4989 -0.3316 -0.4624
468 -0.4361 -0.2782 1.0783 0.6571 0.4985 -0.3286 -0.4601
469 -0.4386 -0.2835 1.0774 0.6585 0.4962 -0.3287 -0.4606
470 -0.4412 -0.2886 1.0768 0.6592 0.4917 -0.3299 -0.4635
471 -0.4447 -0.2961 1.0757 0.6622 0.4904 -0.3273 -0.4624
472 -0.447 -0.3023 1.0763 0.6643 0.4881 -0.3285 -0.461
473 -0.4492 -0.3086 1.0763 0.6647 0.4838 -0.3298 -0.4642
474 -0.4517 -0.3164 1.0761 0.6655 0.4825 -0.327 -0.4662
475 -0.4561 -0.3291 1.076 0.671 0.4797 -0.3262 -0.4619
476 -0.4593 -0.3374 1.0761 0.6711 0.4773 -0.3235 -0.466
477 -0.4626 -0.3439 1.0764 0.6725 0.4751 -0.3245 -0.4655
478 -0.4664 -0.3534 1.0772 0.674 0.4773 -0.3249 -0.4608
479 -0.469 -0.3601 1.0774 0.6711 0.4777 -0.3236 -0.4655
480 -0.4708 -0.3667 1.0773 0.6712 0.4776 -0.3206 -0.4675
481 -0.4735 -0.3762 1.0786 0.6744 0.4744 -0.3223 -0.465
482 -0.4754 -0.3832 1.0792 0.675 0.4746 -0.3218 -0.4642
483 -0.4773 -0.3901 1.0795 0.6735 0.4759 -0.3188 -0.4671
484 -0.4795 -0.3994 1.0806 0.6737 0.474 -0.3177 -0.4696
485 -0.4819 -0.4059 1.0818 0.6767 0.471 -0.3186 -0.4677
486 -0.485 -0.4157 1.0831 0.6798 0.4719 -0.3161 -0.464
487 -0.4876 -0.4229 1.0842 0.6767 0.4717 -0.316 -0.4687
488 -0.4899 -0.43 1.0852 0.6748 0.4705 -0.317 -0.472
489 -0.4933 -0.439 1.0857 0.6777 0.4683 -0.317 -0.47
490 -0.4959 -0.4459 1.0866 0.6804 0.4676 -0.3158 -0.4677
491 -0.4985 -0.4529 1.0876 0.6793 0.4652 -0.3174 -0.4704
492 -0.5018 -0.4621 1.0881 0.6765 0.4673 -0.3179 -0.4721
493 -0.5043 -0.4689 1.088 0.6759 0.4687 -0.3171 -0.4721
494 -0.5067 -0.4751 1.088 0.6774 0.468 -0.3169 -0.4707
495 -0.5096 -0.4833 1.0871 0.6786 0.4671 -0.3178 -0.4694
496 -0.5113 -0.4889 1.086 0.6794 0.4688 -0.3157 -0.468
497 -0.5133 -0.4941 1.0854 0.6801 0.4684 -0.3136 -0.4687
498 -0.5162 -0.5008 1.0844 0.6819 0.4668 -0.3148 -0.4669
499 -0.5185 -0.5064 1.0835 0.6833 0.468 -0.3145 -0.4638
500 -0.5206 -0.5116 1.0825 0.6832 0.4696 -0.3122 -0.464
501 -0.524 -0.5179 1.0819 0.6827 0.4669 -0.3133 -0.4667
502 -0.5268 -0.5226 1.0814 0.6856 0.4661 -0.3128 -0.4635
503 -0.5298 -0.5275 1.0813 0.6866 0.4665 -0.3121 -0.4621
504 -0.5338 -0.5337 1.0817 0.6832 0.4674 -0.3123 -0.466
505 -0.537 -0.5379 1.0823 0.682 0.4672 -0.3125 -0.4678
506 -0.5407 -0.5425 1.0829 0.6841 0.4659 -0.3127 -0.466
507 -0.5458 -0.5486 1.0843 0.6858 0.4652 -0.3131 -0.464
508 -0.5492 -0.5534 1.0851 0.6837 0.4658 -0.3136 -0.4661
509 -0.5527 -0.5587 1.0856 0.6823 0.466 -0.3143 -0.4674
510 -0.5577 -0.5657 1.0862 0.6829 0.4649 -0.3157 -0.4667
511 -0.5616 -0.5708 1.0867 0.6836 0.4635 -0.3163 -0.4667
512 -0.5655 -0.5761 1.0868 0.6823 0.4634 -0.3173 -0.468
513 -0.5703 -0.5833 1.0865 0.6824 0.4631 -0.3179 -0.4677
514 -0.5737 -0.5883 1.0864 0.6835 0.4618 -0.3179 -0.4675
515 -0.577 -0.5952 1.0861 0.6855 0.4614 -0.3162 -0.4662
516 -0.5791 -0.6006 1.0864 0.6859 0.4605 -0.3161 -0.4665
517 -0.5811 -0.6061 1.0865 0.6858 0.4612 -0.3151 -0.4666
518 -0.584 -0.613 1.0869 0.6856 0.4596 -0.3143 -0.469
519 -0.5869 -0.62 1.0874 0.6887 0.4576 -0.3137 -0.4668
520 -0.5914 -0.631 1.0888 0.6869 0.4571 -0.3129 -0.4705
521 -0.5933 -0.6364 1.0892 0.6867 0.4562 -0.3132 -0.4714
522 -0.5957 -0.6432 1.0897 0.6898 0.4542 -0.3115 -0.4699
523 -0.5974 -0.6483 1.09 0.6926 0.4504 -0.3106 -0.4701
524 -0.5996 -0.6534 1.0902 0.6944 0.4474 -0.3104 -0.4705
525 -0.6029 -0.661 1.0906 0.6954 0.4474 -0.3098 -0.4692
526 -0.6046 -0.666 1.0917 0.696 0.4456 -0.3076 -0.4715
527 -0.6067 -0.6719 1.0921 0.6982 0.443 -0.3086 -0.4701
528 -0.6094 -0.6793 1.0921 0.6999 0.4427 -0.3085 -0.4679
529 -0.6115 -0.6842 1.0922 0.6993 0.4405 -0.3079 -0.4713
530 -0.6137 -0.6888 1.092 0.7014 0.4381 -0.3069 -0.4711
531 -0.6169 -0.6949 1.0914 0.7046 0.4355 -0.3067 -0.4688
532 -0.6193 -0.6992 1.0913 0.7052 0.4338 -0.3066 -0.4696
533 -0.6216 -0.7037 1.0909 0.7054 0.432 -0.3049 -0.472
534 -0.6252 -0.7101 1.0899 0.7066 0.4324 -0.3044 -0.4702
535 -0.6278 -0.715 1.0892 0.7075 0.4339 -0.303 -0.4684
536 -0.6307 -0.7195 1.0891 0.7068 0.4321 -0.3027 -0.4713
537 -0.6346 -0.7259 1.0892 0.7083 0.4294 -0.3043 -0.4704
538 -0.6379 -0.7314 1.0892 0.7102 0.4305 -0.3049 -0.4662
539 -0.6416 -0.7363 1.0895 0.7089 0.4328 -0.3031 -0.4671
540 -0.6456 -0.7434 1.0903 0.7048 0.4345 -0.3041 -0.4712
541 -0.6483 -0.7489 1.0908 0.7039 0.4356 -0.3061 -0.4702
542 -0.6508 -0.7539 1.0912 0.7043 0.438 -0.306 -0.4675
543 -0.6537 -0.7597 1.0919 0.7026 0.4389 -0.3074 -0.4682
544 -0.6554 -0.7635 1.0924 0.7036 0.4357 -0.3109 -0.4674
545 -0.657 -0.7673 1.093 0.7071 0.4334 -0.3135 -0.4626
546 -0.6584 -0.7717 1.0934 0.7094 0.4312 -0.3147 -0.4602
547 -0.6591 -0.775 1.0941 0.7091 0.4302 -0.3154 -0.4611
548 -0.6594 -0.7779 1.0953 0.7092 0.4291 -0.3169 -0.4609
549 -0.6594 -0.7811 1.0972 0.7093 0.4268 -0.3198 -0.4609
550 -0.6592 -0.7834 1.0987 0.7101 0.4276 -0.3177 -0.4603
551 -0.6588 -0.7863 1.101 0.708 0.4289 -0.3181 -0.4623
552 -0.6582 -0.7883 1.1024 0.7069 0.4292 -0.3181 -0.4636
553 -0.6577 -0.7905 1.1036 0.7077 0.4303 -0.3157 -0.463
554 -0.6572 -0.7935 1.1048 0.7058 0.4319 -0.3143 -0.4653
555 -0.6569 -0.7962 1.1052 0.705 0.4336 -0.3126 -0.4662
556 -0.6567 -0.7996 1.1054 0.7042 0.4358 -0.3114 -0.466
557 -0.6563 -0.8038 1.1055 0.7036 0.435 -0.3115 -0.4677
558 -0.6558 -0.8073 1.1052 0.7051 0.4324 -0.3107 -0.4683
559 -0.6556 -0.8116 1.1045 0.7064 0.4314 -0.3114 -0.4668
560 -0.6552 -0.8179 1.1026 0.7079 0.4298 -0.3115 -0.4659
561 -0.654 -0.8235 1.1007 0.7098 0.4308 -0.3092 -0.4636
562 -0.6528 -0.8294 1.0987 0.7093 0.4307 -0.308 -0.4653
563 -0.6515 -0.8373 1.0957 0.7087 0.4317 -0.3075 -0.4656
564 -0.6503 -0.8434 1.0937 0.7116 0.4314 -0.3047 -0.4633
565 -0.6488 -0.8512 1.0914 0.7138 0.4287 -0.3037 -0.4631
566 -0.6479 -0.8566 1.0899 0.7154 0.4265 -0.3028 -0.4633
567 -0.6465 -0.8705 1.0874 0.7197 0.4232 -0.2983 -0.4625
568 -0.6468 -0.8766 1.0866 0.7209 0.4219 -0.299 -0.4615
569 -0.6478 -0.8847 1.0853 0.7222 0.4232 -0.2955 -0.4605
570 -0.6488 -0.8907 1.0848 0.7232 0.4212 -0.2955 -0.4608
571 -0.6507 -0.8995 1.0842 0.7239 0.4212 -0.2974 -0.4584
572 -0.6528 -0.9055 1.0836 0.7238 0.4213 -0.2956 -0.4597
573 -0.6545 -0.9119 1.0832 0.7241 0.4203 -0.2941 -0.461
574 -0.6581 -0.9201 1.0825 0.724 0.4187 -0.2994 -0.4592
575 -0.6609 -0.9265 1.0819 0.7242 0.4199 -0.2995 -0.4578
576 -0.6632 -0.9325 1.0808 0.7235 0.4209 -0.2976 -0.4591
577 -0.6663 -0.9411 1.0801 0.7233 0.4216 -0.2974 -0.4589
578 -0.6691 -0.9477 1.0795 0.7228 0.4229 -0.2984 -0.458
579 -0.6719 -0.9546 1.0791 0.7216 0.4257 -0.297 -0.4582
580 -0.6758 -0.9636 1.0786 0.7185 0.4287 -0.2972 -0.4601
581 -0.6792 -0.9705 1.0786 0.7181 0.4294 -0.2972 -0.46
582 -0.6841 -0.9796 1.0785 0.7179 0.4328 -0.2961 -0.4578
583 -0.6881 -0.9862 1.0788 0.7161 0.4342 -0.2956 -0.4597
584 -0.6917 -0.9927 1.0798 0.7157 0.4321 -0.2957 -0.4622
585 -0.6973 -1.0026 1.0815 0.7175 0.4255 -0.302 -0.4614
586 -0.7018 -1.011 1.082 0.7179 0.4281 -0.3038 -0.4572
587 -0.7101 -1.0313 1.0824 0.7133 0.4291 -0.3067 -0.4615
588 -0.7171 -1.0501 1.0819 0.7143 0.4327 -0.308 -0.4558
589 -0.7202 -1.0595 1.0821 0.7122 0.4319 -0.3084 -0.4596
590 -0.7249 -1.072 1.0823 0.712 0.4312 -0.3121 -0.458
591 -0.7283 -1.0813 1.0824 0.7127 0.4337 -0.3118 -0.4546
592 -0.7316 -1.0903 1.083 0.7108 0.434 -0.3107 -0.4581
593 -0.7358 -1.102 1.0845 0.7075 0.4346 -0.3135 -0.4608
594 -0.7389 -1.1107 1.0859 0.7081 0.4317 -0.3155 -0.4613
595 -0.7424 -1.119 1.0872 0.7089 0.4311 -0.3152 -0.4607
596 -0.746 -1.1288 1.0899 0.707 0.4272 -0.316 -0.4667
597 -0.749 -1.1365 1.0918 0.7051 0.4235 -0.3193 -0.4707
598 -0.752 -1.1439 1.0929 0.7074 0.4249 -0.3188 -0.4662
599 -0.7554 -1.1529 1.0951 0.7085 0.4233 -0.3171 -0.4672
600 -0.7576 -1.159 1.0972 0.707 0.4183 -0.3194 -0.4724
601 -0.7602 -1.1647 1.099 0.7077 0.4152 -0.3206 -0.4732
602 -0.7637 -1.1728 1.1007 0.709 0.4159 -0.3206 -0.4707
603 -0.7661 -1.1779 1.1016 0.7071 0.4168 -0.3188 -0.474
604 -0.7685 -1.183 1.1025 0.7061 0.4165 -0.3177 -0.4764
605 -0.7715 -1.1893 1.1036 0.7076 0.4129 -0.317 -0.4778
606 -0.7741 -1.1943 1.1036 0.7087 0.4132 -0.3179 -0.4753
607 -0.7765 -1.1989 1.1031 0.7091 0.4143 -0.315 -0.4757
608 -0.7792 -1.2044 1.1025 0.7094 0.4122 -0.31 -0.4803
609 -0.7823 -1.2087 1.1022 0.7112 0.4119 -0.3089 -0.4786
610 -0.7859 -1.2127 1.1021 0.7118 0.4124 -0.3097 -0.4767
611 -0.7901 -1.2175 1.1022 0.7107 0.4111 -0.3058 -0.4821
612 -0.7935 -1.2209 1.1025 0.7112 0.4087 -0.3043 -0.4843
613 -0.7972 -1.2247 1.1027 0.7127 0.4063 -0.3082 -0.4816
614 -0.8021 -1.2294 1.1024 0.7144 0.4081 -0.3054 -0.4793
615 -0.8053 -1.232 1.1021 0.7129 0.4076 -0.3007 -0.4849
616 -0.8089 -1.2345 1.1021 0.7121 0.4029 -0.3026 -0.4888
617 -0.8147 -1.2382 1.1016 0.7158 0.404 -0.3026 -0.4826
618 -0.8189 -1.2401 1.1011 0.7159 0.4048 -0.2976 -0.4848
619 -0.8224 -1.2417 1.1014 0.7138 0.4004 -0.2965 -0.4922
620 -0.8273 -1.2448 1.1018 0.7166 0.3982 -0.2978 -0.4892
621 -0.8306 -1.2473 1.102 0.7197 0.3996 -0.2943 -0.4854
622 -0.834 -1.2503 1.1026 0.7181 0.3972 -0.2898 -0.4925
623 -0.8368 -1.252 1.1035 0.7187 0.3916 -0.2894 -0.4963
624 -0.8406 -1.2539 1.1041 0.7227 0.3893 -0.2892 -0.4924
625 -0.8466 -1.2563 1.1058 0.7253 0.3888 -0.2848 -0.4916
626 -0.8506 -1.2585 1.1077 0.722 0.3872 -0.2847 -0.4978
627 -0.8557 -1.2619 1.1103 -0.720641 -0.383869 0.287677 0.500441
628 -0.8597 -1.2643 1.1118 0.7233 0.3831 -0.2854 -0.4986
629 -0.8635 -1.2666 1.1131 -0.723878 -0.381689 0.283291 0.500015
630 -0.8667 -1.2697 1.1149 -0.724643 -0.37787 0.281678 0.50264
631 -0.8721 -1.2729 1.1162 -0.726352 -0.374627 0.28232 0.502464
632 -0.8759 -1.2759 1.1171 -0.727999 -0.375251 0.279238 0.501432
633 -0.8815 -1.2799 1.1179 -0.724165 -0.374985 0.280864 0.506385
634 -0.885 -1.2829 1.1185 -0.724532 -0.373365 0.278574 0.507848
635 -0.8889 -1.2858 1.1191 -0.727483 -0.371491 0.277093 0.505912
636 -0.894 -1.2906 1.1201 -0.730056 -0.368728 0.278021 0.503861
637 -0.9004 -1.296 1.1204 -0.7273 -0.367151 0.279539 0.50823
638 -0.9061 -1.302 1.1204 -0.72823 -0.367366 0.27825 0.507509
639 -0.9125 -1.3077 1.1199 -0.728054 -0.367626 0.275345 0.508602
640 -0.9168 -1.3115 1.1207 -0.729687 -0.363294 0.276695 0.508909
641 -0.9201 -1.3154 1.1217 -0.730786 -0.362843 0.280533 0.50574
642 -0.9232 -1.3192 1.122 -0.729883 -0.365591 0.279817 0.50485
643 -0.9264 -1.3234 1.1225 -0.726829 -0.365165 0.27895 0.510709
644 -0.9289 -1.3262 1.123 -0.726436 -0.362368 0.281375 0.511545
645 -0.9325 -1.3299 1.1231 -0.730382 -0.362541 0.282132 0.505643
646 -0.9376 -1.3352 1.1223 -0.728391 -0.363845 0.279335 0.509137
647 -0.9404 -1.3384 1.1224 -0.728241 -0.364071 0.280877 0.508041
648 -0.9439 -1.3423 1.1222 -0.729786 -0.364743 0.281033 0.50554
649 -0.9459 -1.3452 1.1221 -0.729594 -0.364547 0.278859 0.506774
650 -0.9487 -1.3481 1.1217 -0.727789 -0.363645 0.283135 0.508038
651 -0.9514 -1.3525 1.1215 -0.72924 -0.36437 0.282577 0.505442
652 -0.9537 -1.3557 1.121 -0.729742 -0.365071 0.280378 0.50544
653 -0.9574 -1.3598 1.1205 -0.727414 -0.364357 0.282944 0.50822
654 -0.9592 -1.3635 1.1202 -0.728501 -0.36465 0.281962 0.506569
655 -0.9614 -1.3679 1.1193 -0.728854 -0.366177 0.281482 0.505332
656 -0.9641 -1.3737 1.1187 -0.728061 -0.367431 0.280623 0.506258
657 -0.9665 -1.3776 1.1185 -0.726957 -0.366229 0.282322 0.50776
658 -0.9684 -1.3824 1.1187 -0.729654 -0.365527 0.280844 0.504801
659 -0.9715 -1.3889 1.1189 -0.730634 -0.365617 0.280313 0.503976
660 -0.9768 -1.4002 1.1206 -0.729804 -0.360752 0.282363 0.507267
661 -0.9792 -1.4056 1.1209 -0.731005 -0.361202 0.281502 0.505897
662 -0.9816 -1.411 1.1212 -0.729567 -0.360984 0.282087 0.507723
663 -0.9841 -1.4186 1.1218 -0.730068 -0.357933 0.279926 0.510552
664 -0.9863 -1.4246 1.1218 -0.732092 -0.356196 0.279397 0.509006
665 -0.9892 -1.4308 1.1221 -0.733039 -0.354119 0.281415 0.508073
666 -0.9917 -1.4393 1.1227 -0.73281 -0.351457 0.279466 0.511063
667 -0.9937 -1.4457 1.1233 -0.733536 -0.347865 0.277652 0.513905
668 -0.9958 -1.4525 1.124 -0.734575 -0.344288 0.279491 0.513517
669 -0.9978 -1.4621 1.125 -0.738199 -0.342699 0.277499 0.510501
670 -0.9989 -1.4691 1.126 -0.738562 -0.339628 0.274323 0.513857
671 -0.9996 -1.4758 1.127 -0.737956 -0.33578 0.275283 0.516531
672 -1.0013 -1.4852 1.1281 -0.741519 -0.332509 0.274107 0.514287
673 -1.0024 -1.4919 1.129 -0.743083 -0.330348 0.270857 0.514881
674 -1.0032 -1.4986 1.1299 -0.742551 -0.327178 0.268282 0.519134
675 -1.0043 -1.5069 1.1314 -0.744013 -0.325062 0.267969 0.51846
676 -1.006 -1.5131 1.1323 -0.744884 -0.324093 0.266494 0.518711
677 -1.0076 -1.5194 1.1332 -0.744 -0.323756 0.263665 0.52147
678 -1.0082 -1.5268 1.134 -0.744507 -0.324303 0.259902 0.522495
679 -1.0092 -1.5326 1.134 -0.744757 -0.323682 0.257885 0.52343
680 -1.0092 -1.5326 1.134 -0.744757 -0.323682 0.257885 0.52343
681 -1.0106 -1.5407 1.1338 -0.745982 -0.323649 0.25376 0.523583
682 -1.0118 -1.5472 1.133 -0.746994 -0.322554 0.253064 0.523174
683 -1.0133 -1.5535 1.132 -0.74816 -0.321683 0.251487 0.522928
684 -1.016 -1.5628 1.1301 -0.749406 -0.321703 0.250902 0.521496
685 -1.0178 -1.5695 1.1291 -0.751154 -0.322123 0.249118 0.519663
686 -1.0211 -1.5787 1.1276 -0.750536 -0.320758 0.250045 0.521106
687 -1.0231 -1.5854 1.1262 -0.751732 -0.322114 0.248311 0.519178
688 -1.0257 -1.592 1.125 -0.75156 -0.32264 0.247854 0.518997
689 -1.0293 -1.6012 1.1242 -0.751917 -0.320607 0.247106 0.520388
690 -1.0322 -1.6074 1.1231 -0.752522 -0.321467 0.248674 0.518053
691 -1.0365 -1.616 1.1222 -0.753883 -0.323093 0.246295 0.516311
692 -1.0395 -1.6221 1.1218 -0.751834 -0.322414 0.247411 0.519277
693 -1.043 -1.6288 1.1212 -0.750992 -0.323296 0.248797 0.519206
694 -1.0482 -1.6369 1.1199 -0.752066 -0.324185 0.247589 0.517624
695 -1.052 -1.6431 1.1195 -0.752342 -0.322175 0.247781 0.51834
696 -1.0563 -1.6497 1.1186 -0.752577 -0.320405 0.249726 0.517853
697 -1.0625 -1.6584 1.117 -0.753095 -0.323098 0.250198 0.515603
698 -1.0668 -1.6648 1.116 -0.752979 -0.321534 0.250326 0.516845
699 -1.0711 -1.6703 1.1157 -0.753099 -0.317757 0.251966 0.51787
700 -1.0775 -1.6769 1.1148 -0.754754 -0.316681 0.254184 0.515131
701 -1.0816 -1.6819 1.1144 -0.755069 -0.317829 0.253223 0.514653
702 -1.0854 -1.6861 1.1138 -0.75336 -0.319183 0.252987 0.516227
703 -1.0904 -1.6917 1.1129 -0.75232 -0.323351 0.24894 0.517418
704 -1.0935 -1.695 1.1123 -0.751053 -0.325823 0.247517 0.518264
705 -1.0966 -1.6978 1.1114 -0.75075 -0.325179 0.247684 0.518834
706 -1.1006 -1.7009 1.1103 -0.753591 -0.321996 0.247197 0.517006
707 -1.1038 -1.7031 1.1093 -0.754845 -0.320277 0.245982 0.516738
708 -1.1068 -1.7047 1.1087 -0.755314 -0.319406 0.245205 0.51709
709 -1.111 -1.7069 1.1079 -0.754908 -0.318361 0.24407 0.518663
710 -1.114 -1.7088 1.1081 -0.756698 -0.318299 0.242699 0.516901
711 -1.1189 -1.7109 1.1075 -0.755374 -0.318389 0.242092 0.519018
712 -1.1221 -1.7118 1.107 -0.75505 -0.317979 0.240284 0.520534
713 -1.1255 -1.7125 1.1062 -0.755228 -0.317254 0.238841 0.521711
714 -1.1299 -1.7134 1.1052 -0.757629 -0.314754 0.23694 0.520611
715 -1.1331 -1.7143 1.1041 -0.759203 -0.31436 0.23577 0.518666
716 -1.1365 -1.7153 1.1024 -0.759741 -0.314176 0.233382 0.51914
717 -1.1415 -1.7159 1.1001 -0.760383 -0.314334 0.230525 0.519643
718 -1.1458 -1.7161 1.0988 -0.760501 -0.313041 0.22883 0.521031
719 -1.1503 -1.7166 1.0978 -0.759867 -0.312028 0.22802 0.522854
720 -1.1556 -1.7175 1.0968 -0.762137 -0.310275 0.224582 0.521843
721 -1.1588 -1.7184 1.0961 -0.763719 -0.308648 0.223435 0.521319
722 -1.1615 -1.7198 1.0955 -0.766495 -0.306498 0.220099 0.519703
723 -1.1663 -1.7214 1.0941 -0.766776 -0.30553 0.217622 0.521048
724 -1.1692 -1.723 1.0931 -0.768884 -0.304694 0.213396 0.520011
725 -1.1739 -1.725 1.0921 -0.772532 -0.302952 0.210136 0.517212
726 -1.1783 -1.7265 1.0919 -0.77333 -0.301112 0.209708 0.51708
727 -1.1822 -1.7277 1.0921 -0.772291 -0.298897 0.208798 0.520206
728 -1.1876 -1.7301 1.0921 -0.77218 -0.299131 0.206921 0.521146
729 -1.1914 -1.7326 1.0925 -0.772502 -0.297762 0.206074 0.521466
730 -1.1947 -1.7341 1.0931 -0.774445 -0.295817 0.205512 0.52017
731 -1.1994 -1.736 1.0933 -0.775283 -0.293794 0.200496 0.521911
732 -1.2035 -1.7379 1.0935 -0.775111 -0.293804 0.200803 0.522093
733 -1.2121 -1.742 1.0949 -0.775144 -0.291854 0.197837 0.524503
734 -1.2158 -1.7437 1.0953 -0.774308 -0.289378 0.196653 0.527658
735 -1.2207 -1.7463 1.0955 -0.776256 -0.288621 0.197114 0.524762
736 -1.2243 -1.7485 1.096 -0.776821 -0.287208 0.194305 0.525686
737 -1.2318 -1.7529 1.0953 -0.777542 -0.284879 0.189386 0.527539
738 -1.2388 -1.7566 1.0939 -0.77974 -0.283951 0.185833 0.526406
739 -1.2429 -1.7586 1.0931 -0.77958 -0.280093 0.182995 0.529414
740 -1.2469 -1.761 1.092 -0.780036 -0.279213 0.182208 0.529576
741 -1.2519 -1.7632 1.0909 -0.782679 -0.277964 0.180741 0.52708
742 -1.2554 -1.7654 1.09 -0.783711 -0.276539 0.179425 0.526626
743 -1.2596 -1.768 1.089 -0.784279 -0.275293 0.179095 0.526314
744 -1.2648 -1.7716 1.0882 -0.785065 -0.276923 0.179615 0.524257
745 -1.2679 -1.7744 1.0878 -0.785392 -0.275897 0.175698 0.525505
746 -1.2714 -1.7774 1.0878 -0.78618 -0.273458 0.175773 0.52538
747 -1.276 -1.7816 1.0875 -0.787283 -0.275429 0.179319 0.521845
748 -1.2793 -1.7838 1.0873 -0.785621 -0.277507 0.178005 0.523586
749 -1.2818 -1.7857 1.0872 -0.78499 -0.276397 0.174898 0.526106
750 -1.2858 -1.7876 1.0875 -0.786511 -0.270838 0.177025 0.526226
751 -1.2883 -1.7897 1.0872 -0.787356 -0.271285 0.17829 0.524029
752 -1.2905 -1.7919 1.087 -0.787539 -0.272179 0.174187 0.524641
753 -1.2923 -1.7953 1.0867 -0.78657 -0.271859 0.170437 0.527886
754 -1.2949 -1.7973 1.0863 -0.787412 -0.270736 0.172459 0.525925
755 -1.298 -1.7994 1.0861 -0.791859 -0.271352 0.17117 0.519393
756 -1.3022 -1.8023 1.0857 -0.790185 -0.271029 0.167018 0.523843
757 -1.3054 -1.8053 1.086 -0.788864 -0.270488 0.168192 0.525524
758 -1.3089 -1.8089 1.0859 -0.790039 -0.270813 0.167708 0.523874
759 -1.3133 -1.814 1.0861 -0.790528 -0.26971 0.165206 0.524481
760 -1.3163 -1.8181 1.0861 -0.790947 -0.26895 0.165031 0.524503
761 -1.3207 -1.8245 1.0862 -0.792333 -0.267577 0.164686 0.522845
762 -1.3244 -1.8293 1.0866 -0.792933 -0.265478 0.163286 0.523444
763 -1.3279 -1.8342 1.087 -0.792959 -0.26332 0.162812 0.524861
764 -1.333 -1.8415 1.0875 -0.793972 -0.263624 0.163915 0.522852
765 -1.3365 -1.847 1.0878 -0.793206 -0.262935 0.161622 0.52513
766 -1.3397 -1.8521 1.0883 -0.79294 -0.25968 0.159388 0.52754
767 -1.3447 -1.8601 1.0885 -0.795523 -0.256475 0.160485 0.524851
768 -1.3488 -1.8664 1.0885 -0.797811 -0.256603 0.158402 0.522093
769 -1.3543 -1.8749 1.0883 -0.796654 -0.256685 0.155691 0.52453
770 -1.3579 -1.8814 1.088 -0.796714 -0.256037 0.154022 0.525525
771 -1.3628 -1.8879 1.0875 -0.799092 -0.253661 0.154437 0.523074
772 -1.3688 -1.8961 1.088 -0.801832 -0.24951 0.152106 0.521279
773 -1.3785 -1.9094 1.0886 -0.801233 -0.250079 0.152487 0.521644
774 -1.3833 -1.9149 1.089 -0.800633 -0.24991 0.150206 0.523478
775 -1.3896 -1.9226 1.0896 -0.801558 -0.248018 0.149311 0.523262
776 -1.3947 -1.9282 1.0902 -0.802948 -0.246246 0.149728 0.522003
777 -1.4016 -1.9356 1.0914 -0.802997 -0.245169 0.147381 0.522667
778 -1.4072 -1.9418 1.0917 -0.80396 -0.247319 0.145211 0.521061
779 -1.4133 -1.9467 1.0933 -0.801987 -0.247696 0.145498 0.523708
780 -1.4213 -1.9545 1.0948 -0.803353 -0.246716 0.14701 0.521765
781 -1.427 -1.9596 1.0958 -0.802697 -0.24613 0.146618 0.523237
782 -1.4342 -1.9657 1.0977 -0.800326 -0.245347 0.146768 0.526715
783 -1.4398 -1.9705 1.0987 -0.799272 -0.244391 0.147795 0.528719
784 -1.4447 -1.9766 1.0988 -0.80122 -0.245206 0.147004 0.525687
785 -1.4496 -1.9809 1.0995 -0.800429 -0.24554 0.145223 0.527415
786 -1.4549 -1.9877 1.1001 -0.798757 -0.241587 0.144992 0.531529
787 -1.4594 -1.9939 1.0996 -0.801139 -0.241112 0.145407 0.528175
788 -1.4644 -1.9995 1.0991 -0.801763 -0.242519 0.144911 0.526759
789 -1.4699 -2.0072 1.0984 -0.800587 -0.244227 0.142916 0.528342
790 -1.474 -2.0125 1.0977 -0.798603 -0.241601 0.141401 0.532798
791 -1.4786 -2.0173 1.0974 -0.800155 -0.240386 0.141792 0.53083
792 -1.4846 -2.0244 1.0968 -0.802335 -0.23881 0.141806 0.528377
793 -1.4887 -2.0292 1.097 -0.801859 -0.238117 0.13951 0.530061
794 -1.4934 -2.034 1.0969 -0.799914 -0.237645 0.139768 0.532724
795 -1.499 -2.0398 1.0971 -0.800276 -0.236222 0.139013 0.53345
796 -1.5095 -2.049 1.0982 -0.802526 -0.231036 0.139422 0.532317
797 -1.5143 -2.0527 1.0981 -0.799902 -0.233971 0.139183 0.534666
798 -1.5185 -2.0573 1.0984 -0.799732 -0.23898 0.136888 0.533345
799 -1.5244 -2.0619 1.0994 -0.798251 -0.236115 0.137909 0.536765
800 -1.5287 -2.0646 1.1001 -0.800072 -0.234392 0.138895 0.534419
801 -1.5334 -2.0679 1.1003 -0.801214 -0.235404 0.137502 0.53269
802 -1.5397 -2.0719 1.1014 -0.797463 -0.234789 0.137694 0.538425
803 -1.5441 -2.0744 1.1013 -0.797036 -0.234011 0.139406 0.539076
804 -1.5504 -2.0786 1.1008 -0.799114 -0.236475 0.136485 0.535458
805 -1.5553 -2.0814 1.1003 -0.797531 -0.23698 0.133988 0.538246
806 -1.559 -2.0833 1.1003 -0.79644 -0.236482 0.13339 0.540241
807 -1.5649 -2.0856 1.0998 -0.79789 -0.236767 0.130182 0.538674
808 -1.5693 -2.0877 1.0989 -0.798982 -0.236265 0.127181 0.537979
809 -1.5693 -2.0877 1.0989 -0.798982 -0.236265 0.127181 0.537979
810 -1.5805 -2.0901 1.098 -0.798972 -0.230721 0.124411 0.541351
811 -1.5923 -2.091 1.0968 -0.800088 -0.227525 0.120613 0.54194
812 -1.6005 -2.0914 1.0969 -0.799843 -0.222512 0.119406 0.544571
813 -1.6068 -2.0922 1.097 -0.801517 -0.222732 0.119917 0.542021
814 -1.6127 -2.0935 1.0972 -0.80144 -0.224911 0.117806 0.541573
815 -1.6196 -2.0952 1.0975 -0.799793 -0.220971 0.113585 0.546273
816 -1.6252 -2.0954 1.0986 -0.8006 -0.2126 0.113 0.5487
817 -1.6376 -2.0985 1.0993 -0.803843 -0.206985 0.107392 0.547139
818 -1.6434 -2.0995 1.0998 -0.802432 -0.205708 0.104004 0.550478
819 -1.6493 -2.1012 1.1 -0.802752 -0.204913 0.102807 0.550564
820 -1.6566 -2.1045 1.1003 -0.804065 -0.203191 0.102395 0.549224
821 -1.6616 -2.107 1.1012 -0.803449 -0.201712 0.099306 0.551367
822 -1.666 -2.1103 1.1015 -0.802144 -0.199236 0.0965174 0.5548
823 -1.6726 -2.1142 1.1018 -0.804262 -0.199915 0.0959074 0.551458
824 -1.6772 -2.1162 1.1027 -0.805255 -0.197989 0.0941948 0.550831
825 -1.6818 -2.118 1.1039 -0.80455 -0.195364 0.091383 0.553103
826 -1.688 -2.1205 1.1054 -0.804888 -0.195497 0.0905987 0.552908
827 -1.6927 -2.1219 1.1065 -0.805117 -0.193304 0.0900019 0.553488
828 -1.6974 -2.1232 1.1077 -0.805136 -0.190009 0.089104 0.554775
829 -1.7035 -2.125 1.1088 -0.806403 -0.189324 0.0881112 0.553429
830 -1.708 -2.1262 1.1093 -0.805372 -0.188793 0.0873969 0.555019
831 -1.7134 -2.128 1.1098 -0.805233 -0.187484 0.0851929 0.555947
832 -1.7177 -2.1289 1.11 -0.805477 -0.183695 0.0845976 0.557016
833 -1.7212 -2.1311 1.1098 -0.806777 -0.184972 0.0843871 0.554585
834 -1.7256 -2.1338 1.1094 -0.806891 -0.183675 0.081689 0.555275
835 -1.7304 -2.1362 1.1088 -0.807386 -0.181074 0.0790888 0.555778
836 -1.7348 -2.1378 1.1081 -0.808369 -0.181215 0.0800068 0.554453
837 -1.7391 -2.1391 1.108 -0.8083 -0.181078 0.0790902 0.554469
838 -1.7442 -2.1422 1.108 -0.806932 -0.182007 0.0768031 0.556678
839 -1.7478 -2.1449 1.1077 -0.80594 -0.182786 0.0758943 0.557842
840 -1.7568 -2.1508 1.1071 -0.80641 -0.180402 0.0748009 0.558193
841 -1.7649 -2.1569 1.1057 -0.80805 -0.181066 0.0736863 0.555503
842 -1.769 -2.1602 1.1057 -0.808337 -0.182731 0.0735125 0.555006
843 -1.7745 -2.1642 1.105 -0.805623 -0.183705 0.0732021 0.558484
844 -1.7786 -2.1676 1.1044 -0.806978 -0.182795 0.0711981 0.557015
845 -1.783 -2.1708 1.1041 -0.80854 -0.181787 0.0717947 0.554941
846 -1.7885 -2.1749 1.1038 -0.809248 -0.181211 0.0702042 0.554467
847 -1.7926 -2.1781 1.1029 -0.809331 -0.181907 0.0679026 0.554378
848 -1.7971 -2.1814 1.102 -0.809567 -0.182515 0.0657054 0.554154
849 -1.8037 -2.1855 1.1016 -0.810131 -0.180784 0.0651944 0.553747
850 -1.8084 -2.1887 1.1012 -0.810351 -0.178689 0.0634961 0.554334
851 -1.8127 -2.1927 1.1008 -0.81271 -0.178602 0.0617008 0.551193
852 -1.8192 -2.1983 1.0996 -0.81535 -0.179067 0.059689 0.5471
853 -1.8233 -2.2023 1.0986 -0.81473 -0.176107 0.0567021 0.54958
854 -1.8272 -2.2055 1.0973 -0.815571 -0.172673 0.0514918 0.549687
855 -1.8339 -2.2093 1.096 -0.822345 -0.16843 0.0501089 0.541404
856 -1.8392 -2.2126 1.096 -0.8228 -0.16678 0.0518937 0.540666
857 -1.8438 -2.2148 1.0956 -0.818747 -0.167989 0.0480969 0.546835
858 -1.8505 -2.2178 1.0949 -0.81988 -0.167276 0.0441936 0.54558
859 -1.856 -2.2198 1.0949 -0.821521 -0.165204 0.0463012 0.543786
860 -1.8609 -2.2213 1.0952 -0.82105 -0.16261 0.0481029 0.545167
861 -1.8672 -2.2245 1.0953 -0.821927 -0.160105 0.0454015 0.544782
862 -1.8722 -2.2263 1.0951 -0.821769 -0.161994 0.0459983 0.54432
863 -1.8772 -2.2273 1.0948 -0.821727 -0.162325 0.0462071 0.544516
864 -1.8834 -2.2286 1.095 -0.821781 -0.161116 0.0447044 0.544847
865 -1.8881 -2.2295 1.0952 -0.821468 -0.159974 0.0462925 0.545188
866 -1.894 -2.2303 1.0959 -0.822427 -0.159425 0.0462071 0.544316
867 -1.8986 -2.2301 1.0961 -0.821359 -0.158673 0.0453922 0.545794
868 -1.9025 -2.2304 1.0966 -0.820093 -0.157799 0.0447996 0.548204
869 -1.9073 -2.2316 1.0969 -0.821776 -0.157734 0.0460099 0.545883
870 -1.9113 -2.2319 1.0969 -0.821455 -0.15601 0.044903 0.546763
871 -1.9148 -2.2326 1.0968 -0.820851 -0.15411 0.0441027 0.548266
872 -1.919 -2.2336 1.0962 -0.823282 -0.152715 0.0429043 0.545146
873 -1.9224 -2.2338 1.0961 -0.8231 -0.1512 0.0418 0.5458
874 -1.9276 -2.2342 1.096 -0.821273 -0.152114 0.0412037 0.548451
875 -1.9317 -2.2346 1.0957 -0.821974 -0.153833 0.0411087 0.547084
876 -1.9355 -2.2353 1.096 -0.822317 -0.154203 0.0428009 0.546089
877 -1.9399 -2.2357 1.0967 -0.821296 -0.152899 0.0421998 0.548003
878 -1.943 -2.2358 1.0968 -0.820451 -0.151691 0.0421975 0.549533
879 -1.9463 -2.2365 1.0968 -0.821455 -0.15281 0.0437029 0.547763
880 -1.9501 -2.2369 1.0975 -0.821759 -0.151293 0.0430979 0.547627
881 -1.9526 -2.2374 1.0984 -0.82185 -0.150591 0.0447973 0.547534
882 -1.9566 -2.2382 1.0995 -0.821978 -0.152796 0.0466988 0.546614
883 -1.9602 -2.2376 1.1021 -0.818794 -0.154299 0.0463997 0.551004
884 -1.9627 -2.2363 1.1043 -0.819992 -0.15298 0.0458939 0.549473
885 -1.9635 -2.2358 1.1052 -0.819821 -0.153023 0.0465069 0.550019
886 -1.9644 -2.2352 1.1064 -0.818903 -0.153982 0.0454946 0.550865
887 -1.9654 -2.2345 1.1071 -0.817727 -0.154924 0.045207 0.552714
888 -1.9661 -2.2338 1.1075 -0.818123 -0.154304 0.0459013 0.552084
889 -1.9666 -2.2332 1.1076 -0.818979 -0.154015 0.0451043 0.551047
890 -1.9675 -2.2328 1.1079 -0.818121 -0.153923 0.0450067 0.552418
891 -1.9681 -2.2322 1.1076 -0.817884 -0.154897 0.0446991 0.552311
892 -1.9688 -2.2324 1.1077 -0.818371 -0.155975 0.0449929 0.551087
893 -1.9696 -2.2322 1.1074 -0.8164 -0.156681 0.0434947 0.553968
894 -1.9702 -2.2323 1.1069 -0.817577 -0.157596 0.0443988 0.552016
895 -1.9703 -2.2325 1.1067 -0.818325 -0.157905 0.0445013 0.550883
896 -1.9699 -2.2326 1.1061 -0.816643 -0.157789 0.0424971 0.553438
897 -1.9696 -2.2327 1.1055 -0.816486 -0.158517 0.0417044 0.553742
898 -1.9693 -2.2326 1.1048 -0.817838 -0.159407 0.0422019 0.551375
899 -1.9684 -2.2325 1.1043 -0.81829 -0.158217 0.0407045 0.55124
900 -1.9674 -2.2323 1.1039 -0.817836 -0.157707 0.0407018 0.551976
