0 -1.06405 1.108566 -1.878875 -1.127633 1.117601 1.098337
1 0.389101 -0.329981 1.138019 0.390961 0.701053 1.133829
2 1.778121 0.7168 1.165373 0.387492 0.681839 1.099457
3 1.746113 -0.327154 1.169579 1.773127 0.728428 1.165412
4 0.457912 0.61862 1.104006 0.456445 -0.260888 1.113362
5 0.453717 0.617981 1.104227 1.66968 0.61654 1.131676
6 1.616992 0.563651 1.14199 0.51038 0.558357 1.117345
7 1.604421 -0.199622 1.149433 1.611508 0.567134 1.141672
8 1.663414 -0.250967 1.140905 0.456555 -0.254175 1.11293
9 1.757199 -0.322085 1.169749 0.38818 -0.322198 1.132519
10 0.202789 -1.037519 0.085122 1.996122 -1.019311 0.113247
11 1.663341 -0.260243 1.140607 1.658314 0.617817 1.13768
12 0.511195 -0.194406 1.12482 1.613999 -0.197932 1.150387
13 -0.800189 -1.252466 0.691421 -0.801806 -0.002968 0.686033
14 -0.107844 -1.374859 1.094415 -0.966099 -1.376053 1.084607
15 2.221215 -0.540233 0.894822 1.290133 -0.54188 0.865397
16 1.97458 -0.864117 0.812057 1.310994 -0.862164 0.759702
17 2.391467 -0.586295 1.166587 2.39274 0.671233 1.177077
18 0.184653 -0.723676 0.108848 0.197602 -1.213594 0.092619
19 3.458067 0.543474 1.204637 3.454519 -0.937714 1.210446
20 3.576518 -0.313173 1.194919 3.573333 -1.372148 1.194293
21 3.656582 0.680992 1.208047 2.372741 0.672532 1.178984
22 -0.852878 -1.232598 1.114373 -0.189092 -1.233267 1.1188
23 0.512263 0.462133 1.117675 0.513205 -0.202353 1.125041
24 3.849852 0.697878 -0.831185 3.850342 -0.33768 -0.815807
25 3.829503 -0.269751 -0.89055 3.823618 0.614282 -0.896847
26 3.836706 0.55526 -0.954821 3.842079 -0.211302 -0.95427
27 1.943078 -1.219976 0.11157 0.2551 -1.223798 0.073728
28 0.210971 -1.378629 0.379073 2.815999 -1.376762 0.439646
29 -0.565739 -0.885504 -0.646528 -0.99217 -0.88581 -0.657515
30 -1.03662 -0.541021 -1.089651 -1.082191 0.152542 -1.044024
31 -1.039755 0.090122 -1.214544 -1.049924 -0.462012 -1.205808
32 -1.082577 0.159137 -0.986192 -1.007322 0.143503 -2.205222
33 -1.007782 0.143417 -2.20515 -1.08329 0.159225 -0.986364
34 -1.026031 0.067273 -2.046283 -1.034521 0.090663 -1.148905
35 -0.084996 -1.201207 0.065759 -0.085033 -0.726764 0.0966
36 -1.038178 -0.044297 -1.541388 -1.033826 -0.150952 -1.784549
37 -1.031609 -0.306972 -1.929605 -1.038263 -0.157571 -1.591208
38 -1.060365 0.15087 -2.003555 -1.082665 0.156964 -1.011725
39 -1.025899 0.069606 -2.044618 -1.029544 -0.408639 -2.042577
40 -1.00897 -0.300454 -2.202899 -1.055769 0.149608 -2.202894
41 -1.040132 -0.234764 -2.204302 -1.055888 0.147613 -2.20218
42 -1.055281 0.146844 -2.202252 -1.041002 -0.196821 -2.204476
43 -1.08297 -0.573825 -0.981403 -1.021025 -0.547503 -1.820576
44 -1.081611 -0.513723 -1.037687 -1.081279 0.158281 -1.04502
45 -1.032414 0.122424 -1.068912 -1.051696 -0.463696 -1.103136
46 -0.960964 -0.025292 1.106115 -0.945243 -1.375026 1.086047
47 -0.812104 -0.980372 -0.089057 -0.864093 -0.552125 0.039576
48 0.869267 -0.863466 0.527974 0.436106 -0.863441 0.736825
49 3.774325 -1.378706 -0.360707 3.77299 -1.372106 1.147529
50 2.244087 -0.730909 0.11067 2.241218 -1.205809 0.113286
51 -0.08437 -0.71254 0.144334 -0.107999 -0.725193 0.792212
52 -1.081395 -0.494519 -1.033451 -1.08177 0.149833 -1.035232
53 -1.082622 -1.379526 0.214731 -1.100882 -1.369342 1.083788
54 -1.126674 -1.232578 0.998395 -1.084224 -1.237273 0.230893
55 -1.102174 -1.236372 0.216817 -1.111391 -0.812909 0.290401
56 -0.121145 -1.379397 0.224761 -0.288137 -1.374231 1.100569
57 1.079478 -0.878769 0.751102 1.103206 -0.884267 0.09607
58 3.880514 0.681574 -2.191961 3.820202 0.678118 -0.831299
59 3.851952 0.600811 -2.110679 3.824072 0.604407 -0.894377
60 3.879168 0.686577 -2.145931 3.817356 0.677568 -0.832057
61 3.836145 0.551584 -0.950522 3.862094 0.54829 -2.061206
62 3.830196 -0.266641 -0.898294 3.856902 -0.269791 -2.092561
63 3.84233 -0.203917 -0.959942 3.867556 -0.209733 -2.081942
64 3.850512 -0.332237 -0.832276 3.880441 -0.337447 -2.168176
65 3.881157 -0.335672 -2.184593 3.881005 0.664549 -2.191922
66 3.857426 -0.269806 -2.099551 3.85586 0.599366 -2.10624
67 3.882999 1.109581 -2.496117 3.90541 1.098282 -3.76982
68 3.603399 -0.554402 -2.517926 3.572937 -0.549559 -1.530932
