0 1.116682 -1.024616 0.095622
1 1.139715 1.121062 0.840439
2 1.117259 1.12186 0.840453
3 1.003173 1.121059 0.898103
4 1.025385 1.121078 0.895872
5 1.110376 -1.027305 0.110271
6 1.092859 -1.023719 0.113597
7 0.398647 0.67799 1.098941
8 1.716749 0.678619 1.127132
9 -1.095817 -1.263722 0.780392
10 0.399659 -0.321009 1.109609
11 0.45729 -0.243881 1.116797
12 1.658133 -0.243283 1.14645
13 0.525579 -0.187531 1.125425
14 1.597072 -0.183799 1.149298
15 0.517074 0.086068 1.121944
16 1.090754 -0.883628 0.100387
17 -1.125462 -0.723674 1.104491
18 -0.806847 -0.513248 0.149133
19 0.507859 -0.448475 0.831426
20 0.520921 -0.433557 0.833315
21 1.716431 -0.320514 1.140185
22 0.204097 -1.033133 0.146228
23 0.877022 -0.183822 1.132953
24 0.937028 -0.183808 1.134316
25 0.542378 -0.181596 1.125029
26 0.456689 -0.862548 0.717709
27 -0.7764 -0.064871 0.681574
28 -0.793641 -0.064789 0.679043
29 0.517048 -0.063838 1.123521
30 0.91285 -0.863019 0.658856
31 1.090706 -0.87127 0.660265
32 1.090374 -0.870914 0.690287
33 1.093005 -0.889782 0.138118
34 -1.117344 -1.142178 0.659948
35 -1.102553 -1.237816 0.780171
36 -1.120999 -1.228362 0.750088
37 0.517116 0.116111 1.121634
38 -0.144108 -1.376019 1.079887
39 1.357099 0.41608 1.137564
40 -0.948169 -0.51259 0.118981
41 0.517115 0.176061 1.121007
42 0.577044 0.416156 1.119855
43 0.876468 -0.511307 1.15026
44 0.997045 0.146145 1.132219
45 -1.096414 -1.374406 1.077758
46 1.597071 0.206164 1.145202
47 1.597084 0.56614 1.141438
48 0.997038 0.11607 1.132539
49 -0.9226 -1.375005 1.08081
50 -0.862071 -1.374988 1.081935
51 -1.119428 -1.173913 0.660208
52 0.817422 -0.449534 0.785116
53 0.907014 0.086084 1.130798
54 1.237092 0.386062 1.135158
55 1.25275 -0.438562 0.811258
56 0.517069 0.386088 1.118812
57 0.537105 -0.428069 0.8285
58 0.877029 0.056141 1.130435
59 0.517103 0.505937 1.117564
60 0.51705 0.476112 1.117872
61 -0.938176 0.194241 0.584993
62 0.90703 0.266019 1.128924
63 0.577042 0.475895 1.119235
64 0.87702 0.265942 1.128238
65 1.089226 -0.871033 0.71925
66 0.877031 -0.003857 1.131061
67 -0.935252 -0.048979 0.585465
68 0.547065 -0.06383 1.124203
69 0.937083 0.296086 1.129287
70 0.877091 0.295994 1.127927
71 0.967091 0.326032 1.129658
72 1.255419 -0.843668 0.671741
73 0.877023 -0.093877 1.132007
74 1.177182 0.445888 1.133163
75 0.847071 -0.093818 1.131328
76 0.907058 -0.123847 1.133006
77 1.297065 0.356133 1.136832
78 0.937117 0.325995 1.12897
79 0.727021 -0.183797 1.129546
80 -0.922227 -0.90396 1.111366
81 -0.862489 -0.843891 1.112462
82 1.447034 -0.15383 1.14558
83 1.357071 0.356148 1.138191
84 -0.94032 -0.522954 0.07306
85 1.237065 0.416095 1.134841
86 0.785483 0.386736 1.124803
87 -0.604702 0.19521 0.685519
88 0.907033 0.026182 1.131424
89 0.907104 0.176152 1.129864
90 -0.922507 -0.873505 1.11123
91 -0.937268 -0.035987 0.58628
92 1.027106 1.121902 0.870263
93 1.657073 0.625073 1.131439
94 -1.101944 -1.237875 0.720108
95 0.793411 0.383689 1.125472
96 0.783692 0.357354 1.124946
97 -0.86132 -0.708606 -0.43703
98 -1.117385 -1.1134 0.657505
99 0.867143 -0.843792 0.544228
100 0.907133 0.326022 1.128296
101 0.517079 0.206114 1.12069
102 -0.922482 -0.933718 1.111504
103 -0.253116 -0.530373 -0.128167
104 -0.776065 -0.723782 0.684526
105 -0.807507 -0.525225 0.096504
106 1.254732 -0.464935 0.793132
107 0.500812 -0.461993 0.833401
108 1.242298 -0.445883 0.799269
109 1.233032 -0.43534 0.805314
110 0.545595 -0.483221 1.142652
111 0.577049 -0.003812 1.124251
112 1.02726 1.121022 0.838325
113 0.399273 -0.303759 1.108385
114 1.716972 -0.30385 1.137384
115 0.877057 -0.123884 1.132327
116 0.906081 -0.480818 1.150787
117 1.027066 0.206181 1.132276
118 0.937116 0.355978 1.128665
119 0.996947 1.122674 0.899917
120 0.457332 0.596144 1.109299
121 -1.117321 -1.173933 0.658857
122 1.094504 -0.879073 0.117366
123 0.846594 -0.843788 0.543226
124 0.460517 -0.84354 0.718917
125 0.90714 0.296014 1.128606
126 0.877012 0.236144 1.128552
127 1.057048 0.206119 1.132951
128 0.547067 0.206009 1.121371
129 0.517071 0.146085 1.121325
130 -0.941655 -0.518792 0.091451
131 -0.809827 -0.512225 0.173516
132 1.222692 -0.438519 0.795018
133 1.11752 1.121046 0.838327
134 0.517086 -0.093813 1.123841
135 0.516 -0.183324 1.124702
136 0.997097 0.206151 1.1316
137 -1.117494 -0.690846 0.660437
138 1.29711 0.386092 1.136511
139 0.547072 -0.003817 1.123573
140 -0.776029 -0.753818 0.684654
141 -0.609777 0.19524 0.655915
142 0.996654 1.122254 0.870014
143 1.6583 0.596163 1.138683
144 1.087029 1.121834 0.840364
145 0.846395 -0.86259 0.539572
146 0.450288 -0.864923 0.777527
147 0.527048 -0.435773 0.820467
148 0.547039 0.056108 1.122942
149 0.810561 0.388777 1.125076
150 0.547004 0.476034 1.118549
151 -0.926958 0.194852 0.570115
152 0.907093 0.206147 1.12955
153 0.547084 0.176058 1.121693
154 1.236901 -0.843688 0.664773
155 -0.562118 -0.546411 -0.129643
156 -0.26811 -0.524943 -0.121792
157 0.54705 -0.033833 1.123884
158 0.546849 -0.093678 1.124502
159 0.847024 -0.18381 1.132272
160 0.51707 0.356122 1.119122
161 1.3271 0.356152 1.13751
162 -0.862539 -0.813637 1.112325
163 -0.607025 0.176217 0.670126
164 0.812232 -0.439686 0.795631
165 1.027114 1.121797 0.840347
166 0.487142 0.596035 1.115936
167 0.547104 0.536143 1.117928
168 1.253835 -0.818519 0.67239
169 0.462911 -0.814577 0.717289
170 -0.859292 -0.552115 0.040001
171 1.596984 -0.153786 1.148984
172 0.547082 0.146052 1.122002
173 1.597098 0.536149 1.141751
174 0.93764 -0.863266 0.659767
175 -0.832375 -0.512749 0.14791
176 1.234494 -0.45785 0.78943
177 0.547085 0.386105 1.119497
178 0.907022 -0.18382 1.13363
179 -0.862521 -0.783803 1.112193
180 -0.580037 -0.556864 -0.12777
181 -0.925263 -0.033773 0.568862
182 0.937077 -0.153848 1.134005
183 0.847022 -0.153835 1.131955
184 1.627125 0.596146 1.141808
185 0.398645 0.656054 1.099109
186 1.567073 0.536103 1.141068
187 0.577083 0.44611 1.11955
188 -0.832551 -0.51667 0.118813
189 0.538674 -0.44523 0.801027
190 1.567045 -0.183827 1.148616
191 0.910831 -0.863362 0.62875
192 1.207078 0.416115 1.13416
193 0.807642 0.36104 1.125156
194 -0.615197 -0.033519 0.628002
195 1.567086 0.206137 1.144528
196 -1.117202 -0.669868 0.627649
197 1.08708 0.20616 1.133632
198 0.877079 0.206145 1.128869
199 -0.615018 0.176025 0.6281
200 1.447031 0.086137 1.143061
201 1.417084 0.536047 1.13767
202 1.051073 -0.865035 0.660048
203 0.547069 0.446076 1.118864
204 -0.922432 -0.518949 0.089678
205 -0.927107 0.176171 0.570109
206 0.519149 -0.455101 0.812229
207 1.567029 -0.153861 1.148308
208 0.529074 -0.162151 1.12535
209 -0.628887 0.176089 0.600963
210 1.297068 0.056135 1.139975
211 1.237078 0.356115 1.135463
212 0.51708 0.056076 1.122263
213 -0.862451 -0.753674 1.112055
214 0.4573 -0.568917 0.829437
215 -0.629062 -0.003836 0.601235
216 0.427133 0.678002 1.097825
217 0.577096 0.53606 1.118612
218 1.447085 0.536139 1.138346
219 0.818724 0.385312 1.125757
220 0.547092 0.356099 1.119807
221 -0.628894 0.194944 0.601085
222 0.551124 -0.155745 1.125535
223 0.427142 -0.273804 1.107789
224 1.23755 -0.481974 0.776103
225 0.506414 -0.548546 0.842102
226 -0.862352 -0.537419 0.057467
227 0.517082 0.566162 1.116933
228 -1.09648 -1.263756 0.81011
229 -1.120438 -1.22813 0.720396
230 -1.117397 -1.175095 0.686694
231 0.191409 -0.903406 0.084985
232 1.237485 -0.862168 0.658923
233 -0.947853 0.194888 0.599925
234 -0.245486 -0.533177 -0.131964
235 0.907079 0.236164 1.129237
236 0.937077 0.206163 1.130231
237 1.732238 -0.320175 1.140699
238 1.44704 -0.18384 1.145898
239 0.547061 0.086043 1.122628
240 -0.862458 -0.873784 1.1126
241 0.694734 0.177143 1.124871
242 -0.94776 -0.033552 0.600859
243 0.826426 -0.437131 0.792532
244 -1.121411 -1.203562 0.750302
245 0.99709 0.17617 1.131906
246 0.727072 0.116091 1.126404
247 -0.607034 0.194862 0.670406
248 -1.072834 -1.377019 1.050318
249 1.134305 1.120992 0.820648
250 -0.862118 -1.353812 1.088546
251 -0.242812 -0.53499 -0.142139
252 -0.92167 -0.52535 0.068448
253 0.696062 0.206504 1.124702
254 0.90706 -0.153827 1.133322
255 0.967138 0.355979 1.129345
256 0.19492 -0.901788 0.119248
257 1.027034 1.122023 0.90036
258 -1.11881 -1.113363 0.630426
259 1.088309 1.121022 0.83736
260 1.116576 -0.862894 0.690171
261 0.997078 0.236095 1.131278
262 -0.607003 -0.033006 0.670132
263 1.116224 1.121059 0.868379
264 1.71674 0.656079 1.127314
265 0.517101 0.536093 1.117242
266 1.026354 1.121046 0.869003
267 1.627033 -0.243717 1.148458
268 1.221569 -0.439019 0.7956
269 1.20707 0.386103 1.134472
270 1.267078 0.35614 1.136146
271 0.769371 0.3777 1.125356
272 -0.609707 -0.033641 0.6554
273 -0.833319 -0.513832 0.178251
274 -0.937623 0.174223 0.585639
275 1.207143 0.446042 1.133847
276 1.116246 -0.863188 0.660216
277 1.537011 0.536114 1.140393
278 1.68702 -0.303805 1.136706
279 -0.838974 -0.540127 0.062116
280 0.577103 0.116065 1.122993
281 -1.119211 -0.692977 0.630493
282 1.205247 -0.437419 0.791714
283 1.08716 -0.871867 0.748459
284 0.564934 -0.175294 1.125204
285 0.517067 -0.0038 1.122892
286 1.41708 0.086137 1.142389
287 0.847055 -0.003815 1.130383
288 0.547092 0.506136 1.118238
289 -0.925627 -0.003918 0.569105
290 -0.615126 -0.003839 0.628048
291 0.577866 -0.154236 1.125887
292 0.487004 -0.21375 1.12441
293 0.505997 -0.569102 0.83034
294 -0.292846 -0.517121 -0.120854
295 0.967049 0.296125 1.129966
296 -0.947981 0.176169 0.59987
297 0.51701 -0.033832 1.123205
298 0.824533 -0.435531 0.796468
299 0.787078 0.206093 1.126818
300 -0.946129 -0.049128 0.600656
301 -0.084107 -0.904063 0.081222
302 0.967017 0.056128 1.132476
303 0.847024 -0.123833 1.13164
304 0.517149 0.295946 1.11976
305 1.44705 -0.093861 1.14495
306 -0.074081 -0.873716 0.067222
307 0.722456 0.208334 1.125029
308 0.448374 -0.863194 0.743676
309 0.967112 0.206152 1.130909
310 1.357083 0.326137 1.138505
311 -0.25449 -0.530909 -0.147687
312 1.387125 0.535933 1.136989
313 -0.541572 -0.533187 -0.131662
314 1.05577 1.121081 0.898753
315 0.939856 -0.862903 0.687454
316 0.549266 -0.184835 1.125672
317 -0.889893 -0.534784 0.057844
318 1.267102 0.386116 1.135829
319 0.577101 0.506106 1.118919
320 0.449966 -0.834006 0.737143
321 1.62701 -0.213815 1.150292
322 0.457295 -0.213797 1.117399
323 1.327058 0.416044 1.136882
324 0.937147 -0.863407 0.630052
325 0.532083 -0.130877 1.125286
326 -0.615183 0.195045 0.628026
327 -0.268768 -0.5258 -0.150032
328 0.846451 -0.447763 0.77811
329 0.427109 0.656101 1.098045
330 1.327041 0.086138 1.140332
331 0.427155 -0.303761 1.108109
332 0.967548 -0.48117 1.152184
333 -0.463785 -0.497714 -0.15054
334 1.117244 1.122081 0.900298
335 1.732132 0.678137 1.128323
336 0.517072 0.026195 1.122577
337 -0.604588 0.176046 0.685466
338 -1.103088 -1.237707 0.810184
339 0.547058 0.026178 1.123256
340 0.545308 -0.513578 1.142789
341 -1.123168 -1.228953 0.870412
342 1.256099 -0.452391 0.802845
343 1.092782 -0.898201 0.111848
344 -0.609683 0.17601 0.655357
345 0.486511 -0.243746 1.122867
346 -0.911533 -0.033535 0.552939
347 0.876622 -0.482619 1.15015
348 1.627523 0.624279 1.132018
349 0.501604 -0.467018 0.82367
350 1.207002 -0.453481 0.780615
351 -0.912265 0.176121 0.552315
352 0.545835 -0.12326 1.124736
353 0.937076 -0.480301 1.151479
354 1.212002 -0.476456 0.769982
355 0.546609 -0.433436 0.810461
356 -1.121577 -1.228486 0.780486
357 1.357043 -0.153796 1.143534
358 0.847049 0.206187 1.128184
359 1.00071 1.121045 0.869935
360 -0.922689 -1.354016 1.087173
361 1.387819 -0.481958 1.16171
362 1.08723 1.121059 0.867971
363 -0.575322 -0.56127 -0.127816
364 1.357547 -0.47987 1.160991
365 1.207024 -0.844039 0.657
366 1.115743 1.121107 0.897886
367 1.261385 -0.841053 0.677817
368 -0.608158 0.19927 0.677422
369 0.575964 -0.482948 1.143322
370 1.091068 -0.871573 0.630301
371 -0.912121 0.194677 0.552261
372 -0.922422 -0.843649 1.111103
373 0.846154 -0.436828 0.789448
374 0.544582 -0.152581 1.124902
375 1.187665 -0.438192 0.791396
376 -0.144007 -1.373666 1.103005
377 0.877034 -0.153824 1.132637
378 1.35703 0.386088 1.137875
379 -0.537736 -0.529681 -0.135023
380 0.817056 -0.153808 1.131275
381 1.057052 1.121934 0.870316
382 1.147241 1.122628 0.840054
383 -0.806545 -0.519418 0.118557
384 0.516951 -0.153723 1.12445
385 -0.922014 -0.049139 0.566643
386 0.890266 -0.862603 0.622091
387 0.559733 -0.075377 1.125303
388 1.327063 0.386067 1.137197
389 1.117049 0.206179 1.134317
390 0.967068 0.266084 1.130287
391 0.385839 -0.303849 1.136587
392 -1.117341 -0.692597 0.626133
393 -1.122121 -1.2287 0.810414
394 -1.097152 -1.375535 1.050374
395 0.91798 -0.862666 0.680144
396 1.732364 -0.303902 1.137711
397 1.687084 0.656074 1.126634
398 1.178772 -0.447974 0.775001
399 -0.786071 -0.052062 0.675124
400 1.177091 0.416093 1.133481
401 0.474413 -0.843189 0.707214
402 1.658347 -0.213829 1.147404
403 0.56802 -0.149558 1.125135
404 -0.93815 0.177638 0.584871
405 1.115895 -0.863367 0.630079
406 -0.9372 0.196709 0.586219
407 0.75702 -0.183826 1.130229
408 0.667006 0.176099 1.124404
409 1.567033 0.566094 1.140758
410 0.487167 -0.569668 0.829788
411 -0.83401 -0.52397 0.091519
412 0.667105 0.206039 1.124098
413 0.574373 -0.09245 1.124923
414 0.727056 -0.003852 1.127656
415 -0.911706 -0.003673 0.552867
416 -1.101724 -1.237757 0.629975
417 1.117198 1.121958 0.870169
418 1.087241 1.121934 0.870319
419 1.537015 0.20613 1.14384
420 0.846706 -0.434131 0.797362
421 0.577052 0.176064 1.122368
422 0.399223 -0.273808 1.108121
423 0.576707 -0.03364 1.124544
424 0.45765 0.62577 1.102691
425 1.327061 0.326074 1.137827
426 -0.853663 -0.570314 0.026458
427 1.687289 0.678605 1.12647
428 -0.776378 -0.093832 0.681738
429 1.104122 -1.027223 0.139061
430 0.203653 -1.00489 0.078387
431 1.050901 -0.864973 0.689763
432 1.098593 -1.02679 0.139578
433 -0.530973 -0.522495 -0.131497
434 1.236778 -0.814001 0.666475
435 -0.79362 -0.093848 0.679215
436 0.84702 0.236166 1.127868
437 -1.12269 -1.228774 0.840571
438 0.517094 0.416059 1.118504
439 -0.893637 -0.526416 0.070555
440 1.087084 0.176169 1.133948
441 0.199875 -1.034257 0.147353
442 0.997055 0.026225 1.13347
443 1.087096 1.121739 0.810313
444 1.297043 0.416094 1.1362
445 0.186219 -0.875193 0.085593
446 0.487039 -0.548901 0.841532
447 1.141614 1.121073 0.867093
448 1.207428 -0.434088 0.802906
449 1.567076 0.146183 1.145158
450 1.091628 -0.9919 0.095471
451 1.567084 0.506123 1.141389
452 0.907145 0.355957 1.127981
453 1.567093 0.176165 1.144838
454 -0.526005 -0.521779 -0.137431
455 1.057108 1.121715 0.810347
456 0.705303 0.20226 1.125429
457 1.051013 -0.864966 0.630094
458 -1.102236 -1.237832 0.750262
459 1.686894 -0.273616 1.136472
460 2.379827 -0.567197 1.178105
461 2.378491 0.655277 1.173561
462 2.378434 -0.565795 1.185351
463 0.194732 -0.898602 0.147588
464 0.499575 -0.222741 1.125329
465 1.717008 -0.273879 1.137064
466 2.378431 -0.541144 1.18538
467 1.5371 -0.123826 1.147309
468 0.198311 -0.880424 0.120626
469 2.379023 -0.541455 1.178655
470 -1.117837 -1.178999 0.711426
471 1.027043 -0.863208 0.660268
472 1.537043 0.506148 1.140707
473 1.567065 -0.123819 1.147985
474 1.055855 1.121076 0.927583
475 0.876753 -0.483602 0.626989
476 1.59711 0.596159 1.141121
477 0.996995 0.056175 1.133153
478 0.757028 -0.003849 1.128341
479 1.65701 -0.30378 1.136019
480 -1.119842 -1.228114 0.690163
481 -1.120095 -1.17386 0.690259
482 0.727033 0.086087 1.126711
483 1.477052 0.116159 1.143424
484 1.057048 0.146137 1.133588
485 1.417073 -0.183826 1.145214
486 1.507026 -0.183819 1.147256
487 1.507034 -0.153841 1.146945
488 -0.609673 -0.003887 0.655274
489 -0.173716 -1.376069 1.079934
490 -1.101585 -1.237911 0.690201
491 1.986324 -0.890037 0.136258
492 -0.892331 -0.843817 1.111794
493 -0.892498 -0.813759 1.111653
494 1.537079 0.116156 1.14479
495 -0.95325 -1.374918 1.080647
496 0.57705 0.086138 1.123309
497 1.177066 0.386054 1.13379
498 -0.953454 -0.873872 1.11054
499 -0.892624 -0.783737 1.111509
500 1.507074 0.116124 1.144105
501 1.507043 0.08615 1.144425
502 1.477014 0.086152 1.143741
503 1.537034 -0.183843 1.147938
504 1.20705 0.356125 1.134785
505 1.05707 0.17615 1.133274
506 0.847141 -0.510473 1.149578
507 1.627121 0.566115 1.142116
508 0.577122 -0.183886 1.126149
509 1.537043 0.176165 1.14416
510 0.967039 0.026179 1.132786
511 0.877034 0.026183 1.130744
512 1.537038 -0.153834 1.147625
513 0.847036 0.116109 1.129129
514 0.60704 0.116075 1.123675
515 1.686376 0.625861 1.127204
516 1.057049 0.056099 1.134525
517 0.847067 0.026187 1.130065
518 1.177031 0.356072 1.134103
519 1.567054 0.446079 1.142016
520 1.057047 0.086043 1.134207
521 -0.203429 -1.376107 1.080029
522 0.90699 0.056107 1.131114
523 0.69825 0.11558 1.125816
524 1.597048 0.446042 1.142688
525 1.027104 -0.862923 0.68985
526 1.115733 -0.863554 0.600145
527 -0.60449 -0.03342 0.686009
528 2.379074 0.056179 1.175822
529 2.379075 -0.003833 1.176103
530 0.579116 -0.12467 1.1257
531 -0.891945 -1.353929 1.087865
532 0.689522 0.119386 1.125102
533 1.027142 0.356031 1.130701
534 2.378889 0.506113 1.173643
535 0.72708 0.056129 1.127025
536 1.597007 -0.213842 1.149611
537 1.057253 1.122168 0.93032
538 2.378828 0.626142 1.173095
539 0.607043 0.176057 1.123049
540 3.188041 -1.372725 1.169386
541 1.994857 -0.903432 0.117574
542 1.477026 -0.153872 1.146265
543 1.387063 -0.183798 1.14453
544 2.381891 -0.420708 1.185453
545 0.817013 -0.183802 1.131591
546 0.473521 -0.815579 0.706386
547 0.697297 0.08596 1.126052
548 0.876967 0.146104 1.129493
549 2.379104 0.026154 1.175946
550 2.379209 -0.423798 1.178127
551 2.379177 -0.513574 1.178559
552 0.606689 -0.480763 1.14399
553 1.597039 -0.243651 1.147822
554 3.607809 -1.371092 1.188224
555 2.378927 0.44623 1.173944
556 1.387019 0.056172 1.142011
557 2.378915 0.41629 1.174108
558 0.699679 0.144928 1.125651
559 -0.203516 -1.373618 1.102057
560 0.937044 0.146109 1.130859
561 -0.203257 -1.376236 1.050082
562 2.37895 0.296144 1.174683
563 0.572369 -0.433828 0.80541
564 0.193311 -0.925217 0.138274
565 2.524612 0.55065 1.1856
566 0.635199 0.056979 1.124823
567 0.757057 0.05612 1.127709
568 1.057033 0.116033 1.133896
569 0.577058 0.325843 1.12081
570 2.378736 -0.496051 1.185316
571 0.714226 0.12686 1.125247
572 0.81701 -0.123804 1.130959
573 1.027031 0.056161 1.133839
574 0.195119 -0.894368 0.17806
575 2.379138 -0.153841 1.176826
576 1.68726 -0.320592 1.139791
577 1.676389 0.680617 1.125136
578 0.817018 0.236122 1.127184
579 2.378975 0.206169 1.175112
580 2.379111 -0.183891 1.17699
581 2.37902 0.17619 1.175248
582 1.627051 -0.183769 1.14998
583 0.660056 0.059142 1.125086
584 1.567064 0.116198 1.145472
585 3.459765 0.536172 1.198074
586 2.37919 -0.243817 1.17724
587 0.198578 -0.878706 0.179188
588 1.95687 -0.899718 0.107463
589 2.53067 0.553846 1.188871
590 0.194762 -0.892521 0.207455
591 1.567065 0.026176 1.146416
592 1.567095 -0.00384 1.146738
593 0.591202 -0.014641 1.125307
594 1.17709 0.026161 1.137564
595 2.3791 -0.123884 1.176688
596 2.37869 -0.461943 1.185289
597 2.379036 0.146184 1.175385
598 2.379195 -0.213856 1.177081
599 2.379005 0.32614 1.174496
600 2.378987 0.386202 1.174216
601 1.091441 -0.871897 0.60027
602 1.537057 -0.033846 1.146364
603 1.507075 -0.123824 1.146627
604 2.37893 0.56614 1.173331
605 1.537053 -0.003868 1.146053
606 0.637075 0.206065 1.123415
607 2.378242 -0.519814 1.185362
608 0.637091 0.176061 1.123732
609 2.379056 -0.033824 1.176279
610 2.379191 -0.33379 1.177704
611 2.379061 0.086164 1.175664
612 1.597052 -0.003812 1.147408
613 0.902838 -0.457803 0.639105
614 2.900915 -0.466301 -0.570542
615 2.914032 -0.460055 -0.575131
616 1.597029 0.026128 1.147101
617 1.597042 0.146184 1.145833
618 0.667361 0.025982 1.126006
619 2.379146 -0.303803 1.17755
620 1.083136 1.121064 0.92191
621 0.937041 0.08606 1.131479
622 1.095421 -0.877001 0.150057
623 3.303699 -0.4538 -0.574638
624 3.280915 -0.458043 -0.576994
625 0.697024 -0.183837 1.128865
626 0.886778 -0.679595 0.645409
627 1.477059 0.056134 1.144057
628 2.911004 -0.478989 -0.570938
629 3.127859 -1.372712 1.169207
630 3.824706 -0.323988 -0.84052
631 3.101964 -1.372524 1.166533
632 0.668488 0.055473 1.125787
633 0.997049 -0.003812 1.133789
634 2.898012 -0.482733 -0.576625
635 3.108792 -1.371802 1.19305
636 1.597044 0.116202 1.146154
637 2.771549 -0.729638 -0.37063
638 1.992519 -0.994189 0.114573
639 1.063095 -1.029006 0.106237
640 2.527195 0.564187 1.169172
641 1.981887 -1.0329 0.137828
642 1.95329 -1.025916 0.115318
643 3.840815 -0.243776 -0.904447
644 1.055974 -1.026177 0.094025
645 3.824276 -0.303763 -0.840458
646 1.09157 -0.933675 0.107386
647 2.015489 -0.993814 0.106987
648 1.990393 -1.024804 0.118307
649 2.379008 0.266176 1.174783
650 1.177297 -0.86231 0.662658
651 1.955752 -1.052192 0.107737
652 3.757429 -1.372299 1.170304
653 3.839127 -0.259969 -0.905206
654 1.477045 -0.18384 1.14658
655 3.841941 -0.183835 -0.959606
656 1.95567 -0.995685 0.107746
657 1.116017 -0.993292 0.088788
658 2.944715 -0.721909 -0.628977
659 1.990685 -1.0529 0.114428
660 1.927072 -1.025635 0.113887
661 1.09104 -0.933735 0.094148
662 2.775051 -0.730989 -0.598363
663 2.9172 -0.722422 -0.625384
664 1.091015 -0.963489 0.094262
665 1.093594 -0.997453 0.10894
666 1.031752 -1.029181 0.105609
667 2.24601 -1.220759 0.119571
668 2.012882 -1.221824 0.116265
669 1.950548 -1.220864 0.112045
670 1.954262 -1.202809 0.107894
671 1.992016 -1.202653 0.114851
672 1.897074 -1.025692 0.113218
673 2.185979 -1.243174 0.148872
674 2.15935 -1.247064 0.170026
675 1.915493 -1.24333 0.142741
676 1.92856 -1.047211 0.10701
677 1.02697 -1.025571 0.093304
678 1.992729 -0.963782 0.114244
679 2.166391 -1.243832 0.151667
680 2.159722 -1.263961 0.173123
681 1.889995 -1.264953 0.169955
682 1.948237 -1.059787 0.105025
683 1.991035 -1.083679 0.113148
684 1.091615 -0.963664 0.107548
685 3.00699 -0.869985 -0.626242
686 2.107555 -1.37688 0.416854
687 1.889569 -1.248071 0.166926
688 3.756812 -1.375536 0.450829
689 2.015879 -1.20327 0.108933
690 2.226719 -1.220896 0.118361
691 2.251016 -1.20168 0.115823
692 3.098481 -1.372886 1.139616
693 2.782512 -0.920827 -0.614606
694 2.227023 -1.203326 0.113488
695 2.770912 -0.729103 -0.389607
696 2.791676 -0.933535 -0.623363
697 2.165257 -1.263709 0.153268
698 2.016835 -1.377299 0.390534
699 1.928118 -1.204329 0.10688
700 2.106515 -1.377185 0.390883
701 1.89669 -1.058342 0.104282
702 1.995717 -1.221311 0.124139
703 1.927583 -1.000346 0.107032
704 2.198011 -1.376814 0.4175
705 1.925516 -1.059247 0.104796
706 3.157691 -1.372689 1.169296
707 0.546558 -0.453593 1.142556
708 2.790968 -0.994226 -0.626438
709 2.774114 -0.933646 -0.600357
710 0.499137 -0.476368 0.829345
711 1.567048 -0.03383 1.147045
712 0.576317 -0.453154 1.143205
713 2.791605 -0.963467 -0.625003
714 0.308457 -1.378798 0.360474
715 0.260786 -1.244179 0.104971
716 0.308124 -1.378526 0.382483
717 0.2469 -1.378919 0.36041
718 0.22233 -1.021211 0.072217
719 0.197675 -1.04268 0.117256
720 1.991249 -1.173745 0.113443
721 0.216879 -1.378743 0.387497
722 0.204829 -1.042471 0.079055
723 0.205075 -1.033265 0.11615
724 0.197074 -1.042343 0.148081
725 0.271308 -1.244014 0.104966
726 0.19994 -1.030626 0.118795
727 0.193254 -1.378467 0.416091
728 0.205092 -1.215874 0.078506
729 0.213651 -1.02972 0.084849
730 0.247117 -1.378729 0.387407
731 0.223345 -1.221379 0.072775
732 0.175551 -1.22079 0.072975
733 0.181687 -1.201546 0.070136
734 0.192446 -1.220826 0.08608
735 0.196714 -1.052407 0.086327
736 0.18832 -1.378743 0.386547
737 0.217501 -1.202351 0.069331
738 0.195403 -1.023664 0.091848
739 0.277096 -1.221717 0.073626
740 0.217609 -1.053513 0.06919
741 0.217288 -0.992441 0.068724
742 0.247287 -1.031398 0.081416
743 0.005266 -1.2641 0.099705
744 0.009945 -1.379015 0.360094
745 0.005119 -1.244457 0.099582
746 0.018352 -1.246908 0.11023
747 0.197963 -0.879089 0.149806
748 -0.011145 -1.244508 0.099971
749 0.207568 -1.221073 0.081048
750 -0.233106 -1.376139 1.080285
751 -0.073374 -1.220805 0.068234
752 -0.113945 -1.379107 0.389187
753 -0.077697 -1.201947 0.064843
754 -0.233047 -1.373526 1.101581
755 -0.085319 -1.221223 0.080761
756 -0.09039 -1.200917 0.08104
757 -0.23303 -1.376273 1.050353
758 -0.606778 0.195043 0.710107
759 -0.02564 -1.379106 0.358927
760 0.157068 -1.221711 0.070887
761 0.196274 -1.173668 0.083436
762 -0.892162 -1.374962 1.081372
763 -0.892413 -0.75371 1.111375
764 -0.953679 -0.813569 1.110253
765 -0.712329 -1.353637 0.541515
766 -0.953513 -0.843836 1.110396
767 -0.011079 -1.264038 0.100129
768 -0.743367 -1.333659 0.540747
769 -0.892507 -0.723572 1.111242
770 -0.953751 -1.353901 1.086472
771 -1.093698 -1.375701 0.780383
772 -0.862497 -0.723635 1.111918
773 -0.771219 -1.188009 -0.033036
774 -1.093722 -1.323514 0.69043
775 -1.101722 -1.237802 0.66008
776 -1.090447 -1.375181 0.57042
777 -1.095725 -1.353465 0.78035
778 -1.088967 -1.323856 0.480166
779 -1.091697 -1.293438 0.600213
780 -1.09107 -1.263551 0.570372
781 -1.120744 -1.203622 0.720294
782 -1.095038 -1.353382 0.750368
783 -1.0875 -1.243885 0.501999
784 0.274419 -1.378863 0.360586
785 -1.117353 -1.083655 0.569468
786 -0.761802 -0.920861 -0.278894
787 -1.119383 -1.203918 0.66012
788 -0.714009 -1.334313 0.545874
789 -1.087139 -1.244616 0.47519
790 -1.087357 -1.325693 0.480998
791 -0.760198 -0.92091 -0.294534
792 -1.103872 -1.235053 0.510368
793 -1.117981 -1.051946 0.552127
794 -0.983201 -1.353792 1.085815
795 -1.119272 -1.227603 0.660334
796 -0.953897 -1.323903 1.086339
797 -1.091728 -1.263572 0.600058
798 -1.116801 -1.053411 0.540391
799 -1.118091 -1.083545 0.577615
800 0.202916 -1.032871 0.171278
801 -1.120114 -1.143873 0.690185
802 -0.983235 -1.374939 1.08017
803 -1.104673 -1.234928 0.540324
804 -0.740026 -0.867785 -0.199208
805 -1.096417 -1.353584 0.810268
806 -1.094389 -1.323528 0.720118
807 -1.10275 -1.235364 0.48049
808 0.274271 -1.378675 0.387075
809 -0.764033 -0.790958 -0.247958
810 -0.832913 -1.35381 1.089216
811 -0.0851 -1.379004 0.38592
812 -0.950792 -0.839396 -0.590117
813 -0.982981 -1.323868 1.085683
814 -0.958855 -0.833992 -0.578054
815 -0.864262 -0.712067 -0.450712
816 -0.026266 -1.378732 0.380151
817 0.217555 -1.378472 0.41611
818 -0.173588 -1.376201 1.049971
819 -0.89155 -0.714913 -0.425364
820 -0.892841 0.194756 0.540059
821 -0.646892 -0.636676 -0.1262
822 -0.910666 -0.048937 0.553526
823 -1.088838 -1.374321 0.480494
824 -0.953449 -0.783804 1.110131
825 -0.615228 -1.37686 0.659316
826 -0.622842 -1.332503 0.6905
827 -0.612186 -1.376234 0.688673
828 -0.625176 -1.331964 0.7196
829 -1.034288 -0.123811 -1.054544
830 -1.034051 -0.093775 -1.054592
831 -0.628552 -1.332129 0.749331
832 -1.032605 0.140509 -1.055109
833 -1.104563 -1.235216 0.57015
834 -0.173723 -1.373671 1.102473
835 -1.033908 -0.123795 -1.080407
836 -0.892774 -0.033782 0.541039
837 -1.048958 -0.453733 -1.229764
838 -1.048718 -0.423651 -1.229744
839 -1.04843 -0.392152 -1.228997
840 -1.048166 -0.363528 -1.229608
841 -1.033641 -0.09378 -1.080333
842 -1.04803 -0.423703 -1.259794
843 -1.047778 -0.392561 -1.259117
844 -1.047346 -0.183791 -1.199701
845 -1.046858 -0.123779 -1.199692
846 -1.048275 -0.453697 -1.25978
847 -1.046376 -0.063782 -1.199691
848 -1.046671 -0.18378 -1.229692
849 -1.046971 -0.303496 -1.259589
850 -1.047157 -0.243764 -1.229704
851 -1.046905 -0.453692 -1.319743
852 -1.047107 -0.393643 -1.289689
853 -1.047968 -0.093789 -1.139701
854 -1.047347 -0.423725 -1.289769
855 -1.046421 -0.393697 -1.319734
856 -1.044294 0.02623 -1.259687
857 -1.032051 0.14048 -1.079624
858 -0.502298 -0.510177 -0.146506
859 -1.045978 -0.423713 -1.34975
860 -1.099148 -1.353848 0.930235
861 -1.045293 -0.423705 -1.379747
862 -1.045532 -0.45368 -1.37971
863 -1.045053 -0.393714 -1.37974
864 -1.044845 -0.453666 -1.409723
865 -1.044603 -0.423651 -1.409746
866 -1.046661 -0.423697 -1.319744
867 -1.04392 -0.423655 -1.439704
868 -1.043681 -0.393673 -1.439746
869 -1.044367 -0.393718 -1.409713
870 -1.043099 -0.243619 -1.409648
871 -1.04573 -0.393722 -1.349766
872 -1.043235 -0.423677 -1.469689
873 -1.042994 -0.393663 -1.469719
874 -1.041825 -0.003794 -1.379687
875 -1.046619 -0.093783 -1.199686
876 -1.099825 -1.353839 0.960244
877 -1.041145 -0.003809 -1.409689
878 -1.042502 -0.003792 -1.34968
879 -0.144135 -1.376162 1.050096
880 -1.031368 0.1404 -1.109599
881 -1.046183 -0.123769 -1.229695
882 -1.041861 -0.423553 -1.529622
883 -1.103542 -1.237643 0.840224
884 -1.039833 -0.093803 -1.499687
885 -1.041487 -0.213627 -1.469678
886 -1.039454 -0.213334 -1.559562
887 -1.042313 -0.393638 -1.499684
888 -1.040315 -0.153783 -1.499681
889 -1.040995 -0.153786 -1.469697
890 -1.040517 -0.093798 -1.469681
891 -1.037513 0.026188 -1.55967
892 -1.04014 -0.213474 -1.529606
893 -1.040468 -0.003807 -1.439684
894 -1.037076 -0.003823 -1.589684
895 -1.036835 0.02618 -1.589671
896 -1.041241 -0.183634 -1.469655
897 -1.044728 0.05624 -1.229671
898 -1.100509 -1.353799 0.990211
899 -1.046134 -0.033777 -1.199672
900 -1.038917 -0.063797 -1.529699
901 -1.035717 -0.003834 -1.64968
902 -1.037271 0.05619 -1.559668
903 -1.035477 0.026193 -1.649696
904 -1.034349 -0.003812 -1.709685
905 -1.047492 -0.033769 -1.139685
906 -1.038673 -0.033804 -1.529714
907 -1.034114 0.026177 -1.709687
908 -1.03479 0.02618 -1.679698
909 -1.03639 -0.003816 -1.619687
910 -1.041868 -0.093801 -1.409695
911 -1.033675 -0.003825 -1.739667
912 -1.03299 -0.003829 -1.769705
913 -1.032753 0.026189 -1.769709
914 -1.033436 0.026179 -1.739688
915 -1.032303 -0.003821 -1.799693
916 -1.032059 0.026172 -1.7997
917 -1.037758 -0.003802 -1.55968
918 -1.033708 -0.093806 -1.769677
919 -1.031624 -0.00383 -1.829707
920 -1.033268 -0.122912 -1.799412
921 -1.031385 0.026174 -1.82969
922 -1.032587 -0.123116 -1.829441
923 -1.030936 -0.003841 -1.859682
924 -1.030254 -0.003814 -1.889685
925 -1.037313 -0.033814 -1.589671
926 -1.030014 0.026161 -1.889698
927 -1.030697 0.026159 -1.859666
928 -1.02933 0.02616 -1.919704
929 -1.03959 -0.063799 -1.499683
930 -1.038232 -0.063802 -1.55969
931 -1.027883 0.006708 -1.962734
932 -1.028654 0.026075 -1.949506
933 -1.028221 0.025096 -1.97659
934 -1.022186 0.139236 -1.499654
935 -1.027828 0.032545 -1.961393
936 -1.045889 -0.003766 -1.199687
937 -1.028063 -0.006397 -2.001868
938 -1.027525 -0.032524 -2.012127
939 -1.027237 0.026404 -2.010202
940 -1.038191 0.080064 -1.499583
941 -1.02151 0.139154 -1.529633
942 -1.028338 -0.004411 -1.977797
943 -1.03068 0.140305 -1.139632
944 -1.040243 0.085919 -1.108716
945 -1.044584 -0.093778 -1.289699
946 -1.037652 0.079853 -1.529661
947 -1.020839 0.139092 -1.559628
948 -1.045647 0.026243 -1.19968
949 -1.029991 0.14021 -1.169648
950 -1.036975 0.079787 -1.559656
951 -1.039718 0.086294 -1.229647
952 -1.036311 0.079705 -1.589644
953 -1.026342 0.056149 -2.039658
954 -1.018808 0.138864 -1.649659
955 -1.027773 -0.119294 -2.019034
956 -1.027707 -0.09136 -2.016188
957 -1.027829 -0.145108 -2.021749
958 -1.041173 -0.423387 -1.559587
959 -1.038881 -0.393438 -1.649512
960 -1.039562 -0.393348 -1.619555
961 -1.039811 -0.423497 -1.619551
962 -1.039133 -0.423304 -1.649413
963 -1.037522 -0.393436 -1.70951
964 -1.029449 -0.243683 -2.009685
965 -1.03684 -0.393742 -1.739727
966 -1.038452 -0.42357 -1.679603
967 -1.037764 -0.423707 -1.709755
968 -1.035465 -0.393721 -1.799683
969 -1.036149 -0.393698 -1.769736
970 -1.037078 -0.42374 -1.739731
971 -1.040064 -0.453287 -1.619467
972 -1.036387 -0.423702 -1.769716
973 -1.039381 -0.453715 -1.649719
974 -1.033395 -0.393616 -1.889656
975 -1.034084 -0.393661 -1.8597
976 -1.048219 -0.123783 -1.139701
977 -1.033637 -0.423612 -1.889605
978 0.037908 -1.378868 0.383876
979 -0.116914 -1.375967 1.080115
980 -1.124199 -1.229074 0.930043
981 0.338156 -1.378847 0.36005
982 -0.117044 -1.373658 1.103428
983 0.338846 -1.378546 0.385018
984 -1.12365 -1.22908 0.900117
985 -0.741271 -0.857043 -0.193855
986 -1.100542 -1.323799 0.990212
987 0.203706 -0.892453 0.077425
988 -0.817582 -0.885618 -0.069631
989 -0.473117 -0.501647 -0.17894
990 -0.797482 -1.187885 -0.034433
991 -1.042739 -1.053749 1.109346
992 0.906518 -0.513311 1.150981
993 0.967284 -0.862997 0.690075
994 1.387057 0.026163 1.142329
995 0.906988 0.11608 1.130485
996 -1.116085 -1.083989 0.510315
997 0.198764 -0.878368 0.209836
998 -0.793662 -0.035411 0.678924
999 -0.803137 -0.03356 0.872994
1000 -0.872322 -0.049193 0.853763
1001 0.936905 -0.453003 1.151391
1002 -0.776415 -0.035493 0.681444
1003 -0.953407 -0.753839 1.109995
1004 -1.115427 -1.083614 0.480539
1005 1.009623 1.121037 0.919302
1006 -0.89248 -0.693737 1.111107
1007 -0.873783 -0.033457 0.852219
1008 1.327086 -0.093811 1.142229
1009 -1.114725 -1.083758 0.450136
1010 -0.866011 -0.034255 0.85756
1011 1.147039 0.206154 1.134997
1012 -0.787164 -0.034178 0.675255
1013 1.417752 -0.453067 1.162285
1014 0.897579 -0.435977 0.655948
1015 1.177014 -0.093812 1.138816
1016 1.297064 -0.063816 1.141228
1017 -0.89254 -0.663735 1.110962
1018 1.357042 -0.183817 1.143852
1019 0.875508 -0.445523 0.649134
1020 1.267075 -0.093778 1.140868
1021 0.87724 -0.435474 0.659321
1022 1.267079 -0.123765 1.141178
1023 -0.825124 -0.03355 0.868185
1024 0.455038 -0.814455 0.739848
1025 1.975718 -0.813686 0.808457
1026 1.958608 -0.864175 0.811252
1027 1.05725 -0.453031 1.15412
1028 1.975252 -0.865199 0.808702
1029 2.378907 0.476189 1.1738
1030 2.379145 -0.393814 1.178014
1031 2.379143 -0.093881 1.176517
1032 2.379001 0.23617 1.174977
1033 2.37892 0.536089 1.17347
1034 2.379236 -0.363814 1.177817
1035 1.357014 -0.123813 1.14322
1036 0.198424 -0.876423 0.269471
1037 3.456988 0.563637 1.190596
1038 3.457714 0.555002 1.218688
1039 0.757046 0.086104 1.127395
1040 1.387047 -0.123844 1.143902
1041 1.237036 -0.183815 1.141126
1042 0.902821 -0.443022 0.648267
1043 1.267068 -0.183819 1.141811
1044 2.378998 0.356157 1.174341
1045 0.576692 -0.422879 1.143087
1046 2.379215 -0.273808 1.177385
1047 1.206473 -0.862066 0.657935
1048 2.378891 0.596213 1.173226
1049 3.547884 -1.372382 1.169767
1050 1.5671 -0.335463 1.165039
1051 2.379145 -0.063861 1.176349
1052 3.517744 -1.372567 1.139476
1053 3.54715 -1.372603 1.140151
1054 1.991019 -1.113486 0.11329
1055 3.7866 -1.376993 0.122059
1056 1.054999 -0.87805 0.093635
1057 3.756756 -1.377038 0.12019
1058 1.417033 -0.335522 1.161673
1059 2.558148 0.55081 1.185697
1060 1.991187 -1.143561 0.113341
1061 2.780148 -1.019448 -0.662628
1062 3.460012 0.14611 1.199837
1063 2.785661 -1.209517 -0.346256
1064 1.071614 -0.441946 1.155279
1065 2.197007 -1.203367 0.112814
1066 2.77515 -1.221649 -0.366542
1067 0.847045 -0.063821 1.131012
1068 0.758065 -0.863468 0.570971
1069 2.789869 -1.083689 -0.628126
1070 2.788994 -1.031175 -0.689875
1071 2.379185 -0.483553 1.17841
1072 2.37911 0.116185 1.175489
1073 0.546847 -0.423442 1.142417
1074 2.807162 -1.263566 -0.427574
1075 2.243937 -0.725612 0.116764
1076 2.807762 -1.263584 -0.443975
1077 2.379202 -0.453671 1.178264
1078 2.227017 -0.72525 0.116659
1079 1.096773 -0.425284 1.155401
1080 1.975517 -0.843648 0.808314
1081 -0.263229 -1.376165 1.080264
1082 0.010162 -1.378915 0.384559
1083 0.245348 -1.378496 0.416501
1084 -0.263 -1.373474 1.101054
1085 -0.611381 -1.377308 0.721635
1086 1.147479 -0.423473 1.156054
1087 1.16921 -0.431278 1.155068
1088 -0.776216 -0.453438 0.683297
1089 -0.776185 -0.484013 0.683461
1090 -0.983947 -0.423676 1.107813
1091 -0.922192 -0.423596 1.109201
1092 -0.922187 -0.454154 1.109342
1093 -0.464794 -0.500132 -0.203244
1094 -0.983941 -0.483882 1.108084
1095 -0.614534 -1.377573 0.75151
1096 -0.489351 -0.506531 -0.166515
1097 -0.809567 -0.00411 0.812034
1098 -0.639048 -1.377745 0.616746
1099 -0.843821 -0.526441 0.228626
1100 -0.835065 -0.520123 0.208775
1101 -0.823707 0.023632 0.868232
1102 -0.900736 -0.548258 0.258784
1103 -0.717131 -1.188135 -0.062858
1104 -0.873666 0.021947 0.852035
1105 -0.773379 -0.01173 0.684415
1106 -0.892493 -0.454188 1.110017
1107 -0.892597 -0.483815 1.110153
1108 -0.780194 -0.009451 0.669379
1109 -1.118056 -0.542943 0.548202
1110 -0.910545 -0.54961 0.258928
1111 -0.892447 -0.423535 1.109881
1112 -1.088366 -1.373997 0.452092
1113 -0.699424 -1.378356 0.556453
1114 -0.801944 -0.009407 0.682017
1115 -0.785359 -1.222412 -0.136464
1116 -1.105179 -1.23327 0.360167
1117 -1.087932 -1.370973 0.395546
1118 -1.104083 -1.234116 0.420718
1119 -1.114709 -1.113898 0.450321
1120 -0.800165 -1.221728 -0.144565
1121 -1.113427 -1.023787 0.39021
1122 -1.111998 -1.113587 0.33027
1123 -1.114619 -1.203816 0.450118
1124 -1.114081 -1.053535 0.420082
1125 -1.104574 -1.23329 0.300134
1126 -0.892867 -0.53987 0.242288
1127 0.367825 -1.378539 0.385392
1128 -0.788754 -0.005327 0.675105
1129 -0.695278 -0.936007 -0.349038
1130 -1.113282 -1.173474 0.390107
1131 -0.865815 0.022187 0.857417
1132 -1.114578 -0.544042 0.420038
1133 -0.46029 -0.498713 -0.198368
1134 -1.104667 -1.233558 0.39042
1135 -1.114755 -1.053665 0.450254
1136 -0.621405 -0.604576 -0.127067
1137 -1.104762 -1.233336 0.330132
1138 -1.114778 -1.023494 0.450458
1139 -1.112828 -0.933716 0.359671
1140 -1.1135 -0.963616 0.390679
1141 -1.114657 -1.173544 0.450389
1142 -1.115404 -1.053913 0.479979
1143 -1.115267 -0.543959 0.450152
1144 -0.953365 -0.513808 1.10891
1145 -0.776169 -0.513771 0.683601
1146 -0.64576 -1.376256 0.597251
1147 -0.892912 -0.033775 0.838848
1148 -0.892529 -0.513891 1.110292
1149 -1.117703 -0.547455 0.626598
1150 -1.114132 -0.993347 0.42024
1151 -0.102428 -0.693877 0.779443
1152 -0.983958 -0.573948 1.108494
1153 -0.953201 -0.544001 1.109052
1154 -1.117724 -0.572822 0.591641
1155 -0.863284 -1.330778 0.835014
1156 -0.776125 -0.543595 0.683755
1157 -0.068923 -0.708017 0.102351
1158 -0.983989 -0.603854 1.108631
1159 -0.892484 -0.543887 1.110421
1160 -0.610121 0.195419 0.724751
1161 -0.922272 -1.082712 1.112157
1162 -0.983707 -1.083825 1.110809
1163 -1.11178 -0.603301 0.299604
1164 -0.615683 0.195354 0.749849
1165 -1.043609 0.026218 -1.289685
1166 -1.103927 -1.233316 0.270571
1167 -0.947421 -0.518921 0.180093
1168 -0.825794 -1.330568 0.857644
1169 -1.104342 -1.232832 0.240037
1170 -0.922744 -1.324132 1.087024
1171 -1.013003 -1.113487 1.110278
1172 -1.013191 -1.353999 1.085151
1173 -1.125633 -1.229241 1.019829
1174 -1.126866 -1.203836 0.98995
1175 -1.12518 -1.229134 0.989987
1176 -1.013183 -1.083793 1.110149
1177 -1.118566 -0.724113 0.600842
1178 -0.88302 -1.330841 0.829061
1179 -1.126187 -1.203973 0.960041
1180 -0.371161 -0.49932 -0.043621
1181 -0.632495 -1.332483 0.771405
1182 -0.953725 -1.083568 1.111482
1183 -0.830383 -1.330573 0.841374
1184 -0.95416 -1.113584 1.111607
1185 -1.013242 -1.37497 1.079704
1186 -1.042809 -1.353964 1.084486
1187 -1.111111 -0.603324 0.269993
1188 -1.042811 -1.083669 1.109476
1189 0.571803 -0.538246 1.143388
1190 0.574583 -0.512492 1.143436
1191 0.60723 -0.863536 0.660339
1192 0.933645 -0.541336 1.15165
1193 -0.293175 -1.376194 1.080166
1194 -0.293105 -1.37343 1.100546
1195 0.907355 -0.540202 1.15108
1196 1.596986 -0.123839 1.148669
1197 1.597029 -0.093849 1.14835
1198 1.357262 -0.864149 0.79805
1199 1.56705 -0.093817 1.147675
1200 1.597031 0.236131 1.14489
1201 1.59707 -0.033843 1.147724
1202 3.460094 -0.333869 1.202201
1203 1.597031 -0.063869 1.14804
1204 2.407068 0.653981 1.163726
1205 1.627036 -0.003844 1.148094
1206 1.627024 -0.063823 1.148726
1207 1.476986 -0.093802 1.14563
1208 0.995207 -0.862464 0.740093
1209 3.817618 0.675191 -0.843043
1210 3.839048 0.236136 -0.959553
1211 3.839669 0.146057 -0.959552
1212 3.832878 0.611484 -0.9107
1213 3.835156 0.596238 -0.906973
1214 3.83698 0.536034 -0.95952
1215 3.460108 -0.243877 1.201754
1216 3.839253 0.206127 -0.95964
1217 3.817845 0.656196 -0.84251
1218 3.840283 0.056122 -0.959596
1219 3.460153 -0.483716 1.202907
1220 3.460167 -0.453835 1.202762
1221 3.83574 0.596323 -0.92963
1222 3.848688 0.116209 -1.349672
1223 3.460145 -0.513707 1.203069
1224 3.460149 -0.573769 1.20339
1225 2.197001 -0.725078 0.116304
1226 3.818221 0.656106 -0.869717
1227 3.83608 0.566089 -0.929715
1228 3.845983 0.116056 -1.229648
1229 3.835462 0.566153 -0.906876
1230 3.818077 0.626113 -0.842417
1231 3.63705 1.114854 -1.439637
1232 3.606906 1.113503 -1.469668
1233 3.666972 1.113308 -1.529993
1234 3.666765 1.113194 -1.559525
1235 3.636881 1.113542 -1.469959
1236 3.577216 1.113355 -1.499677
1237 3.546904 1.113365 -1.499454
1238 3.57719 1.113265 -1.589775
1239 3.606813 1.113129 -1.559729
1240 3.697251 1.114423 -1.52979
1241 3.60732 1.11338 -1.499862
1242 3.576956 1.113084 -1.559642
1243 3.636848 1.113259 -1.52945
1244 3.86133 0.53628 -2.039073
1245 3.576948 1.113218 -1.529684
1246 3.839734 0.236242 -0.989551
1247 3.839923 0.20614 -0.989674
1248 3.85579 0.598087 -2.101018
1249 3.637153 1.113377 -1.499856
1250 2.954293 -0.472242 -0.554338
1251 3.842157 -0.21386 -0.959691
1252 3.607124 1.113255 -1.529764
1253 3.847741 0.672471 -2.161056
1254 3.862489 0.591476 -2.09556
1255 3.847379 0.65621 -2.159463
1256 3.089595 -0.63413 -0.570316
1257 3.854286 -0.003632 -1.559449
1258 3.853333 -0.063529 -1.499695
1259 3.854006 -0.063725 -1.529622
1260 3.488922 -0.638432 -0.587847
1261 3.862316 0.590613 -2.074158
1262 3.85266 -0.063849 -1.469604
1263 2.826933 -0.725473 -0.621705
1264 2.771113 -0.87367 -0.367623
1265 3.860709 0.536248 -2.009623
1266 3.757448 -1.374967 0.569799
1267 2.787733 -0.904606 -0.352629
1268 3.861646 0.566411 -2.068059
1269 3.8609 0.506321 -2.009607
1270 3.063981 -0.684066 -0.59856
1271 3.864029 0.056215 -2.009768
1272 2.821572 -0.712616 -0.6087
1273 3.846689 0.656136 -2.129801
1274 3.842629 -0.183901 -0.989671
1275 3.846948 0.625949 -2.129627
1276 3.123582 -0.757035 -0.635233
1277 3.856414 -0.213766 -1.589561
1278 2.802867 -0.73121 -0.618361
1279 3.697244 -1.375212 0.539506
1280 3.860814 -0.063855 -1.8297
1281 3.856914 -0.183671 -1.619616
1282 3.190649 -0.667687 -0.591678
1283 3.063705 -0.759215 -0.634527
1284 3.857082 -0.213754 -1.619587
1285 3.860163 0.026336 -1.829716
1286 3.864866 -0.063735 -2.009701
1287 3.856201 -0.183596 -1.589778
1288 3.862392 0.565024 -2.074479
1289 3.865519 -0.063748 -2.039414
1290 3.093738 -0.850501 -0.71529
1291 3.865957 -0.123578 -2.039476
1292 2.79624 -0.720181 -0.602345
1293 3.862052 -0.090667 -1.90883
1294 2.883947 -0.89475 -0.630771
1295 2.822986 -0.93218 -0.62839
1296 3.866404 -0.183817 -2.039524
1297 3.866616 -0.213839 -2.039831
1298 2.818473 -0.959134 -0.628706
1299 3.058832 -0.848385 -0.716312
1300 2.918383 -0.866395 -0.779953
1301 3.866428 -0.09388 -2.069882
1302 3.867481 -0.243811 -2.069476
1303 2.817602 -1.001023 -0.630019
1304 3.84242 -0.153881 -0.989618
1305 3.867586 -0.261472 -2.093875
1306 2.914526 -0.844975 -0.785841
1307 3.865699 -0.183663 -2.009497
1308 3.841488 -0.213836 -0.929635
1309 3.861972 -0.178237 -1.879468
1310 3.863032 -0.093884 -1.91971
1311 2.783234 -1.040841 -0.646858
1312 3.854499 -0.327129 -2.157366
1313 2.78836 -1.03059 -0.720147
1314 2.789874 -1.113752 -0.627951
1315 2.787661 -1.028011 -0.779916
1316 2.787769 -1.029388 -0.750043
1317 3.862515 -0.184231 -1.861677
1318 2.789944 -1.143486 -0.627809
1319 3.710644 -1.329245 -0.423974
1320 2.787647 -1.026282 -0.809796
