0 -1.06405 1.108566 -1.878875 -1.127633 1.117601 1.098337
1 0.390961 0.701053 1.133829 0.389101 -0.329981 1.138019
2 3.656582 0.680992 1.208047 0.387492 0.681839 1.099457
3 1.773127 0.728428 1.165412 1.746113 -0.327154 1.169579
4 0.456445 -0.260888 1.113362 0.457912 0.61862 1.104006
5 0.453717 0.617981 1.104227 1.66968 0.61654 1.131676
6 0.51038 0.558357 1.117345 3.463644 0.55333 1.188383
7 1.604421 -0.199622 1.149433 1.611508 0.567134 1.141672
8 -0.940757 -1.375404 1.085754 -0.855906 -0.053123 1.109082
9 0.456354 -0.253394 1.11408 1.663414 -0.250967 1.140905
10 0.38818 -0.322198 1.132519 1.757199 -0.322085 1.169749
11 1.996122 -1.019311 0.113247 0.202789 -1.037519 0.085122
12 1.659231 0.618208 1.134409 1.663341 -0.260243 1.140607
13 0.511195 -0.194406 1.12482 1.613999 -0.197932 1.150387
14 -0.800189 -1.252466 0.691421 -0.801806 -0.002968 0.686033
15 -0.107844 -1.374859 1.094415 -0.966099 -1.376053 1.084607
16 0.179725 -0.542865 0.845288 2.221215 -0.540233 0.894822
17 1.97458 -0.864117 0.812057 1.310994 -0.862164 0.759702
18 2.397092 0.674304 1.178194 2.391467 -0.586295 1.166587
19 0.198015 -1.214494 0.096416 0.18404 -0.723565 0.104864
20 3.458067 0.543474 1.204637 3.461058 -1.188627 1.212176
21 3.573333 -1.372148 1.194293 3.576518 -0.313173 1.194919
22 -0.852878 -1.232598 1.114373 -0.189092 -1.233267 1.1188
23 0.513205 -0.202353 1.125041 0.512263 0.462133 1.117675
24 3.849852 0.697878 -0.831185 3.850342 -0.33768 -0.815807
25 3.830162 -0.269793 -0.89623 3.823618 0.614282 -0.896847
26 3.836706 0.55526 -0.954821 3.842079 -0.211302 -0.95427
27 0.2551 -1.223798 0.073728 1.943078 -1.219976 0.11157
28 0.210971 -1.378629 0.379073 2.815999 -1.376762 0.439646
29 -0.565739 -0.885504 -0.646528 -0.99217 -0.88581 -0.657515
30 -1.03662 -0.541021 -1.089651 -1.082191 0.152542 -1.044024
31 -1.039755 0.090122 -1.214544 -1.049924 -0.462012 -1.205808
32 -0.877219 -1.154283 1.11296 -0.870398 -0.063998 1.107872
33 -1.005816 0.143701 -2.205118 -1.082577 0.159137 -0.986192
34 -1.082952 -0.570442 -0.98465 -1.021025 -0.547503 -1.820576
35 -1.082469 0.157192 -1.022956 -1.006511 0.143614 -2.201709
36 -1.034521 0.090663 -1.148905 -1.026031 0.067273 -2.046283
37 -0.084996 -1.201207 0.065759 -0.085033 -0.726764 0.0966
38 -1.033825 -0.159195 -1.808808 -1.038178 -0.044297 -1.541388
39 -1.031609 -0.306972 -1.929605 -1.038263 -0.157571 -1.591208
40 -1.060365 0.15087 -2.003555 -1.082665 0.156964 -1.011725
41 -1.026124 0.069868 -2.044829 -1.029544 -0.408639 -2.042577
42 -1.009333 -0.045225 -2.204508 -1.055884 0.147537 -2.202784
43 -1.05596 0.145757 -2.202324 -1.009974 -0.053208 -2.204404
44 -1.055769 0.149608 -2.202894 -1.00897 -0.300454 -2.202899
45 -1.008345 -0.10379 -2.203587 -1.055167 0.144379 -2.202296
46 -1.006493 0.139081 -2.204646 -1.055273 -0.175793 -2.202055
47 -1.065057 -0.573522 -1.75524 -1.08297 -0.573825 -0.981403
48 -1.032268 -0.470143 -1.947546 -1.038445 -0.493826 -1.226673
49 -1.032342 0.148746 -1.0458 -1.04849 -0.485071 -1.119933
50 -1.012483 -0.887961 -1.181088 -1.021382 -0.885924 -0.687783
51 -1.051696 -0.463696 -1.103136 -1.036207 0.0917 -1.107133
52 -0.960964 -0.025292 1.106115 -0.945243 -1.375026 1.086047
53 -0.812104 -0.980372 -0.089057 -0.866081 -0.549428 0.041391
54 -1.117457 -0.709687 0.553792 -1.116106 -1.087621 0.498409
55 -1.115602 -0.599445 0.468899 -1.113924 -1.075172 0.442753
56 0.869267 -0.863466 0.527974 0.436106 -0.863441 0.736825
57 3.815252 -1.377913 -0.360649 3.77299 -1.372106 1.147529
58 2.772993 -1.159849 -0.350226 2.773648 -0.751843 -0.3662
59 2.244087 -0.730909 0.11067 2.241218 -1.205809 0.113286
60 -0.08523 -0.890608 0.081961 -0.087424 -1.202733 0.070157
61 -1.110905 -1.221443 0.29005 -1.1145 -0.619807 0.447384
62 0.193404 -1.078869 0.08494 0.189356 -0.787645 0.142283
63 -0.08437 -0.71254 0.144334 -0.107041 -0.68948 0.79371
64 -1.065832 1.109768 -1.750431 -1.106587 1.117894 0.057153
65 -1.041886 0.147648 -1.448062 -1.031687 0.149361 -1.049839
66 -1.081279 0.158281 -1.04502 -1.081615 -0.521409 -1.03656
67 -1.032283 0.149016 -1.046299 -1.036944 -0.489755 -1.043368
68 -1.081395 -0.494519 -1.033451 -1.081676 0.151703 -1.035016
69 -1.100882 -1.369342 1.083788 -1.082622 -1.379526 0.214731
70 -1.084224 -1.237273 0.230893 -1.126674 -1.232578 0.998395
71 -1.025397 -0.060083 1.105462 -1.010587 -1.106379 1.110463
72 -1.111391 -0.812909 0.290401 -1.102174 -1.236372 0.216817
73 -0.121145 -1.379397 0.224761 -0.288137 -1.374231 1.100569
74 0.220779 -1.379927 0.213504 1.96667 -1.377481 0.256557
75 1.079478 -0.878769 0.751102 1.103206 -0.884267 0.09607
76 3.820202 0.678118 -0.831299 3.880514 0.681574 -2.191961
77 3.824072 0.604407 -0.894377 3.851952 0.600811 -2.110679
78 3.862094 0.54829 -2.061206 3.836145 0.551584 -0.950522
79 3.856902 -0.269791 -2.092561 3.830196 -0.266641 -0.898294
80 3.841802 -0.202848 -0.958652 3.867556 -0.209733 -2.081942
81 3.880441 -0.337447 -2.168176 3.850512 -0.332237 -0.832276
82 1.561499 -0.866517 0.119265 0.952837 -0.86742 0.104976
83 3.881157 -0.335672 -2.184593 3.881005 0.664549 -2.191922
84 3.857426 -0.269806 -2.099551 3.85586 0.599366 -2.10624
85 3.882999 1.109581 -2.496117 3.90541 1.098282 -3.76982
86 3.572937 -0.549559 -1.530932 3.603399 -0.554402 -2.517926
