0 1.116682 -1.024616 0.095622
1 1.139715 1.121062 0.840439
2 1.117259 1.12186 0.840453
3 1.003173 1.121059 0.898103
4 1.025385 1.121078 0.895872
5 1.110376 -1.027305 0.110271
6 1.092859 -1.023719 0.113597
7 0.398647 0.67799 1.098941
8 1.716749 0.678619 1.127132
9 -1.095817 -1.263722 0.780392
10 0.399659 -0.321009 1.109609
11 0.45729 -0.243881 1.116797
12 1.658133 -0.243283 1.14645
13 0.525579 -0.187531 1.125425
14 1.597072 -0.183799 1.149298
15 0.517074 0.086068 1.121944
16 1.090754 -0.883628 0.100387
17 -1.125462 -0.723674 1.104491
18 -0.806847 -0.513248 0.149133
19 0.507859 -0.448475 0.831426
20 0.520921 -0.433557 0.833315
21 1.716431 -0.320514 1.140185
22 0.204097 -1.033133 0.146228
23 0.877022 -0.183822 1.132953
24 0.937028 -0.183808 1.134316
25 0.542378 -0.181596 1.125029
26 0.456689 -0.862548 0.717709
27 -0.7764 -0.064871 0.681574
28 -0.793641 -0.064789 0.679043
29 0.517048 -0.063838 1.123521
30 0.91285 -0.863019 0.658856
31 1.090706 -0.87127 0.660265
32 1.090374 -0.870914 0.690287
33 1.093005 -0.889782 0.138118
34 -1.117344 -1.142178 0.659948
35 -1.102553 -1.237816 0.780171
36 -1.120999 -1.228362 0.750088
37 0.517116 0.116111 1.121634
38 -0.144108 -1.376019 1.079887
39 1.357099 0.41608 1.137564
40 -0.948169 -0.51259 0.118981
41 0.517115 0.176061 1.121007
42 0.577044 0.416156 1.119855
43 0.876468 -0.511307 1.15026
44 0.997045 0.146145 1.132219
45 -1.118684 -1.227198 0.630795
46 -1.097814 -1.323825 0.870249
47 -1.096414 -1.374406 1.077758
48 1.597071 0.206164 1.145202
49 1.597084 0.56614 1.141438
50 0.997038 0.11607 1.132539
51 -0.9226 -1.375005 1.08081
52 -0.862071 -1.374988 1.081935
53 -1.119428 -1.173913 0.660208
54 0.817422 -0.449534 0.785116
55 0.907014 0.086084 1.130798
56 1.237092 0.386062 1.135158
57 1.25275 -0.438562 0.811258
58 0.517069 0.386088 1.118812
59 0.537105 -0.428069 0.8285
60 0.877029 0.056141 1.130435
61 0.517103 0.505937 1.117564
62 0.51705 0.476112 1.117872
63 -0.938176 0.194241 0.584993
64 0.90703 0.266019 1.128924
65 0.577042 0.475895 1.119235
66 0.87702 0.265942 1.128238
67 1.089226 -0.871033 0.71925
68 0.877031 -0.003857 1.131061
69 -0.935252 -0.048979 0.585465
70 0.547065 -0.06383 1.124203
71 0.937083 0.296086 1.129287
72 0.877091 0.295994 1.127927
73 0.967091 0.326032 1.129658
74 1.255419 -0.843668 0.671741
75 0.877023 -0.093877 1.132007
76 1.177182 0.445888 1.133163
77 0.847071 -0.093818 1.131328
78 0.907058 -0.123847 1.133006
79 1.297065 0.356133 1.136832
80 0.937117 0.325995 1.12897
81 0.727021 -0.183797 1.129546
82 -0.922227 -0.90396 1.111366
83 -0.862489 -0.843891 1.112462
84 1.447034 -0.15383 1.14558
85 1.357071 0.356148 1.138191
86 -0.94032 -0.522954 0.07306
87 1.237065 0.416095 1.134841
88 0.785483 0.386736 1.124803
89 -0.604702 0.19521 0.685519
90 0.907033 0.026182 1.131424
91 0.907104 0.176152 1.129864
92 -0.922507 -0.873505 1.11123
93 -0.937268 -0.035987 0.58628
94 1.027106 1.121902 0.870263
95 1.657073 0.625073 1.131439
96 -1.101944 -1.237875 0.720108
97 0.793411 0.383689 1.125472
98 0.783692 0.357354 1.124946
99 -0.822885 -0.871598 -0.070286
100 -0.86132 -0.708606 -0.43703
101 -1.117385 -1.1134 0.657505
102 0.867143 -0.843792 0.544228
103 0.907133 0.326022 1.128296
104 0.517079 0.206114 1.12069
105 -0.922482 -0.933718 1.111504
106 -0.253116 -0.530373 -0.128167
107 -0.776065 -0.723782 0.684526
108 -1.12053 -0.724041 0.690401
109 -0.807507 -0.525225 0.096504
110 1.254732 -0.464935 0.793132
111 0.500812 -0.461993 0.833401
112 1.242298 -0.445883 0.799269
113 1.233032 -0.43534 0.805314
114 0.545595 -0.483221 1.142652
115 0.577049 -0.003812 1.124251
116 1.02726 1.121022 0.838325
117 0.399273 -0.303759 1.108385
118 1.716972 -0.30385 1.137384
119 0.877057 -0.123884 1.132327
120 0.906081 -0.480818 1.150787
121 1.027066 0.206181 1.132276
122 0.937116 0.355978 1.128665
123 0.996947 1.122674 0.899917
124 0.457332 0.596144 1.109299
125 -1.117321 -1.173933 0.658857
126 -1.121461 -1.173777 0.750223
127 1.094504 -0.879073 0.117366
128 0.846594 -0.843788 0.543226
129 0.460517 -0.84354 0.718917
130 0.90714 0.296014 1.128606
131 0.877012 0.236144 1.128552
132 1.057048 0.206119 1.132951
133 0.547067 0.206009 1.121371
134 0.517071 0.146085 1.121325
135 -0.941655 -0.518792 0.091451
136 -0.809827 -0.512225 0.173516
137 1.222692 -0.438519 0.795018
138 1.11752 1.121046 0.838327
139 0.517086 -0.093813 1.123841
140 0.516 -0.183324 1.124702
141 0.997097 0.206151 1.1316
142 -1.117494 -0.690846 0.660437
143 1.29711 0.386092 1.136511
144 0.547072 -0.003817 1.123573
145 -0.776029 -0.753818 0.684654
146 -0.609777 0.19524 0.655915
147 0.996654 1.122254 0.870014
148 1.6583 0.596163 1.138683
149 1.087029 1.121834 0.840364
150 0.846395 -0.86259 0.539572
151 0.450288 -0.864923 0.777527
152 0.527048 -0.435773 0.820467
153 0.547039 0.056108 1.122942
154 0.810561 0.388777 1.125076
155 0.547004 0.476034 1.118549
156 -0.926958 0.194852 0.570115
157 0.907093 0.206147 1.12955
158 0.547084 0.176058 1.121693
159 1.236901 -0.843688 0.664773
160 -0.562118 -0.546411 -0.129643
161 -0.26811 -0.524943 -0.121792
162 0.54705 -0.033833 1.123884
163 0.546849 -0.093678 1.124502
164 0.847024 -0.18381 1.132272
165 0.51707 0.356122 1.119122
166 1.3271 0.356152 1.13751
167 -0.862539 -0.813637 1.112325
168 -0.607025 0.176217 0.670126
169 0.812232 -0.439686 0.795631
170 1.027114 1.121797 0.840347
171 0.487142 0.596035 1.115936
172 0.547104 0.536143 1.117928
173 1.253835 -0.818519 0.67239
174 0.462911 -0.814577 0.717289
175 -0.859292 -0.552115 0.040001
176 1.596984 -0.153786 1.148984
177 0.547082 0.146052 1.122002
178 1.597098 0.536149 1.141751
179 0.93764 -0.863266 0.659767
180 -0.832375 -0.512749 0.14791
181 1.234494 -0.45785 0.78943
182 0.547085 0.386105 1.119497
183 0.907022 -0.18382 1.13363
184 -0.862521 -0.783803 1.112193
185 -0.580037 -0.556864 -0.12777
186 -0.925263 -0.033773 0.568862
187 0.937077 -0.153848 1.134005
188 0.847022 -0.153835 1.131955
189 1.627125 0.596146 1.141808
190 0.398645 0.656054 1.099109
191 1.567073 0.536103 1.141068
192 0.577083 0.44611 1.11955
193 -0.832551 -0.51667 0.118813
194 0.538674 -0.44523 0.801027
195 1.567045 -0.183827 1.148616
196 1.297025 0.08616 1.139659
197 0.910831 -0.863362 0.62875
198 1.207078 0.416115 1.13416
199 0.807642 0.36104 1.125156
200 -0.615197 -0.033519 0.628002
201 1.567086 0.206137 1.144528
202 -1.117202 -0.669868 0.627649
203 1.08708 0.20616 1.133632
204 0.877079 0.206145 1.128869
205 -0.615018 0.176025 0.6281
206 1.447031 0.086137 1.143061
207 1.417084 0.536047 1.13767
208 1.051073 -0.865035 0.660048
209 0.547069 0.446076 1.118864
210 -0.922432 -0.518949 0.089678
211 -0.927107 0.176171 0.570109
212 0.519149 -0.455101 0.812229
213 1.567029 -0.153861 1.148308
214 0.529074 -0.162151 1.12535
215 0.577034 0.05613 1.12362
216 -0.628887 0.176089 0.600963
217 1.297068 0.056135 1.139975
218 1.237078 0.356115 1.135463
219 0.51708 0.056076 1.122263
220 -0.862451 -0.753674 1.112055
221 0.4573 -0.568917 0.829437
222 -0.629062 -0.003836 0.601235
223 0.427133 0.678002 1.097825
224 0.577096 0.53606 1.118612
225 1.447085 0.536139 1.138346
226 0.818724 0.385312 1.125757
227 0.547092 0.356099 1.119807
228 -0.628894 0.194944 0.601085
229 0.551124 -0.155745 1.125535
230 0.427142 -0.273804 1.107789
231 1.23755 -0.481974 0.776103
232 0.506414 -0.548546 0.842102
233 -0.862352 -0.537419 0.057467
234 -0.292892 -0.518153 -0.149681
235 0.517082 0.566162 1.116933
236 -1.09648 -1.263756 0.81011
237 -1.120438 -1.22813 0.720396
238 -1.117397 -1.175095 0.686694
239 0.191409 -0.903406 0.084985
240 1.237485 -0.862168 0.658923
241 -0.947853 0.194888 0.599925
242 -0.245486 -0.533177 -0.131964
243 0.907079 0.236164 1.129237
244 0.937077 0.206163 1.130231
245 1.732238 -0.320175 1.140699
246 1.44704 -0.18384 1.145898
247 0.547061 0.086043 1.122628
248 -0.862458 -0.873784 1.1126
249 0.694734 0.177143 1.124871
250 -0.94776 -0.033552 0.600859
251 0.826426 -0.437131 0.792532
252 -1.121411 -1.203562 0.750302
253 0.99709 0.17617 1.131906
254 0.727072 0.116091 1.126404
255 -0.607034 0.194862 0.670406
256 -1.072834 -1.377019 1.050318
257 1.134305 1.120992 0.820648
258 -0.862118 -1.353812 1.088546
259 -0.242812 -0.53499 -0.142139
260 -0.92167 -0.52535 0.068448
261 0.696062 0.206504 1.124702
262 0.90706 -0.153827 1.133322
263 0.967138 0.355979 1.129345
264 0.19492 -0.901788 0.119248
265 1.027034 1.122023 0.90036
266 -1.11881 -1.113363 0.630426
267 1.088309 1.121022 0.83736
268 1.116576 -0.862894 0.690171
269 0.997078 0.236095 1.131278
270 -0.607003 -0.033006 0.670132
271 1.297055 0.026159 1.140289
272 -1.117359 -1.085465 0.626593
273 1.116224 1.121059 0.868379
274 1.71674 0.656079 1.127314
275 0.517101 0.536093 1.117242
276 1.026354 1.121046 0.869003
277 1.627033 -0.243717 1.148458
278 1.221569 -0.439019 0.7956
279 -1.128674 -0.754026 1.050153
280 1.20707 0.386103 1.134472
281 1.267078 0.35614 1.136146
282 0.769371 0.3777 1.125356
283 -0.609707 -0.033641 0.6554
284 -1.119875 -0.693593 0.660331
285 -0.833319 -0.513832 0.178251
286 -0.937623 0.174223 0.585639
287 1.117724 1.122131 0.809709
288 1.207143 0.446042 1.133847
289 1.116246 -0.863188 0.660216
290 1.537011 0.536114 1.140393
291 1.68702 -0.303805 1.136706
292 -0.838974 -0.540127 0.062116
293 0.577103 0.116065 1.122993
294 -1.119211 -0.692977 0.630493
295 1.205247 -0.437419 0.791714
296 1.08716 -0.871867 0.748459
297 0.564934 -0.175294 1.125204
298 0.517067 -0.0038 1.122892
299 1.41708 0.086137 1.142389
300 0.847055 -0.003815 1.130383
301 0.547092 0.506136 1.118238
302 0.577062 0.026158 1.123943
303 -0.925627 -0.003918 0.569105
304 -0.615126 -0.003839 0.628048
305 0.577866 -0.154236 1.125887
306 0.487004 -0.21375 1.12441
307 0.505997 -0.569102 0.83034
308 -0.292846 -0.517121 -0.120854
309 0.967049 0.296125 1.129966
310 -0.947981 0.176169 0.59987
311 0.51701 -0.033832 1.123205
312 -1.11751 -1.14202 0.681722
313 0.824533 -0.435531 0.796468
314 0.787078 0.206093 1.126818
315 -0.946129 -0.049128 0.600656
316 -0.084107 -0.904063 0.081222
317 0.967017 0.056128 1.132476
318 0.847024 -0.123833 1.13164
319 0.517149 0.295946 1.11976
320 1.44705 -0.093861 1.14495
321 -0.074081 -0.873716 0.067222
322 0.722456 0.208334 1.125029
323 0.448374 -0.863194 0.743676
324 0.967112 0.206152 1.130909
325 1.357083 0.326137 1.138505
326 -1.116532 -0.603917 0.510335
327 -0.25449 -0.530909 -0.147687
328 -1.117523 -0.72585 0.689353
329 1.387125 0.535933 1.136989
330 -0.541572 -0.533187 -0.131662
331 1.05577 1.121081 0.898753
332 0.939856 -0.862903 0.687454
333 0.549266 -0.184835 1.125672
334 -0.889893 -0.534784 0.057844
335 1.267102 0.386116 1.135829
336 0.577101 0.506106 1.118919
337 0.449966 -0.834006 0.737143
338 1.62701 -0.213815 1.150292
339 0.457295 -0.213797 1.117399
340 1.327058 0.416044 1.136882
341 0.937147 -0.863407 0.630052
342 -0.953524 -0.963933 1.110944
343 0.532083 -0.130877 1.125286
344 -0.615183 0.195045 0.628026
345 -0.268768 -0.5258 -0.150032
346 0.846451 -0.447763 0.77811
347 0.457099 -0.548804 0.841033
348 0.427109 0.656101 1.098045
349 1.327041 0.086138 1.140332
350 0.427155 -0.303761 1.108109
351 0.967548 -0.48117 1.152184
352 -0.463785 -0.497714 -0.15054
353 1.117244 1.122081 0.900298
354 1.732132 0.678137 1.128323
355 0.517072 0.026195 1.122577
356 -0.604588 0.176046 0.685466
357 -0.8417 -0.713369 -0.482572
358 -1.103088 -1.237707 0.810184
359 0.547058 0.026178 1.123256
360 0.545308 -0.513578 1.142789
361 -1.123168 -1.228953 0.870412
362 1.256099 -0.452391 0.802845
363 1.092782 -0.898201 0.111848
364 -0.793439 -0.753527 0.682406
365 -0.609683 0.17601 0.655357
366 0.486511 -0.243746 1.122867
367 -0.911533 -0.033535 0.552939
368 0.876622 -0.482619 1.15015
369 1.627523 0.624279 1.132018
370 0.501604 -0.467018 0.82367
371 1.207002 -0.453481 0.780615
372 -0.912265 0.176121 0.552315
373 0.545835 -0.12326 1.124736
374 0.937076 -0.480301 1.151479
375 1.212002 -0.476456 0.769982
376 1.477058 0.536122 1.139028
377 -0.926875 0.1461 0.569963
378 0.546609 -0.433436 0.810461
379 0.866573 -0.437908 0.790896
380 -1.121577 -1.228486 0.780486
381 1.357043 -0.153796 1.143534
382 0.847049 0.206187 1.128184
383 1.00071 1.121045 0.869935
384 -0.922689 -1.354016 1.087173
385 1.387819 -0.481958 1.16171
386 1.08723 1.121059 0.867971
387 -0.575322 -0.56127 -0.127816
388 1.357547 -0.47987 1.160991
389 1.207024 -0.844039 0.657
390 1.115743 1.121107 0.897886
391 0.474501 -0.86143 0.707032
392 1.261385 -0.841053 0.677817
393 -0.608158 0.19927 0.677422
394 0.575964 -0.482948 1.143322
395 1.091068 -0.871573 0.630301
396 -0.912121 0.194677 0.552261
397 -0.922422 -0.843649 1.111103
398 0.846154 -0.436828 0.789448
399 -0.629113 -0.033563 0.601304
400 0.547117 0.116051 1.122313
401 0.544582 -0.152581 1.124902
402 1.187665 -0.438192 0.791396
403 -0.478091 -0.502048 -0.151164
404 -0.144007 -1.373666 1.103005
405 0.877034 -0.153824 1.132637
406 1.35703 0.386088 1.137875
407 -0.537736 -0.529681 -0.135023
408 0.817056 -0.153808 1.131275
409 -0.608232 -0.047748 0.677241
410 0.967011 0.116132 1.131851
411 1.057052 1.121934 0.870316
412 1.147241 1.122628 0.840054
413 0.903424 -0.482868 0.629783
414 -0.074038 -0.903648 0.067333
415 -0.806545 -0.519418 0.118557
416 0.516951 -0.153723 1.12445
417 -0.922014 -0.049139 0.566643
418 -0.937369 -0.003979 0.586057
419 -0.845868 -0.573108 0.028207
420 0.890266 -0.862603 0.622091
421 0.559733 -0.075377 1.125303
422 1.327063 0.386067 1.137197
423 1.117049 0.206179 1.134317
424 0.967068 0.266084 1.130287
425 -1.125487 -0.753968 1.10458
426 0.385839 -0.303849 1.136587
427 -1.117341 -0.692597 0.626133
428 -1.124594 -0.753829 0.87024
429 -1.122121 -1.2287 0.810414
430 -1.117887 -1.202867 0.738346
431 -1.097152 -1.375535 1.050374
432 0.91798 -0.862666 0.680144
433 -0.947791 -0.00381 0.600637
434 1.732364 -0.303902 1.137711
435 1.114934 1.121134 0.925646
436 1.02819 1.121009 0.811658
437 -0.812055 -0.530902 0.084611
438 1.687084 0.656074 1.126634
439 0.509131 -0.47799 0.80436
440 1.178772 -0.447974 0.775001
441 0.554743 -0.127293 1.125437
442 -0.786071 -0.052062 0.675124
443 1.177091 0.416093 1.133481
444 0.474413 -0.843189 0.707214
445 1.658347 -0.213829 1.147404
446 -1.118584 -0.664101 0.600496
447 0.56802 -0.149558 1.125135
448 -1.119475 -1.113367 0.660342
449 -0.93815 0.177638 0.584871
450 -1.126505 -1.229351 1.080313
451 0.607042 0.416105 1.120547
452 1.115895 -0.863367 0.630079
453 -0.9372 0.196709 0.586219
454 0.75702 -0.183826 1.130229
455 0.667006 0.176099 1.124404
456 1.567033 0.566094 1.140758
457 1.20752 -0.813834 0.657429
458 0.487167 -0.569668 0.829788
459 -0.83401 -0.52397 0.091519
460 -1.097134 -1.323746 0.840266
461 1.089639 -0.855504 0.709557
462 0.667105 0.206039 1.124098
463 0.574373 -0.09245 1.124923
464 0.727056 -0.003852 1.127656
465 -0.911706 -0.003673 0.552867
466 0.967079 -0.153808 1.134682
467 -1.095794 -1.293897 0.780177
468 -1.101724 -1.237757 0.629975
469 1.117198 1.121958 0.870169
470 0.847051 0.265866 1.127561
471 1.087241 1.121934 0.870319
472 -0.95334 -0.934048 1.110798
473 1.537015 0.20613 1.14384
474 -0.937928 0.0102 0.585146
475 0.846706 -0.434131 0.797362
476 0.577052 0.176064 1.122368
477 0.399223 -0.273808 1.108121
478 0.576707 -0.03364 1.124544
479 1.009441 1.121004 0.819391
480 0.81745 0.355735 1.125969
481 1.327087 0.056088 1.140653
482 0.45765 0.62577 1.102691
483 -1.11884 -1.083699 0.63029
484 -1.102727 -0.723589 1.106497
485 1.327061 0.326074 1.137827
486 -0.853663 -0.570314 0.026458
487 1.687289 0.678605 1.12647
488 1.537021 0.566043 1.14008
489 -0.776378 -0.093832 0.681738
490 -0.461228 -0.498323 -0.17728
491 1.104122 -1.027223 0.139061
492 0.203653 -1.00489 0.078387
493 0.967077 0.236111 1.130596
494 1.050901 -0.864973 0.689763
495 0.547054 0.566128 1.117617
496 1.098593 -1.02679 0.139578
497 1.056766 1.121011 0.809299
498 -0.530973 -0.522495 -0.131497
499 1.236778 -0.814001 0.666475
500 -0.79362 -0.093848 0.679215
501 0.84702 0.236166 1.127868
502 -1.12269 -1.228774 0.840571
503 0.517094 0.416059 1.118504
504 -0.893637 -0.526416 0.070555
505 1.087084 0.176169 1.133948
506 0.199875 -1.034257 0.147353
507 0.997055 0.026225 1.13347
508 1.087096 1.121739 0.810313
509 -0.73585 -0.879841 -0.190121
510 1.297043 0.416094 1.1362
511 0.186219 -0.875193 0.085593
512 1.447083 0.116146 1.142747
513 0.487039 -0.548901 0.841532
514 -0.937424 0.025853 0.585976
515 1.141614 1.121073 0.867093
516 1.207428 -0.434088 0.802906
517 1.567076 0.146183 1.145158
518 0.878568 -0.460067 0.640337
519 1.091628 -0.9919 0.095471
520 -1.095106 -1.293752 0.750183
521 1.567084 0.506123 1.141389
522 -1.120769 -1.173905 0.720083
523 -0.776127 -0.693642 0.68435
524 -1.118316 -1.08342 0.602414
525 0.847012 0.326015 1.126932
526 0.907145 0.355957 1.127981
527 1.567093 0.176165 1.144838
528 0.870316 -0.436936 0.797512
529 -1.117309 -1.113812 0.625921
530 -0.526005 -0.521779 -0.137431
531 0.547066 0.416087 1.119178
532 1.057108 1.121715 0.810347
533 -0.615042 0.146035 0.628089
534 0.937067 0.386095 1.12835
535 -1.119851 -0.724117 0.660365
536 -0.824343 -0.884338 -0.075763
537 0.705303 0.20226 1.125429
538 1.051013 -0.864966 0.630094
539 -1.102236 -1.237832 0.750262
540 1.686894 -0.273616 1.136472
541 2.379827 -0.567197 1.178105
542 2.378491 0.655277 1.173561
543 2.378434 -0.565795 1.185351
544 0.194732 -0.898602 0.147588
545 1.254606 -0.478468 0.786831
546 0.499575 -0.222741 1.125329
547 1.717008 -0.273879 1.137064
548 1.297074 0.326142 1.137148
549 2.378431 -0.541144 1.18538
550 1.5371 -0.123826 1.147309
551 0.198311 -0.880424 0.120626
552 1.417194 0.565926 1.137365
553 2.379023 -0.541455 1.178655
554 -1.117837 -1.178999 0.711426
555 1.027043 -0.863208 0.660268
556 0.391764 0.691148 1.133696
557 1.537043 0.506148 1.140707
558 1.567065 -0.123819 1.147985
559 1.055855 1.121076 0.927583
560 -1.118761 -1.173827 0.630432
561 1.118549 -0.853326 0.680465
562 0.876753 -0.483602 0.626989
563 1.59711 0.596159 1.141121
564 0.996995 0.056175 1.133153
565 0.757028 -0.003849 1.128341
566 1.207132 0.326145 1.135102
567 1.65701 -0.30378 1.136019
568 -1.119842 -1.228114 0.690163
569 -1.120095 -1.17386 0.690259
570 0.727033 0.086087 1.126711
571 1.477052 0.116159 1.143424
572 1.057048 0.146137 1.133588
573 1.417073 -0.183826 1.145214
574 1.507026 -0.183819 1.147256
575 1.507034 -0.153841 1.146945
576 -0.477714 -0.501354 -0.121521
577 -0.609673 -0.003887 0.655274
578 -0.173716 -1.376069 1.079934
579 -1.101585 -1.237911 0.690201
580 1.986324 -0.890037 0.136258
581 -0.892331 -0.843817 1.111794
582 -0.892498 -0.813759 1.111653
583 1.537079 0.116156 1.14479
584 -0.95325 -1.374918 1.080647
585 1.537099 0.086137 1.145112
586 0.57705 0.086138 1.123309
587 1.177066 0.386054 1.13379
588 -0.953454 -0.873872 1.11054
589 -0.892624 -0.783737 1.111509
590 1.507074 0.116124 1.144105
591 -0.953979 -0.903535 1.110651
592 0.575632 -0.063167 1.124764
593 1.507043 0.08615 1.144425
594 1.477014 0.086152 1.143741
595 1.537034 -0.183843 1.147938
596 1.20705 0.356125 1.134785
597 -0.609673 0.146093 0.65541
598 0.577063 0.146036 1.122678
599 -0.832951 -0.753574 1.112726
600 1.05707 0.17615 1.133274
601 1.027038 0.146129 1.132904
602 0.847141 -0.510473 1.149578
603 1.627121 0.566115 1.142116
604 0.577122 -0.183886 1.126149
605 1.537043 0.176165 1.14416
606 0.967039 0.026179 1.132786
607 0.877034 0.026183 1.130744
608 2.347092 -0.541179 1.183708
609 1.537038 -0.153834 1.147625
610 1.087033 1.121004 0.808731
611 0.937066 0.176151 1.130548
612 0.847036 0.116109 1.129129
613 0.60704 0.116075 1.123675
614 1.686376 0.625861 1.127204
615 0.571729 -0.121667 1.125041
616 1.387088 0.086114 1.141703
617 2.349391 -0.563688 1.183589
618 1.53704 0.146218 1.144472
619 1.057049 0.056099 1.134525
620 0.847067 0.026187 1.130065
621 1.177031 0.356072 1.134103
622 1.567054 0.446079 1.142016
623 1.057047 0.086043 1.134207
624 -0.203429 -1.376107 1.080029
625 0.90699 0.056107 1.131114
626 0.69825 0.11558 1.125816
627 1.597048 0.446042 1.142688
628 1.027019 0.086065 1.133526
629 1.027104 -0.862923 0.68985
630 1.115733 -0.863554 0.600145
631 3.21721 -1.372753 1.170501
632 1.057112 0.356037 1.131381
633 -0.60449 -0.03342 0.686009
634 2.379074 0.056179 1.175822
635 2.379075 -0.003833 1.176103
636 1.327053 0.446145 1.136569
637 0.579116 -0.12467 1.1257
638 0.607079 -0.153831 1.126509
639 0.790624 0.354489 1.125582
640 -0.891945 -1.353929 1.087865
641 0.689522 0.119386 1.125102
642 1.027142 0.356031 1.130701
643 2.378889 0.506113 1.173643
644 0.72708 0.056129 1.127025
645 1.237085 0.326104 1.135783
646 0.57706 0.206032 1.12205
647 1.597007 -0.213842 1.149611
648 1.057253 1.122168 0.93032
649 2.378828 0.626142 1.173095
650 1.387048 0.116126 1.141386
651 0.607043 0.176057 1.123049
652 3.188041 -1.372725 1.169386
653 1.994857 -0.903432 0.117574
654 1.477026 -0.153872 1.146265
655 1.387063 -0.183798 1.14453
656 2.381891 -0.420708 1.185453
657 0.817013 -0.183802 1.131591
658 0.473521 -0.815579 0.706386
659 0.51709 0.596071 1.11662
660 3.546655 -1.37153 1.194357
661 0.697297 0.08596 1.126052
662 0.876967 0.146104 1.129493
663 0.787046 0.056141 1.12839
664 2.379104 0.026154 1.175946
665 2.379209 -0.423798 1.178127
666 2.379177 -0.513574 1.178559
667 0.606689 -0.480763 1.14399
668 1.597039 -0.243651 1.147822
669 3.607809 -1.371092 1.188224
670 2.378927 0.44623 1.173944
671 1.387019 0.056172 1.142011
672 2.378915 0.41629 1.174108
673 0.699679 0.144928 1.125651
674 1.326445 -0.479404 1.160272
675 0.558663 -0.437521 0.792614
676 1.657503 0.655799 1.126001
677 3.217544 -1.371948 1.198885
678 -0.203516 -1.373618 1.102057
679 0.937044 0.146109 1.130859
680 -0.203257 -1.376236 1.050082
681 2.37895 0.296144 1.174683
682 0.572369 -0.433828 0.80541
683 0.193311 -0.925217 0.138274
684 2.524612 0.55065 1.1856
685 0.635199 0.056979 1.124823
686 0.757057 0.05612 1.127709
687 1.057033 0.116033 1.133896
688 0.577058 0.325843 1.12081
689 2.378736 -0.496051 1.185316
690 0.714226 0.12686 1.125247
691 1.417101 0.11612 1.142068
692 1.087257 1.121098 0.897089
693 0.81701 -0.123804 1.130959
694 1.53706 0.026127 1.145732
695 1.027031 0.056161 1.133839
696 0.195119 -0.894368 0.17806
697 2.379138 -0.153841 1.176826
698 1.68726 -0.320592 1.139791
699 1.597065 0.47612 1.142379
700 1.676389 0.680617 1.125136
701 0.607047 0.146043 1.12336
702 0.817318 -0.510252 1.148909
703 0.817018 0.236122 1.127184
704 2.378975 0.206169 1.175112
705 2.379111 -0.183891 1.17699
706 2.37902 0.17619 1.175248
707 1.627051 -0.183769 1.14998
708 0.757073 -0.153835 1.129911
709 0.660056 0.059142 1.125086
710 1.567064 0.116198 1.145472
711 1.08422 1.120985 0.791582
712 3.459765 0.536172 1.198074
713 2.37919 -0.243817 1.17724
714 0.198578 -0.878706 0.179188
715 1.95687 -0.899718 0.107463
716 2.53067 0.553846 1.188871
717 0.194762 -0.892521 0.207455
718 1.567065 0.026176 1.146416
719 0.51665 -0.513641 1.142144
720 0.193453 -0.932919 0.117076
721 0.607077 -0.183817 1.126824
722 1.567095 -0.00384 1.146738
723 3.18803 -1.371871 1.197793
724 0.591202 -0.014641 1.125307
725 1.17709 0.026161 1.137564
726 0.817009 0.056096 1.129067
727 1.147085 0.326141 1.13374
728 2.3791 -0.123884 1.176688
729 2.37869 -0.461943 1.185289
730 0.817057 0.32601 1.126252
731 1.567052 0.056209 1.146099
732 0.907147 0.386031 1.127669
733 1.297116 0.446129 1.135885
734 1.417099 0.296165 1.140185
735 2.379036 0.146184 1.175385
736 2.379195 -0.213856 1.177081
737 0.607076 -0.123866 1.126196
738 2.379005 0.32614 1.174496
739 2.378987 0.386202 1.174216
740 1.091441 -0.871897 0.60027
741 1.537057 -0.033846 1.146364
742 1.507075 -0.123824 1.146627
743 0.60706 0.206044 1.122733
744 2.37893 0.56614 1.173331
745 1.537053 -0.003868 1.146053
746 0.727045 -0.123855 1.128915
747 0.637075 0.206065 1.123415
748 1.979686 -0.8648 0.240343
749 2.378242 -0.519814 1.185362
750 1.417029 0.056179 1.142692
751 0.637091 0.176061 1.123732
752 2.379056 -0.033824 1.176279
753 2.379191 -0.33379 1.177704
754 0.75836 -0.449769 0.715227
755 2.379061 0.086164 1.175664
756 1.597052 -0.003812 1.147408
757 0.516815 -0.483713 1.142015
758 0.902838 -0.457803 0.639105
759 1.103792 1.120952 0.794588
760 2.900915 -0.466301 -0.570542
761 2.914032 -0.460055 -0.575131
762 1.597029 0.026128 1.147101
763 1.597042 0.146184 1.145833
764 0.667361 0.025982 1.126006
765 1.44706 0.056176 1.143372
766 2.379146 -0.303803 1.17755
767 1.083136 1.121064 0.92191
768 0.847003 -0.483279 1.14949
769 0.937041 0.08606 1.131479
770 0.637038 0.295931 1.122481
771 1.095421 -0.877001 0.150057
772 1.446985 0.14614 1.14243
773 0.656553 0.031625 1.125168
774 0.750983 -0.446582 0.682637
775 3.303699 -0.4538 -0.574638
776 3.837569 -0.542933 -0.238637
777 3.325541 -0.453516 -0.574836
778 3.280915 -0.458043 -0.576994
779 1.417101 0.506067 1.137988
780 0.697024 -0.183837 1.128865
781 1.087114 1.122178 0.930336
782 1.115503 -0.863736 0.570179
783 0.886778 -0.679595 0.645409
784 1.477065 0.146159 1.143109
785 1.477059 0.056134 1.144057
786 2.911004 -0.478989 -0.570938
787 1.657026 -0.273901 1.136496
788 3.330198 -0.463157 -0.595408
789 0.78021 -0.449476 0.709031
790 0.877013 0.116114 1.129807
791 3.273549 -0.457225 -0.601548
792 0.888935 -0.694064 0.639998
793 1.59709 0.176152 1.145525
794 1.597007 0.086195 1.146466
795 1.192978 -0.467889 0.764758
796 3.130352 -1.371779 1.196783
797 1.979009 -0.864773 0.270298
798 3.127859 -1.372712 1.169207
799 3.824706 -0.323988 -0.84052
800 3.307695 -0.45917 -0.595355
801 3.101964 -1.372524 1.166533
802 0.668488 0.055473 1.125787
803 0.997049 -0.003812 1.133789
804 2.898012 -0.482733 -0.576625
805 1.027048 -0.033828 1.134784
806 3.108792 -1.371802 1.19305
807 1.597044 0.116202 1.146154
808 2.771549 -0.729638 -0.37063
809 1.992519 -0.994189 0.114573
810 1.063095 -1.029006 0.106237
811 2.527195 0.564187 1.169172
812 3.243738 -0.457793 -0.602907
813 1.981887 -1.0329 0.137828
814 1.95329 -1.025916 0.115318
815 3.840815 -0.243776 -0.904447
816 1.055974 -1.026177 0.094025
817 3.838237 -0.542695 -0.269289
818 3.824276 -0.303763 -0.840458
819 1.09157 -0.933675 0.107386
820 0.997041 -0.033854 1.134107
821 2.015489 -0.993814 0.106987
822 1.990393 -1.024804 0.118307
823 2.379008 0.266176 1.174783
824 1.177297 -0.86231 0.662658
825 1.955752 -1.052192 0.107737
826 3.757429 -1.372299 1.170304
827 3.080938 -1.371266 1.156933
828 3.839127 -0.259969 -0.905206
829 3.757157 -1.370951 1.190873
830 3.776834 -1.37065 1.190139
831 3.821869 -1.05376 0.480565
832 1.477045 -0.18384 1.14658
833 2.925561 -0.46417 -0.587247
834 3.841941 -0.183835 -0.959606
835 3.607139 -1.354084 1.189777
836 1.95567 -0.995685 0.107746
837 1.116017 -0.993292 0.088788
838 2.944715 -0.721909 -0.628977
839 1.990685 -1.0529 0.114428
840 0.967095 0.176171 1.131225
841 1.927072 -1.025635 0.113887
842 1.09104 -0.933735 0.094148
843 3.830883 -0.603722 0.060435
844 2.775051 -0.730989 -0.598363
845 2.9172 -0.722422 -0.625384
846 1.091015 -0.963489 0.094262
847 3.158072 -1.3719 1.197189
848 3.829576 -0.243867 -0.889851
849 3.073465 -1.372638 1.136432
850 1.093594 -0.997453 0.10894
851 1.031752 -1.029181 0.105609
852 2.24601 -1.220759 0.119571
853 2.012882 -1.221824 0.116265
854 1.950548 -1.220864 0.112045
855 3.790312 -1.37353 0.480389
856 1.954262 -1.202809 0.107894
857 1.992016 -1.202653 0.114851
858 3.244594 -0.461802 -0.625124
859 1.897074 -1.025692 0.113218
860 2.185979 -1.243174 0.148872
861 2.15935 -1.247064 0.170026
862 3.756869 -1.375395 0.479899
863 1.915493 -1.24333 0.142741
864 1.92856 -1.047211 0.10701
865 1.02697 -1.025571 0.093304
866 1.992729 -0.963782 0.114244
867 3.821847 -1.023809 0.480414
868 2.166391 -1.243832 0.151667
869 2.159722 -1.263961 0.173123
870 1.889995 -1.264953 0.169955
871 1.948237 -1.059787 0.105025
872 1.991035 -1.083679 0.113148
873 1.091615 -0.963664 0.107548
874 3.00699 -0.869985 -0.626242
875 2.107555 -1.37688 0.416854
876 1.889569 -1.248071 0.166926
877 3.756812 -1.375536 0.450829
878 2.015879 -1.20327 0.108933
879 2.077635 -1.37724 0.390175
880 0.697068 0.0262 1.126661
881 2.226719 -1.220896 0.118361
882 3.270017 -0.464434 -0.619936
883 2.251016 -1.20168 0.115823
884 2.316724 -1.376729 0.418473
885 2.498006 -1.376498 0.419575
886 3.098481 -1.372886 1.139616
887 2.782512 -0.920827 -0.614606
888 2.227023 -1.203326 0.113488
889 2.770912 -0.729103 -0.389607
890 1.597056 0.056179 1.146783
891 2.791676 -0.933535 -0.623363
892 3.332818 -0.835857 -0.792231
893 2.19844 -1.376124 0.439693
894 1.507068 0.056118 1.144741
895 2.165257 -1.263709 0.153268
896 2.16661 -1.376701 0.416838
897 2.016835 -1.377299 0.390534
898 3.336319 -0.866118 -0.791501
899 1.928118 -1.204329 0.10688
900 2.941085 -0.698244 -0.623201
901 3.727057 -1.375547 0.450235
902 1.896977 -1.244137 0.145511
903 3.303333 -0.865165 -0.790903
904 3.304082 -0.845711 -0.798767
905 2.106515 -1.377185 0.390883
906 1.94834 -1.198632 0.105153
907 2.976989 -0.870094 -0.626997
908 0.81726 -0.843893 0.550107
909 2.017125 -1.376954 0.416347
910 1.89669 -1.058342 0.104282
911 1.956294 -1.08389 0.106754
912 1.116111 -0.963502 0.087443
913 1.627057 0.056129 1.147463
914 2.137066 -1.220896 0.116297
915 1.995717 -1.221311 0.124139
916 2.046339 -1.376931 0.417144
917 1.927583 -1.000346 0.107032
918 2.015773 -1.377394 0.36083
919 2.198011 -1.376814 0.4175
920 1.925516 -1.059247 0.104796
921 3.157691 -1.372689 1.169296
922 3.790625 -1.37363 0.450616
923 0.546558 -0.453593 1.142556
924 1.927236 -1.220855 0.111424
925 2.346032 -1.376729 0.418499
926 0.816619 -0.862781 0.543387
927 2.790968 -0.994226 -0.626438
928 2.774114 -0.933646 -0.600357
929 2.016056 -1.173679 0.107643
930 2.046119 -1.377243 0.391114
931 2.943562 -0.865723 -0.781816
932 0.499137 -0.476368 0.829345
933 1.567048 -0.03383 1.147045
934 2.407777 -1.376656 0.418284
935 3.726607 -1.375674 0.421326
936 0.576317 -0.453154 1.143205
937 2.791605 -0.963467 -0.625003
938 3.82251 -1.023533 0.450607
939 3.128006 -1.37287 1.139301
940 3.097639 -1.373091 1.109773
941 0.487083 -0.1838 1.124102
942 0.308457 -1.378798 0.360474
943 0.260786 -1.244179 0.104971
944 0.308124 -1.378526 0.382483
945 0.2469 -1.378919 0.36041
946 0.22233 -1.021211 0.072217
947 0.197675 -1.04268 0.117256
948 1.991249 -1.173745 0.113443
949 0.216879 -1.378743 0.387497
950 0.204829 -1.042471 0.079055
951 0.205075 -1.033265 0.11615
952 0.197074 -1.042343 0.148081
953 0.271308 -1.244014 0.104966
954 0.19994 -1.030626 0.118795
955 0.193254 -1.378467 0.416091
956 0.205092 -1.215874 0.078506
957 0.213651 -1.02972 0.084849
958 0.196205 -1.042964 0.177093
959 3.75644 -1.375619 0.42083
960 0.247117 -1.378729 0.387407
961 0.223345 -1.221379 0.072775
962 0.175551 -1.22079 0.072975
963 0.181687 -1.201546 0.070136
964 0.192446 -1.220826 0.08608
965 0.196714 -1.052407 0.086327
966 0.18832 -1.378743 0.386547
967 0.217501 -1.202351 0.069331
968 0.195403 -1.023664 0.091848
969 0.24686 -1.379092 0.330367
970 0.277096 -1.221717 0.073626
971 0.217609 -1.053513 0.06919
972 0.217288 -0.992441 0.068724
973 0.194882 -0.991593 0.086671
974 0.278013 -1.244356 0.105901
975 0.247287 -1.031398 0.081416
976 0.157097 -1.202947 0.066142
977 0.005266 -1.2641 0.099705
978 0.009945 -1.379015 0.360094
979 0.005119 -1.244457 0.099582
980 0.018352 -1.246908 0.11023
981 2.106825 -1.220785 0.115523
982 0.197963 -0.879089 0.149806
983 -0.011145 -1.244508 0.099971
984 0.207568 -1.221073 0.081048
985 1.53707 -0.063827 1.146681
986 -0.233106 -1.376139 1.080285
987 2.221366 -1.375953 0.438312
988 0.246979 -1.221655 0.072913
989 -0.073374 -1.220805 0.068234
990 -0.113945 -1.379107 0.389187
991 -0.077697 -1.201947 0.064843
992 1.890042 -1.293739 0.170053
993 -0.053294 -1.379152 0.359297
994 -0.233047 -1.373526 1.101581
995 3.157762 -1.372874 1.139531
996 -0.085319 -1.221223 0.080761
997 1.567027 0.086222 1.145786
998 0.181054 -0.992806 0.070575
999 -0.09039 -1.200917 0.08104
1000 -0.23303 -1.376273 1.050353
1001 1.091561 -0.904517 0.095327
1002 0.018083 -1.264641 0.117757
1003 -0.606778 0.195043 0.710107
1004 -0.02564 -1.379106 0.358927
1005 -0.20331 -1.376376 1.020209
1006 0.157068 -1.221711 0.070887
1007 0.196274 -1.173668 0.083436
1008 -0.892162 -1.374962 1.081372
1009 -0.892413 -0.75371 1.111375
1010 -0.953679 -0.813569 1.110253
1011 -0.712329 -1.353637 0.541515
1012 -0.953513 -0.843836 1.110396
1013 -0.011079 -1.264038 0.100129
1014 0.247025 -1.022129 0.072134
1015 -0.743367 -1.333659 0.540747
1016 -0.742239 -1.376042 0.532839
1017 -0.114966 -1.378965 0.419672
1018 -0.793442 -0.693709 0.682121
1019 -0.892507 -0.723572 1.111242
1020 -0.953751 -1.353901 1.086472
1021 -1.093698 -1.375701 0.780383
1022 -0.708012 -1.195173 -0.084985
1023 -0.862497 -0.723635 1.111918
1024 -1.117631 -1.205831 0.711138
1025 -0.771219 -1.188009 -0.033036
1026 -1.093722 -1.323514 0.69043
1027 -1.092406 -1.3756 0.690277
1028 -1.101722 -1.237802 0.66008
1029 -1.11879 -1.144056 0.630372
1030 -1.090447 -1.375181 0.57042
1031 -1.095725 -1.353465 0.78035
1032 -0.294567 -0.516041 -0.091887
1033 -1.088967 -1.323856 0.480166
1034 -1.091697 -1.293438 0.600213
1035 -1.09107 -1.263551 0.570372
1036 -1.117471 -1.142081 0.625304
1037 -1.118009 -1.082007 0.550895
1038 -1.120744 -1.203622 0.720294
1039 -1.095038 -1.353382 0.750368
1040 -0.742851 -1.353557 0.532539
1041 -0.861974 -1.323977 1.088406
1042 -1.0875 -1.243885 0.501999
1043 0.274419 -1.378863 0.360586
1044 -1.117353 -1.083655 0.569468
1045 -0.761802 -0.920861 -0.278894
1046 -1.119383 -1.203918 0.66012
1047 -1.119442 -1.144017 0.660235
1048 -0.27132 -0.525175 -0.171335
1049 -0.832883 -1.323864 1.089083
1050 -0.714009 -1.334313 0.545874
1051 -1.087139 -1.244616 0.47519
1052 -1.117331 -1.113869 0.569343
1053 -0.812213 -1.055278 -0.112251
1054 -1.087357 -1.325693 0.480998
1055 -0.760198 -0.92091 -0.294534
1056 -1.103872 -1.235053 0.510368
1057 -1.117981 -1.051946 0.552127
1058 -0.983201 -1.353792 1.085815
1059 -0.832876 -0.723685 1.112593
1060 -1.119272 -1.227603 0.660334
1061 -0.953897 -1.323903 1.086339
1062 -0.749828 -0.823073 -0.221018
1063 -1.091728 -1.263572 0.600058
1064 -0.772379 -0.777588 -0.263261
1065 -1.116801 -1.053411 0.540391
1066 -1.118583 -0.693588 0.601021
1067 -1.116752 -1.113623 0.540236
1068 -1.096451 -1.32374 0.810187
1069 -0.74319 -1.188372 -0.202279
1070 -1.092373 -1.293413 0.630146
1071 -1.118091 -1.083545 0.577615
1072 0.202916 -1.032871 0.171278
1073 -1.118031 -1.114015 0.550364
1074 -1.120114 -1.143873 0.690185
1075 -0.983235 -1.374939 1.08017
1076 -1.104673 -1.234928 0.540324
1077 -1.092838 -1.37564 0.720264
1078 -0.740026 -0.867785 -0.199208
1079 -1.096417 -1.353584 0.810268
1080 -1.095765 -1.32369 0.78023
1081 -0.463378 -0.497792 -0.119523
1082 -1.094389 -1.323528 0.720118
1083 -0.083067 -1.379201 0.360001
1084 -1.117383 -1.053897 0.569204
1085 -1.115902 -0.573631 0.480168
1086 -1.11732 -1.14402 0.569331
1087 -1.116147 -1.023728 0.510167
1088 -1.10275 -1.235364 0.48049
1089 -0.736953 -0.924797 -0.325419
1090 -0.862508 -0.69375 1.111785
1091 -1.094096 -1.375733 0.810356
1092 -1.11756 -0.662768 0.567052
1093 -0.742281 -0.920596 -0.300759
1094 -0.925902 0.026115 0.569298
1095 0.274271 -1.378675 0.387075
1096 -1.117283 -1.204346 0.662649
1097 -1.118194 -0.663136 0.574271
1098 -1.118084 -1.144005 0.577549
1099 -1.118083 -1.113642 0.577425
1100 -0.764033 -0.790958 -0.247958
1101 -0.832913 -1.35381 1.089216
1102 -0.0851 -1.379004 0.38592
1103 -0.769071 -1.20416 -0.145058
1104 -1.116834 -1.02387 0.540346
1105 -0.76051 -0.805201 -0.240147
1106 -0.872877 -0.033873 0.528414
1107 -0.832924 -0.693766 1.112457
1108 -1.103153 -1.236511 0.59956
1109 -0.938077 0.150195 0.584919
1110 -0.922407 -0.813775 1.110963
1111 -0.950792 -0.839396 -0.590117
1112 -0.982981 -1.323868 1.085683
1113 -0.606995 -0.003798 0.670093
1114 -0.6819 -0.693754 -0.124871
1115 -0.02284 -1.221822 0.066777
1116 -0.958855 -0.833992 -0.578054
1117 -0.723656 -1.223668 -0.066094
1118 -1.118049 -0.662657 0.548609
1119 -0.864262 -0.712067 -0.450712
1120 -0.923074 -0.513295 0.11985
1121 -0.026266 -1.378732 0.380151
1122 -0.672028 -0.67183 -0.125678
1123 0.217555 -1.378472 0.41611
1124 -1.089628 -1.323958 0.509802
1125 -1.072828 -1.37716 1.020318
1126 -0.780534 -0.762194 -0.276724
1127 -0.893603 -0.721502 -0.450018
1128 -0.745153 -0.843462 -0.211329
1129 -1.117616 -1.084242 0.594641
1130 -0.173588 -1.376201 1.049971
1131 -0.89155 -0.714913 -0.425364
1132 -1.074743 -1.378626 0.30149
1133 -1.101971 -1.232531 0.061294
1134 -0.864604 -0.710081 -0.423117
1135 -0.912165 0.146064 0.552404
1136 -0.660729 -0.660149 -0.125403
1137 -0.892841 0.194756 0.540059
1138 -1.097108 -1.353729 0.840341
1139 -0.646892 -0.636676 -0.1262
1140 -0.014658 -1.247494 0.108113
1141 -1.102123 -1.231024 0.032645
1142 -1.117491 -0.665303 0.593321
1143 -0.922472 -0.783845 1.110832
1144 -0.878196 -0.708715 -0.415398
1145 -0.910666 -0.048937 0.553526
1146 -1.088838 -1.374321 0.480494
1147 -0.863165 -0.720312 -0.479692
1148 0.25531 -1.264738 0.135999
1149 -1.01163 -0.885583 -0.665445
1150 -1.084137 -1.352483 0.270539
1151 -0.953449 -0.783804 1.110131
1152 -1.117166 -0.662157 0.540306
1153 -0.615228 -1.37686 0.659316
1154 -0.622842 -1.332503 0.6905
1155 -0.612186 -1.376234 0.688673
1156 -0.625176 -1.331964 0.7196
1157 -1.034288 -0.123811 -1.054544
1158 -1.034051 -0.093775 -1.054592
1159 -0.628552 -1.332129 0.749331
1160 -0.914085 -0.53065 0.060701
1161 -0.754302 -0.829072 -0.224915
1162 -0.260012 -0.529288 -0.165962
1163 -1.032605 0.140509 -1.055109
1164 -1.044815 -0.4833 -1.108772
1165 -1.032872 0.056251 -1.054928
1166 -0.842829 -0.558841 0.045427
1167 -1.034984 -0.21379 -1.05434
1168 -1.104563 -1.235216 0.57015
1169 -0.173723 -1.373671 1.102473
1170 -1.033908 -0.123795 -1.080407
1171 -1.106036 -0.90362 0.060251
1172 -1.037649 -0.536321 -1.053837
1173 -0.633865 -0.623982 -0.126126
1174 -0.698184 -0.70795 -0.120648
1175 -0.892774 -0.033782 0.541039
1176 -1.033638 -0.53668 -1.229744
1177 -1.048958 -0.453733 -1.229764
1178 -1.097788 -1.353612 0.870301
1179 -0.793404 -0.723924 0.682254
1180 -0.732899 -0.903329 -0.181052
1181 -1.07278 -1.37491 1.079048
1182 -0.892526 -0.519597 0.089789
1183 -1.048718 -0.423651 -1.229744
1184 -1.04843 -0.392152 -1.228997
1185 -1.048166 -0.363528 -1.229608
1186 -1.047648 -0.303321 -1.229414
1187 -1.09487 -1.375707 0.870383
1188 -1.033641 -0.09378 -1.080333
1189 -1.093079 -1.2936 0.660423
1190 -1.098465 -1.353603 0.900323
1191 -1.04803 -0.423703 -1.259794
1192 -1.047778 -0.392561 -1.259117
1193 -1.047346 -0.183791 -1.199701
1194 -1.046858 -0.123779 -1.199692
1195 -1.048275 -0.453697 -1.25978
1196 -1.046376 -0.063782 -1.199691
1197 -1.047487 -0.363176 -1.259449
1198 -1.046671 -0.18378 -1.229692
1199 -1.122105 -1.203647 0.780206
1200 -1.048582 -0.333195 -1.199381
1201 -1.118056 -1.226851 0.57792
1202 -1.098489 -1.323856 0.900095
1203 -0.892847 0.176103 0.539981
1204 -1.047589 -0.453714 -1.289763
1205 -1.046971 -0.303496 -1.259589
1206 -1.047157 -0.243764 -1.229704
1207 0.182063 -1.053971 0.069396
1208 -1.049914 -0.333771 -1.139701
1209 -1.046905 -0.453692 -1.319743
1210 -1.047107 -0.393643 -1.289689
1211 -1.047968 -0.093789 -1.139701
1212 -0.615119 0.025955 0.628005
1213 -1.047347 -0.423725 -1.289769
1214 -1.046421 -0.393697 -1.319734
1215 -1.044294 0.02623 -1.259687
1216 -1.032051 0.14048 -1.079624
1217 0.199492 -1.034856 0.177229
1218 -0.502298 -0.510177 -0.146506
1219 -1.04622 -0.453676 -1.349736
1220 -1.045978 -0.423713 -1.34975
1221 -1.099148 -1.353848 0.930235
1222 -0.638464 0.17592 0.586139
1223 -1.045293 -0.423705 -1.379747
1224 -1.045532 -0.45368 -1.37971
1225 -1.045377 -0.273563 -1.319628
1226 -1.046909 -0.213781 -1.229705
1227 -1.037064 -0.536368 -1.079782
1228 -1.045053 -0.393714 -1.37974
1229 -1.044845 -0.453666 -1.409723
1230 -1.044603 -0.423651 -1.409746
1231 -1.046661 -0.423697 -1.319744
1232 -1.04392 -0.423655 -1.439704
1233 -1.043681 -0.393673 -1.439746
1234 -1.044367 -0.393718 -1.409713
1235 -1.043099 -0.243619 -1.409648
1236 -1.04573 -0.393722 -1.349766
1237 -1.033817 -0.063763 -1.054657
1238 -1.045402 0.056233 -1.19968
1239 -1.043235 -0.423677 -1.469689
1240 -1.042994 -0.393663 -1.469719
1241 -1.041825 -0.003794 -1.379687
1242 -1.043473 -0.453568 -1.469665
1243 -1.046619 -0.093783 -1.199686
1244 -1.099825 -1.353839 0.960244
1245 -1.047737 -0.063767 -1.139685
1246 -1.041145 -0.003809 -1.409689
1247 -1.024889 0.139502 -1.379624
1248 -1.042502 -0.003792 -1.34968
1249 -0.144135 -1.376162 1.050096
1250 -1.047394 -0.273756 -1.2297
1251 -1.048699 -0.183782 -1.139705
1252 -1.041617 -0.393683 -1.529715
1253 -0.759793 -0.881839 -0.122046
1254 -1.031368 0.1404 -1.109599
1255 -1.046183 -0.123769 -1.229695
1256 -1.041861 -0.423553 -1.529622
1257 -1.103542 -1.237643 0.840224
1258 -1.046723 -0.273518 -1.259543
1259 -0.274045 -0.522788 -0.100399
1260 -1.035691 -0.303746 -1.05425
1261 -1.039833 -0.093803 -1.499687
1262 -1.041743 -0.243444 -1.469592
1263 -1.041487 -0.213627 -1.469678
1264 -1.037867 0.084897 -1.349668
1265 -1.044698 -0.273582 -1.349651
1266 -1.040245 -0.393503 -1.589657
1267 -1.040933 -0.39361 -1.559675
1268 -1.037193 0.084796 -1.379666
1269 -1.047915 -0.333496 -1.229606
1270 -1.048319 -0.303718 -1.199651
1271 -1.04502 -0.063794 -1.259698
1272 -1.039454 -0.213334 -1.559562
1273 -1.042313 -0.393638 -1.499684
1274 -1.040315 -0.153783 -1.499681
1275 -1.040995 -0.153786 -1.469697
1276 -1.040813 -0.213625 -1.499668
1277 -1.041581 0.026218 -1.37969
1278 -1.040517 -0.093798 -1.469681
1279 -1.033367 -0.063778 -1.08026
1280 -1.037513 0.026188 -1.55967
1281 -1.04014 -0.213474 -1.529606
1282 -1.040468 -0.003807 -1.439684
1283 -1.042169 -0.21359 -1.439656
1284 -1.037076 -0.003823 -1.589684
1285 -1.036835 0.02618 -1.589671
1286 -1.024211 0.139428 -1.409624
1287 -1.041241 -0.183634 -1.469655
1288 -1.042413 -0.243608 -1.439664
1289 -1.044728 0.05624 -1.229671
1290 -1.100509 -1.353799 0.990211
1291 -1.046134 -0.033777 -1.199672
1292 -1.038917 -0.063797 -1.529699
1293 -1.099858 -1.323771 0.960167
1294 -1.036493 0.084732 -1.409658
1295 -1.035717 -0.003834 -1.64968
1296 -1.037271 0.05619 -1.559668
1297 -1.035477 0.026193 -1.649696
1298 -1.047295 -0.09378 -1.169694
1299 -1.097172 -1.263793 0.840185
1300 -1.023548 0.139373 -1.439653
1301 -1.047107 -0.153798 -1.199713
1302 -1.034349 -0.003812 -1.709685
1303 -1.035127 -0.183551 -1.739658
1304 -1.04056 -0.183617 -1.499661
1305 -1.043662 -0.063797 -1.3197
1306 -1.047492 -0.033769 -1.139685
1307 -1.038673 -0.033804 -1.529714
1308 -1.034114 0.026177 -1.709687
1309 -1.03479 0.02618 -1.679698
1310 -1.03639 -0.003816 -1.619687
1311 -1.041868 -0.093801 -1.409695
1312 -1.033675 -0.003825 -1.739667
1313 -1.037943 0.05618 -1.529677
1314 -1.03299 -0.003829 -1.769705
1315 -1.032753 0.026189 -1.769709
1316 -1.048074 -0.273766 -1.199698
1317 -1.035938 0.084498 -1.439501
1318 -1.033436 0.026179 -1.739688
1319 -1.032303 -0.003821 -1.799693
1320 -1.032059 0.026172 -1.7997
1321 -1.037758 -0.003802 -1.55968
1322 -1.04681 -0.033775 -1.169684
1323 -1.047054 -0.063781 -1.169691
1324 -1.033708 -0.093806 -1.769677
1325 -1.031624 -0.00383 -1.829707
1326 -1.033268 -0.122912 -1.799412
1327 -1.048751 -0.273744 -1.169687
1328 -1.022872 0.1393 -1.469637
1329 -1.034835 -0.063814 -1.709699
1330 -1.033512 -0.153485 -1.799645
1331 -1.031385 0.026174 -1.82969
1332 -1.032587 -0.123116 -1.829441
1333 -1.030936 -0.003841 -1.859682
1334 -1.030254 -0.003814 -1.889685
1335 -1.034388 -0.093787 -1.739685
1336 -1.037313 -0.033814 -1.589671
1337 -1.030014 0.026161 -1.889698
1338 -1.030697 0.026159 -1.859666
1339 -1.02933 0.02616 -1.919704
1340 -1.036777 0.082617 -1.468957
1341 -1.03959 -0.063799 -1.499683
1342 -1.038232 -0.063802 -1.55969
1343 -1.036153 0.026195 -1.619682
1344 -1.027883 0.006708 -1.962734
1345 -1.028654 0.026075 -1.949506
1346 -1.028221 0.025096 -1.97659
1347 -1.022186 0.139236 -1.499654
1348 -1.027828 0.032545 -1.961393
1349 -1.045889 -0.003766 -1.199687
1350 -1.02836 -0.094089 -2.00782
1351 -1.028142 -0.035065 -2.004931
1352 -1.028063 -0.006397 -2.001868
1353 -1.027525 -0.032524 -2.012127
1354 -1.027403 -0.003318 -2.011196
1355 -1.047243 -0.003768 -1.139679
1356 -1.046568 -0.003764 -1.16968
1357 -1.027237 0.026404 -2.010202
1358 -1.038191 0.080064 -1.499583
1359 -1.02151 0.139154 -1.529633
1360 -1.028338 -0.004411 -1.977797
1361 -1.03068 0.140305 -1.139632
1362 -1.025146 0.09476 -1.5297
1363 -1.040243 0.085919 -1.108716
1364 -1.039351 -0.033799 -1.499676
1365 -1.047536 -0.123783 -1.169705
1366 -1.044584 -0.093778 -1.289699
1367 -1.042932 0.02622 -1.319683
1368 -1.047005 0.026245 -1.139687
1369 -1.036631 -0.033815 -1.619669
1370 -1.031109 0.116262 -1.109667
1371 -1.041196 -0.093794 -1.439679
1372 -1.046323 0.02626 -1.169683
1373 -1.037652 0.079853 -1.529661
1374 -1.020839 0.139092 -1.559628
1375 -1.045647 0.026243 -1.19968
1376 -1.029991 0.14021 -1.169648
1377 -1.043905 -0.093792 -1.319684
1378 -1.043422 -0.033793 -1.319697
1379 -1.020155 0.139021 -1.589653
1380 -1.029307 0.140113 -1.199633
1381 -1.036975 0.079787 -1.559656
1382 -1.015887 0.137552 -2.205465
1383 -1.020269 0.116185 -1.589674
1384 -1.019484 0.138955 -1.61966
1385 -1.039107 -0.003804 -1.499697
1386 -1.023037 0.094507 -1.619693
1387 -1.039718 0.086294 -1.229647
1388 -1.035907 0.056192 -1.619692
1389 -1.036311 0.079705 -1.589644
1390 -1.019594 0.116189 -1.61969
1391 -1.028813 0.140018 -1.228121
1392 -1.026342 0.056149 -2.039658
1393 -1.043993 -0.00375 -1.108655
1394 -1.02772 0.140278 -1.236488
1395 -1.018808 0.138864 -1.649659
1396 -1.040448 0.086315 -1.19969
1397 -1.022337 0.094426 -1.649709
1398 -1.027773 -0.119294 -2.019034
1399 -1.02852 -0.123675 -2.008733
1400 -1.028882 -0.003811 -1.94969
1401 -1.04851 -0.243782 -1.169701
1402 -1.027707 -0.09136 -2.016188
1403 -1.027829 -0.145108 -2.021749
1404 -1.039886 -0.183638 -1.529674
1405 -1.035648 0.079637 -1.619649
1406 -1.049643 -0.453748 -1.199739
1407 -1.041173 -0.423387 -1.559587
1408 -1.029208 -0.213712 -2.009687
1409 -1.038881 -0.393438 -1.649512
1410 -1.039562 -0.393348 -1.619555
1411 -1.040493 -0.423458 -1.589649
1412 -1.027562 0.100022 -1.263304
1413 -1.039811 -0.423497 -1.619551
1414 -1.039133 -0.423304 -1.649413
1415 -1.037522 -0.393436 -1.70951
1416 -1.029449 -0.243683 -2.009685
1417 -1.03684 -0.393742 -1.739727
1418 -1.038452 -0.42357 -1.679603
1419 -1.037764 -0.423707 -1.709755
1420 -1.038201 -0.39343 -1.679458
1421 -1.035465 -0.393721 -1.799683
1422 -1.036149 -0.393698 -1.769736
1423 -1.037078 -0.42374 -1.739731
1424 -1.040064 -0.453287 -1.619467
1425 -1.036387 -0.423702 -1.769716
1426 -1.039381 -0.453715 -1.649719
1427 -1.033395 -0.393616 -1.889656
1428 -1.034084 -0.393661 -1.8597
1429 -1.048219 -0.123783 -1.139701
1430 -1.033637 -0.423612 -1.889605
1431 -1.034156 -0.063795 -1.739676
1432 -1.043341 -0.273472 -1.409599
1433 -1.07279 -1.353959 1.083808
1434 -1.038694 -0.453722 -1.679725
1435 -1.072827 -1.323989 1.083667
1436 -1.042965 -1.323903 1.084336
1437 -1.046426 -0.153788 -1.22971
1438 -1.097587 -1.324022 1.080126
1439 -1.097581 -1.354047 1.08016
1440 0.037908 -1.378868 0.383876
1441 -1.042785 -0.45346 -1.499605
1442 -0.014645 -1.264803 0.117152
1443 -0.116914 -1.375967 1.080115
1444 -0.117184 -1.376069 1.050053
1445 -0.802883 -1.353919 1.089903
1446 0.038182 -1.379058 0.359861
1447 -1.101878 -1.353763 1.050032
1448 -1.101893 -1.323919 1.049935
1449 -1.104595 -1.237689 0.929925
1450 -1.03227 -0.536837 -1.289726
1451 -0.772915 -1.354006 1.090576
1452 -1.104238 -1.23763 0.900164
1453 -1.095074 -1.323561 0.750325
1454 -1.124199 -1.229074 0.930043
1455 -1.10122 -1.323875 1.020018
1456 0.196182 -1.0837 0.083333
1457 -1.103971 -1.237609 0.870142
1458 0.338156 -1.378847 0.36005
1459 -0.117044 -1.373658 1.103428
1460 -1.117606 -0.69373 0.68009
1461 -1.043116 -1.023796 1.109204
1462 0.338846 -1.378546 0.385018
1463 -1.12365 -1.22908 0.900117
1464 -1.09444 -1.293717 0.720203
1465 -1.097867 -1.263645 0.870345
1466 -0.741271 -0.857043 -0.193855
1467 -1.100542 -1.323799 0.990212
1468 0.203706 -0.892453 0.077425
1469 -1.101191 -1.353774 1.020157
1470 -0.754423 -0.814018 -0.23115
1471 -1.120132 -1.113564 0.690043
1472 0.60679 -0.453102 1.143905
1473 -1.11825 -1.226889 0.603365
1474 -0.713738 -1.188321 -0.178414
1475 -1.119503 -1.083752 0.660094
1476 -0.817582 -0.885618 -0.069631
1477 -1.118873 -1.053796 0.630324
1478 -1.091649 -1.353934 0.600179
1479 -1.117581 -1.115315 0.686077
1480 -1.095987 -1.375709 0.960401
1481 -0.091162 -1.378896 0.418886
1482 -1.117286 -1.081979 0.65885
1483 -1.095678 -1.375688 0.930191
1484 -1.122133 -1.173764 0.780258
1485 -1.090962 -1.353885 0.570257
1486 -0.473117 -0.501647 -0.17894
1487 -1.073156 -1.053537 1.108659
1488 -0.797482 -1.187885 -0.034433
1489 -1.121211 -0.723853 0.720316
1490 -1.096469 -1.293903 0.810163
1491 -1.094352 -1.353403 0.7203
1492 -1.107385 -0.933764 0.120289
1493 -1.117701 -1.12938 0.715738
1494 -1.090959 -1.37537 0.600177
1495 -1.042739 -1.053749 1.109346
1496 -1.126048 -1.229248 1.050264
1497 0.906518 -0.513311 1.150981
1498 -0.592849 -0.573963 -0.128065
1499 1.267035 0.056131 1.139286
1500 -0.922381 -0.963783 1.111648
1501 0.967284 -0.862997 0.690075
1502 1.267045 0.086103 1.138977
1503 1.267045 0.02619 1.139606
1504 1.418383 -0.483412 1.162439
1505 -1.105358 -0.903759 0.030304
1506 1.387057 0.026163 1.142329
1507 0.906988 0.11608 1.130485
1508 1.387054 -0.033812 1.142959
1509 1.357036 -0.00386 1.141965
1510 -1.116734 -1.143861 0.540412
1511 1.357024 0.026184 1.141645
1512 -1.116085 -1.083989 0.510315
1513 -1.11793 -0.640581 0.521857
1514 -1.116529 -0.633914 0.510471
1515 0.198764 -0.878368 0.209836
1516 1.38711 -0.452923 1.161589
1517 1.357047 -0.033852 1.142279
1518 -1.115231 -0.573766 0.450172
1519 -0.793662 -0.035411 0.678924
1520 -1.118049 -0.668439 0.524702
1521 -0.803137 -0.03356 0.872994
1522 -1.125335 -0.663233 0.900266
1523 -0.872322 -0.049193 0.853763
1524 1.117999 -0.856949 0.709341
1525 -1.115853 -0.632441 0.480696
1526 -0.859673 -0.048868 0.861236
1527 -0.983651 -0.873788 1.10985
1528 0.936905 -0.453003 1.151391
1529 -0.776415 -0.035493 0.681444
1530 -1.114543 -0.573663 0.419934
1531 -0.953407 -0.753839 1.109995
1532 -1.115427 -1.083614 0.480539
1533 1.009623 1.121037 0.919302
1534 0.967118 -0.452925 1.152075
1535 -0.983814 -0.843718 1.10971
1536 -0.89248 -0.693737 1.111107
1537 1.327064 -0.003843 1.141282
1538 -1.128993 0.267896 1.019869
1539 1.357061 -0.093852 1.142905
1540 1.207014 -0.033811 1.138866
1541 -0.873783 -0.033457 0.852219
1542 1.327086 -0.093811 1.142229
1543 -1.114725 -1.083758 0.450136
1544 -0.866011 -0.034255 0.85756
1545 1.237054 -0.093801 1.140189
1546 1.147039 0.206154 1.134997
1547 -0.953406 -0.723835 1.109858
1548 -0.983722 -0.813852 1.109584
1549 -0.787164 -0.034178 0.675255
1550 1.327076 -0.033853 1.141597
1551 1.327054 -0.063823 1.141914
1552 1.207053 -0.093853 1.139505
1553 -1.113874 -0.573656 0.39009
1554 1.417752 -0.453067 1.162285
1555 1.447636 -0.483576 1.163117
1556 0.897579 -0.435977 0.655948
1557 1.177014 -0.093812 1.138816
1558 -1.128278 0.26756 0.989613
1559 1.177059 -0.123814 1.139138
1560 1.297064 -0.063816 1.141228
1561 1.177284 -0.844027 0.65523
1562 -0.983739 -0.783797 1.109442
1563 -0.89254 -0.663735 1.110962
1564 -1.129036 0.296324 1.020185
1565 0.453167 -0.812505 0.779546
1566 1.297084 -0.093816 1.141545
1567 1.357042 -0.183817 1.143852
1568 -0.95338 -0.69372 1.109728
1569 1.297065 -0.123816 1.141862
1570 0.875508 -0.445523 0.649134
1571 1.267075 -0.093778 1.140868
1572 1.115399 -0.862591 0.716434
1573 0.87724 -0.435474 0.659321
1574 1.297062 -0.153819 1.14217
1575 0.946139 -0.862606 0.710621
1576 1.267079 -0.123765 1.141178
1577 1.177073 -0.063772 1.13851
1578 1.147048 -0.153821 1.138768
1579 -0.825124 -0.03355 0.868185
1580 1.086068 -0.452912 1.154716
1581 0.455038 -0.814455 0.739848
1582 1.117114 -0.153791 1.138088
1583 0.906877 -0.45342 1.150721
1584 1.975718 -0.813686 0.808457
1585 1.958608 -0.864175 0.811252
1586 -0.824199 -0.007676 0.868242
1587 1.051236 -0.865003 0.60025
1588 1.05725 -0.453031 1.15412
1589 0.96681 -0.455851 0.746508
1590 1.207039 -0.123843 1.139813
1591 0.449682 -0.843348 0.778241
1592 1.003555 1.121016 0.84065
1593 0.876974 -0.453401 1.150042
1594 1.975252 -0.865199 0.808702
1595 1.176986 -0.15386 1.139444
1596 2.378907 0.476189 1.1738
1597 1.177023 -0.183837 1.139764
1598 2.379145 -0.393814 1.178014
1599 2.379143 -0.093881 1.176517
1600 2.379001 0.23617 1.174977
1601 0.198477 -0.877652 0.2396
1602 0.684371 0.06662 1.12524
1603 2.37892 0.536089 1.17347
1604 2.379236 -0.363814 1.177817
1605 0.667033 0.416101 1.121909
1606 1.357014 -0.123813 1.14322
1607 0.198424 -0.876423 0.269471
1608 1.237036 -0.12379 1.1405
1609 3.456988 0.563637 1.190596
1610 3.457714 0.555002 1.218688
1611 0.697046 0.416119 1.12259
1612 1.207036 -0.183863 1.140444
1613 0.757046 0.086104 1.127395
1614 1.38706 -0.153811 1.144214
1615 1.026987 -0.453277 1.153439
1616 1.387047 -0.123844 1.143902
1617 1.207031 -0.15387 1.140129
1618 1.417065 -0.153825 1.144897
1619 1.237036 -0.183815 1.141126
1620 0.902821 -0.443022 0.648267
1621 0.727099 0.3861 1.123576
1622 0.997048 -0.335378 1.151615
1623 1.267068 -0.183819 1.141811
1624 2.58793 0.553004 1.186648
1625 1.237073 -0.153798 1.140813
1626 2.378998 0.356157 1.174341
1627 0.942771 -0.455111 0.75124
1628 0.576692 -0.422879 1.143087
1629 1.297099 -0.335825 1.158991
1630 2.379215 -0.273808 1.177385
1631 1.206473 -0.862066 0.657935
1632 2.378891 0.596213 1.173226
1633 2.347095 -0.51357 1.183656
1634 3.547884 -1.372382 1.169767
1635 1.088094 -1.030197 0.096882
1636 0.642899 0.053509 1.125487
1637 1.5671 -0.335463 1.165039
1638 3.577812 -1.372449 1.170098
1639 2.618123 0.552934 1.18659
1640 0.637059 -0.335846 1.143779
1641 1.387043 -0.422915 1.161453
1642 2.379145 -0.063861 1.176349
1643 0.637068 -0.183818 1.127502
1644 3.576183 -1.371077 1.192722
1645 0.997047 -1.025591 0.092682
1646 3.517744 -1.372567 1.139476
1647 3.829743 -0.872651 0.121204
1648 0.69704 -1.025415 0.085731
1649 0.846991 -1.025456 0.089228
1650 1.297076 -0.183795 1.142494
1651 3.54715 -1.372603 1.140151
1652 3.487478 -1.372744 1.110235
1653 1.837021 -1.025505 0.111847
1654 1.566985 -1.029803 0.111554
1655 1.991019 -1.113486 0.11329
1656 1.537136 -1.029805 0.11123
1657 2.822158 -0.900869 -0.627195
1658 1.417281 -1.029697 0.109787
1659 0.967055 -0.335412 1.150934
1660 3.7866 -1.376993 0.122059
1661 2.40624 -1.376929 0.391411
1662 1.867032 -1.025609 0.11256
1663 3.516973 -1.372732 1.109614
1664 1.054999 -0.87805 0.093635
1665 2.96785 -0.70009 -0.61888
1666 3.756756 -1.377038 0.12019
1667 0.997004 -0.422788 1.152619
1668 1.417033 -0.335522 1.161673
1669 2.558148 0.55081 1.185697
1670 0.877064 0.086096 1.130121
1671 2.436412 -1.376583 0.41937
1672 2.767269 0.553313 1.188244
1673 1.991187 -1.143561 0.113341
1674 2.317964 -1.376337 0.440536
1675 3.607304 -1.372398 1.170158
1676 2.780148 -1.019448 -0.662628
1677 2.825689 -1.041602 -0.631058
1678 0.653998 0.005944 1.125233
1679 3.829786 -0.843665 0.120503
1680 3.426883 0.564284 1.190308
1681 3.460012 0.14611 1.199837
1682 1.627265 -1.02989 0.112039
1683 2.821867 -1.030654 -0.631938
1684 3.336532 -1.378289 -0.087816
1685 0.697111 0.056127 1.126346
1686 1.447203 -1.029735 0.110049
1687 3.306084 -1.378462 -0.117441
1688 2.785661 -1.209517 -0.346256
1689 1.071614 -0.441946 1.155279
1690 0.876964 -1.025516 0.089916
1691 2.197007 -1.203367 0.112814
1692 2.771272 -1.202933 -0.361908
1693 2.789616 -1.030114 -0.6587
1694 2.77515 -1.221649 -0.366542
1695 2.737744 0.553159 1.187893
1696 2.165348 -1.293683 0.153327
1697 2.076613 -1.220835 0.114847
1698 0.847045 -0.063821 1.131012
1699 0.783345 -0.862364 0.562671
1700 0.758065 -0.863468 0.570971
1701 3.606718 -1.372538 1.140099
1702 3.275874 -1.378529 -0.14932
1703 1.747358 -1.026827 0.110324
1704 3.547107 -1.372733 1.109685
1705 3.577156 -1.37274 1.10987
1706 3.430422 0.555268 1.216593
1707 1.954798 -1.173918 0.106858
1708 0.937007 -1.025569 0.091291
1709 3.637196 -1.372527 1.140126
1710 1.267347 -1.029526 0.107993
1711 2.789869 -1.083689 -0.628126
1712 1.387205 -1.029697 0.109431
1713 0.78703 -1.025472 0.087863
1714 3.245384 -1.379 -0.236257
1715 2.854078 -1.040801 -0.632221
1716 2.788994 -1.031175 -0.689875
1717 3.247359 0.554174 1.195028
1718 2.379185 -0.483553 1.17841
1719 3.576761 -1.37251 1.139796
1720 2.792747 -0.903046 -0.62411
1721 2.677353 0.552985 1.187146
1722 2.37911 0.116185 1.175489
1723 2.252051 -1.024361 0.115651
1724 2.827 0.553423 1.189378
1725 2.136547 -1.376772 0.417064
1726 0.757027 -1.025419 0.087129
1727 3.7562 -1.377078 0.092308
1728 0.546847 -0.423442 1.142417
1729 1.027009 -0.422961 1.153297
1730 3.607271 -1.372681 1.110221
1731 0.697087 -0.003815 1.126977
1732 2.887037 0.553557 1.190152
1733 3.726192 -1.377133 0.0921
1734 2.557973 0.553122 1.187066
1735 2.807162 -1.263566 -0.427574
1736 2.243937 -0.725612 0.116764
1737 3.637322 -1.371028 1.188592
1738 0.577179 -1.025459 0.083056
1739 0.667036 -1.02549 0.085082
1740 2.807762 -1.263584 -0.443975
1741 2.821993 -1.244345 -0.452253
1742 3.336293 -1.37845 -0.117965
1743 3.636859 -1.372392 1.16986
1744 2.379202 -0.453671 1.178264
1745 1.717573 -1.027811 0.11065
1746 3.696987 -1.372362 1.17062
1747 2.64752 -1.376308 0.447497
1748 0.607091 -1.025514 0.083754
1749 3.667547 -1.372466 1.140283
1750 2.491146 0.536239 1.166764
1751 2.227017 -0.72525 0.116659
1752 3.697523 -1.372482 1.14043
1753 0.613465 -0.006702 1.125468
1754 1.95565 -1.113372 0.106757
1755 3.667582 -1.371044 1.189062
1756 0.906983 -1.025528 0.09061
1757 2.227333 -1.376721 0.417406
1758 1.086531 -0.42349 1.154633
1759 3.666849 -1.37235 1.170187
1760 0.606571 -0.422711 1.143764
1761 2.677385 -1.376368 0.448796
1762 3.727216 -1.372311 1.170532
1763 1.096773 -0.425284 1.155401
1764 1.417227 -0.423305 1.162149
1765 0.257974 -1.244799 0.107615
1766 0.937021 0.056118 1.131796
1767 0.194165 -1.378278 0.443157
1768 0.192046 -0.933501 0.084308
1769 1.056967 -0.393516 1.153844
1770 -0.054131 -1.378924 0.381893
1771 1.113334 -0.422782 1.154992
1772 0.194013 -0.892774 0.236157
1773 1.975517 -0.843648 0.808314
1774 -0.263229 -1.376165 1.080264
1775 0.010162 -1.378915 0.384559
1776 0.196271 -1.143421 0.083503
1777 1.119914 -0.424102 1.155612
1778 0.267811 -1.378476 0.415559
1779 0.245348 -1.378496 0.416501
1780 0.21666 -1.378272 0.445976
1781 -0.263 -1.373474 1.101054
1782 1.44732 -0.423372 1.16284
1783 0.006679 -1.377986 0.093175
1784 0.194957 -0.996827 0.108922
1785 -0.263203 -1.376293 1.050274
1786 1.086777 -0.393302 1.154513
1787 -0.611381 -1.377308 0.721635
1788 1.177125 -0.42346 1.156706
1789 1.136839 -0.421956 1.155161
1790 1.147479 -0.423473 1.156054
1791 1.16921 -0.431278 1.155068
1792 1.09809 -0.396083 1.155369
1793 -0.776216 -0.453438 0.683297
1794 -0.776185 -0.484013 0.683461
1795 -0.983947 -0.423676 1.107813
1796 -0.922192 -0.423596 1.109201
1797 -0.922187 -0.454154 1.109342
1798 -0.464794 -0.500132 -0.203244
1799 -0.983941 -0.483882 1.108084
1800 -0.983852 -0.453932 1.107957
1801 -0.793461 -0.453435 0.680912
1802 -0.793461 -0.483948 0.68106
1803 -1.013157 -0.423653 1.107164
1804 -0.922079 -0.483769 1.109474
1805 -1.072943 -0.453736 1.105953
1806 -0.614534 -1.377573 0.75151
1807 -1.013083 -0.483876 1.107436
1808 -0.489351 -0.506531 -0.166515
1809 -0.81509 -0.002992 0.838744
1810 -0.922095 -0.393796 1.109071
1811 -0.414913 -0.499866 -0.212478
1812 -0.809567 -0.00411 0.812034
1813 -0.639048 -1.377745 0.616746
1814 -0.843821 -0.526441 0.228626
1815 -0.835065 -0.520123 0.208775
1816 -0.823707 0.023632 0.868232
1817 1.114076 -0.392937 1.154942
1818 0.243254 -1.378103 0.443778
1819 -0.900736 -0.548258 0.258784
1820 -0.717131 -1.188135 -0.062858
1821 1.120774 -0.394166 1.155555
1822 -0.873666 0.021947 0.852035
1823 -0.6938 -1.213922 -0.068546
1824 -1.042951 -0.453715 1.106633
1825 -0.773379 -0.01173 0.684415
1826 -0.892493 -0.454188 1.110017
1827 -0.892597 -0.483815 1.110153
1828 -0.780194 -0.009451 0.669379
1829 -1.0881 -1.373775 0.426043
1830 -1.118056 -0.542943 0.548202
1831 -0.910545 -0.54961 0.258928
1832 -0.892503 -0.393799 1.109745
1833 -0.892447 -0.423535 1.109881
1834 -0.772897 -1.224823 -0.117725
1835 -1.11727 -0.544118 0.539791
1836 -1.088366 -1.373997 0.452092
1837 -0.699424 -1.378356 0.556453
1838 -0.801944 -0.009407 0.682017
1839 -0.785359 -1.222412 -0.136464
1840 -1.105179 -1.23327 0.360167
1841 -1.087932 -1.370973 0.395546
1842 -1.104083 -1.234116 0.420718
1843 -1.114709 -1.113898 0.450321
1844 -0.98397 -0.39387 1.107672
1845 -0.800165 -1.221728 -0.144565
1846 -0.697215 -0.92128 -0.25386
1847 0.968676 -0.862648 0.715201
1848 -1.113427 -1.023787 0.39021
1849 -1.111998 -1.113587 0.33027
1850 -1.114619 -1.203816 0.450118
1851 -1.114081 -1.053535 0.420082
1852 -0.69182 -0.920452 -0.275567
1853 -1.104574 -1.23329 0.300134
1854 -1.088382 -1.353625 0.451882
1855 -0.768979 -1.234454 0.70558
1856 -0.892867 -0.53987 0.242288
1857 0.367825 -1.378539 0.385392
1858 -0.788754 -0.005327 0.675105
1859 -1.117629 -0.544243 0.565643
1860 -0.695278 -0.936007 -0.349038
1861 -1.112748 -1.023857 0.359907
1862 -1.112777 -0.963224 0.360071
1863 -0.87514 -1.377827 0.556979
1864 -1.113282 -1.173474 0.390107
1865 -0.819884 -0.892727 -0.072831
1866 -1.113377 -1.08386 0.390104
1867 -1.118247 -0.543921 0.573474
1868 -1.087267 -1.353712 0.483609
1869 -1.075298 -1.378112 0.089164
1870 -0.865815 0.022187 0.857417
1871 -1.113309 -1.143713 0.389997
1872 0.976545 -0.862519 0.738734
1873 -1.114578 -0.544042 0.420038
1874 -1.114089 -1.024042 0.420182
1875 -1.087526 -1.356131 0.503094
1876 -0.46029 -0.498713 -0.198368
1877 -1.114054 -1.083922 0.420109
1878 -1.104667 -1.233558 0.39042
1879 -0.835111 -1.187768 -0.054015
1880 -1.114755 -1.053665 0.450254
1881 -0.621405 -0.604576 -0.127067
1882 -1.102877 -1.235044 0.450502
1883 -1.115319 -1.203465 0.480472
1884 -1.117715 -0.54474 0.591712
1885 -1.11191 -1.203981 0.330205
1886 -1.089613 -1.353598 0.510072
1887 -1.104762 -1.233336 0.330132
1888 -0.707313 -0.934113 -0.34837
1889 -0.984003 -0.513838 1.108219
1890 -1.113993 -1.143612 0.420091
1891 0.265134 -1.378037 0.438346
1892 -1.089387 -1.37475 0.510264
1893 -0.953279 -0.483812 1.108778
1894 -1.114778 -1.023494 0.450458
1895 -1.113234 -0.513535 0.359951
1896 -1.113948 -1.20357 0.420486
1897 -1.112828 -0.933716 0.359671
1898 -1.112588 -1.20378 0.360362
1899 -1.114679 -1.143605 0.450253
1900 -1.090295 -1.353896 0.540342
1901 -0.95331 -0.453767 1.108643
1902 -1.089919 -1.375047 0.540504
1903 -1.114022 -1.113653 0.420145
1904 -1.118692 -0.544125 0.600464
1905 -1.1135 -0.963616 0.390679
1906 -0.61021 -0.586243 -0.126791
1907 0.196186 -1.201194 0.083965
1908 -1.114657 -1.173544 0.450389
1909 -1.115404 -1.053913 0.479979
1910 -1.115456 -1.023416 0.480176
1911 -1.112653 -1.143564 0.360456
1912 -0.605404 -0.591538 -0.126545
1913 -1.115267 -0.543959 0.450152
1914 0.640155 0.024838 1.125603
1915 -0.953365 -0.513808 1.10891
1916 -0.776169 -0.513771 0.683601
1917 -0.64576 -1.376256 0.597251
1918 -0.892912 -0.033775 0.838848
1919 -0.892529 -0.513891 1.110292
1920 -0.786043 -0.754954 -0.287768
1921 -1.115336 -1.173601 0.480372
1922 -0.984034 -0.543693 1.108353
1923 -0.873771 -0.00469 0.852091
1924 -0.638909 -0.617695 -0.12427
1925 -0.914764 -0.542092 0.242505
1926 -1.117703 -0.547455 0.626598
1927 -0.767835 -0.996545 -0.180154
1928 -0.862458 -0.423622 1.110561
1929 -1.114132 -0.993347 0.42024
1930 -0.097544 -1.375048 1.073589
1931 -0.102428 -0.693877 0.779443
1932 -0.983958 -0.573948 1.108494
1933 -0.629898 -0.038118 0.781371
1934 -1.116097 -1.05374 0.510501
1935 -1.115381 -1.114094 0.480221
1936 -1.113925 -0.513287 0.390082
1937 -0.953201 -0.544001 1.109052
1938 -0.972018 -0.035005 0.693123
1939 -0.801287 -1.330686 0.840765
1940 0.66707 -0.183741 1.128186
1941 -0.862505 -0.454135 1.110695
1942 -1.118676 -0.573725 0.600424
1943 -1.117724 -0.572822 0.591641
1944 0.517085 0.266096 1.120069
1945 -0.382696 -0.543779 1.121935
1946 -0.863284 -1.330778 0.835014
1947 -0.953369 -0.573835 1.109176
1948 -1.116071 -1.113599 0.510438
1949 -0.803194 -0.004756 0.872837
1950 -0.776125 -0.543595 0.683755
1951 -1.11823 -0.573727 0.573676
1952 -0.969668 -0.036564 0.667647
1953 -1.113438 -0.993425 0.390726
1954 -0.068923 -0.708017 0.102351
1955 -0.983989 -0.603854 1.108631
1956 -0.892484 -0.543887 1.110421
1957 0.193759 -0.960797 0.111745
1958 -1.129093 0.356444 1.019898
1959 -1.113411 -1.053987 0.390155
1960 -1.11762 -0.574041 0.565837
1961 0.037102 -0.813782 0.060846
1962 -1.118046 -0.57313 0.548668
1963 -1.128418 0.356209 0.989988
1964 -0.892473 -0.573798 1.110558
1965 -0.826969 -0.531185 0.078856
1966 -1.115852 -0.60393 0.480007
1967 -0.922126 -0.573793 1.109886
1968 -0.834324 -0.049127 0.866117
1969 -0.922121 -0.543778 1.109746
1970 -0.983925 -0.633901 1.108767
1971 -0.444835 -0.499736 -0.209858
1972 -0.776165 -0.573799 0.683849
1973 0.007026 -0.728075 0.06367
1974 -0.892497 -0.603823 1.110703
1975 -0.922145 -0.603797 1.110019
1976 -0.984001 -0.663837 1.108899
1977 -0.803493 -0.002901 0.787631
1978 -0.922168 -0.633817 1.110153
1979 -0.776149 -0.603775 0.683963
1980 -1.11254 -0.543642 0.330169
1981 -0.983966 -0.693768 1.109034
1982 -0.922225 -0.663783 1.110285
1983 -0.922275 -0.693808 1.110425
1984 -1.113851 -0.60225 0.390436
1985 -1.127665 0.296199 0.959982
1986 -0.983809 -0.723647 1.109171
1987 -0.922304 -0.723632 1.110556
1988 -0.922497 -0.753801 1.110694
1989 -0.892565 -0.049013 0.542171
1990 -0.983749 -0.753772 1.109312
1991 -1.112516 -0.573749 0.33009
1992 -0.472094 -0.50072 -0.090076
1993 -0.606851 -0.048996 0.709535
1994 -1.126964 0.266281 0.930159
1995 -0.983521 -1.023807 1.110534
1996 -0.922499 -1.053724 1.112055
1997 -0.983626 -1.053752 1.110671
1998 -0.610121 0.195419 0.724751
1999 -0.922272 -1.082712 1.112157
2000 -0.983707 -1.083825 1.110809
2001 -1.112481 -0.602581 0.330122
2002 -0.983532 -1.113541 1.110951
2003 -0.6066 -0.033202 0.711256
2004 -0.422843 -0.498983 -0.051823
2005 -1.11178 -0.603301 0.299604
2006 -1.126914 0.236459 0.92959
2007 -0.615683 0.195354 0.749849
2008 -0.631131 0.198492 0.781571
2009 -0.639523 0.198081 0.793007
2010 -1.043609 0.026218 -1.289685
2011 -1.043177 -0.003762 -1.319704
2012 -1.043857 -0.003797 -1.289694
2013 -1.042792 -0.123803 -1.379701
2014 -1.046228 -0.213773 -1.259704
2015 -1.046059 -0.273468 -1.28956
2016 -1.038547 0.084979 -1.319668
2017 -1.045307 -0.183786 -1.289697
2018 -1.113675 -0.754104 0.389589
2019 -1.103927 -1.233316 0.270571
2020 -0.947421 -0.518921 0.180093
2021 -1.102886 -1.228074 1.106936
2022 -1.124927 -1.227584 1.105305
2023 -1.119185 -0.724176 0.630109
2024 -0.982912 -1.293918 1.085544
2025 -0.825794 -1.330568 0.857644
2026 -1.104342 -1.232832 0.240037
2027 -0.768634 -1.117507 0.705578
2028 -0.922744 -1.324132 1.087024
2029 -1.01316 -1.293889 1.084867
2030 -1.101939 -1.263917 1.049967
2031 -1.013003 -1.113487 1.110278
2032 -0.862334 -1.083491 1.113546
2033 -1.127539 -1.203819 1.019936
2034 -1.013191 -1.353999 1.085151
2035 -1.125633 -1.229241 1.019829
2036 -1.042873 -1.294008 1.0842
2037 -1.126866 -1.203836 0.98995
2038 -1.12518 -1.229134 0.989987
2039 -1.013183 -1.083793 1.110149
2040 -1.118566 -0.724113 0.600842
2041 -0.88302 -1.330841 0.829061
2042 -1.124698 -1.229085 0.96011
2043 -1.126251 0.236278 0.899941
2044 -1.126187 -1.203973 0.960041
2045 -1.105204 -1.237736 0.989998
2046 -0.371161 -0.49932 -0.043621
2047 -0.632495 -1.332483 0.771405
2048 -1.111737 -0.664333 0.299668
2049 -0.621958 -1.376955 0.628383
2050 -0.892097 -1.083204 1.112863
2051 -1.126218 -1.17431 0.960058
2052 -0.953725 -1.083568 1.111482
2053 -0.830383 -1.330573 0.841374
2054 -1.117728 -0.724467 0.591852
2055 -1.125548 -1.174433 0.929966
2056 -1.12487 -1.174358 0.900191
2057 -0.023061 -0.707842 0.101857
2058 -0.592716 -1.228949 1.114949
2059 -0.401913 -0.499134 -0.225877
2060 -1.12418 -1.174175 0.8701
2061 -0.95416 -1.113584 1.111607
2062 -0.922543 -1.113426 1.112272
2063 -1.013242 -1.37497 1.079704
2064 -1.042809 -1.353964 1.084486
2065 -1.118193 -0.723669 0.574512
2066 -1.123513 -1.144174 0.839838
2067 -1.124219 -1.144266 0.87014
2068 -1.111111 -0.603324 0.269993
2069 -1.11757 -0.72419 0.567152
2070 -1.042811 -1.083669 1.109476
2071 -1.122859 -1.113534 0.810128
2072 -1.122185 -1.113449 0.780389
2073 0.218965 -0.86553 0.772739
2074 -1.122222 -1.084005 0.780188
2075 -0.444803 -0.498709 -0.044343
2076 0.571803 -0.538246 1.143388
2077 -1.121543 -1.083892 0.750315
2078 -0.953456 -1.05356 1.111345
2079 0.574583 -0.512492 1.143436
2080 -0.6134 -1.353853 0.720496
2081 0.60723 -0.863536 0.660339
2082 -1.120881 -1.053996 0.720101
2083 -1.121569 -1.053886 0.750249
2084 -1.117872 -1.057203 0.71647
2085 0.697016 -0.86374 0.600265
2086 -1.103583 -1.233021 0.210611
2087 -1.117924 -0.700154 0.524778
2088 -1.117154 -0.694252 0.540045
2089 -1.120199 -1.053901 0.690026
2090 -1.103384 -1.233037 0.180162
2091 0.182102 -0.813976 0.088704
2092 -1.120227 -1.023843 0.689798
2093 -1.013222 -1.323948 1.085001
2094 0.933645 -0.541336 1.15165
2095 -0.653804 -1.330973 0.779565
2096 -1.120267 -0.993653 0.690027
2097 -0.954023 -1.293971 1.086198
2098 0.965309 -0.507486 1.15221
2099 0.935647 -0.512952 1.151621
2100 -0.293175 -1.376194 1.080166
2101 -0.293105 -1.37343 1.100546
2102 0.907355 -0.540202 1.15108
2103 -0.293209 -1.376325 1.05012
2104 1.507082 -0.003819 1.145371
2105 1.417081 -0.123809 1.14458
2106 1.596986 -0.123839 1.148669
2107 1.597029 -0.093849 1.14835
2108 1.537089 -0.093823 1.14699
2109 1.357323 -0.843776 0.798812
2110 1.17704 0.056098 1.137247
2111 1.357262 -0.864149 0.79805
2112 1.56705 -0.093817 1.147675
2113 1.597031 0.236131 1.14489
2114 1.177035 -0.03379 1.13819
2115 1.177018 -0.003832 1.137875
2116 1.087056 -0.033853 1.136149
2117 1.207061 -0.063808 1.139185
2118 1.087062 -0.063822 1.136463
2119 1.087123 -0.093827 1.13678
2120 1.11703 -0.123828 1.137775
2121 1.087077 -0.183776 1.137722
2122 1.137426 -0.448346 1.155151
2123 0.637067 0.266007 1.12279
2124 0.667073 0.266012 1.123476
2125 2.347065 0.626222 1.178529
2126 1.59707 -0.033843 1.147724
2127 1.627061 0.236133 1.145573
2128 0.637088 0.236022 1.123102
2129 3.460094 -0.333869 1.202201
2130 1.597031 -0.063869 1.14804
2131 1.567071 -0.063813 1.147357
2132 1.507098 -0.063825 1.145996
2133 0.637039 -0.393594 1.144327
2134 1.477042 -0.12386 1.145948
2135 1.507018 -0.093827 1.146313
2136 1.627106 -0.033852 1.148403
2137 1.477076 -0.393685 1.163383
2138 1.477088 -0.063813 1.145316
2139 2.407068 0.653981 1.163726
2140 1.627054 0.026192 1.14778
2141 1.207106 -0.423551 1.157386
2142 1.627036 -0.003844 1.148094
2143 1.627024 -0.063823 1.148726
2144 1.476986 -0.093802 1.14563
2145 1.44708 -0.123838 1.145267
2146 1.506973 0.176117 1.143473
2147 0.606847 -0.393641 1.143639
2148 0.96709 -0.863254 0.660064
2149 0.995207 -0.862464 0.740093
2150 0.99583 -0.4555 0.74454
2151 1.237135 -0.393833 1.157943
2152 1.417075 -0.093806 1.144267
2153 1.658364 -0.063803 1.145773
2154 1.267108 -0.393723 1.158623
2155 0.996365 -0.862677 0.717329
2156 1.507104 0.146118 1.143793
2157 1.627048 -0.093778 1.14904
2158 0.480202 -0.887939 0.075081
2159 1.163542 -0.858552 0.675457
2160 1.267134 -0.363783 1.158489
2161 1.627021 -0.123795 1.149353
2162 0.638144 -0.898954 0.076905
2163 1.327058 -0.183827 1.143171
2164 1.099802 -0.342372 1.15531
2165 1.087053 -0.33537 1.153605
2166 1.267085 -0.335885 1.158321
2167 1.957855 -0.84368 0.811874
2168 1.177098 -0.336036 1.156293
2169 1.057054 -0.335364 1.15293
2170 1.627023 -0.153801 1.149659
2171 1.297097 -0.363761 1.159172
2172 1.567108 -0.363761 1.165289
2173 0.634948 -0.911811 0.074843
2174 0.997864 -0.85782 0.709441
2175 1.146808 -0.862506 0.688393
2176 3.817618 0.675191 -0.843043
2177 3.839048 0.236136 -0.959553
2178 3.839669 0.146057 -0.959552
2179 3.4601 -0.273862 1.201951
2180 3.832878 0.611484 -0.9107
2181 0.667016 -0.875793 0.087611
2182 3.842111 0.085989 -1.0495
2183 3.841903 0.115951 -1.049597
2184 0.817024 -0.903511 0.08025
2185 3.835156 0.596238 -0.906973
2186 3.83698 0.536034 -0.95952
2187 3.460108 -0.243877 1.201754
2188 3.460075 -0.183838 1.201476
2189 3.839253 0.206127 -0.95964
2190 3.823267 0.596946 -0.893113
2191 3.817845 0.656196 -0.84251
2192 3.840283 0.056122 -0.959596
2193 3.459968 0.176183 1.199749
2194 3.840083 0.086151 -0.959582
2195 3.460153 -0.483716 1.202907
2196 3.460167 -0.453835 1.202762
2197 3.460243 -0.393821 1.202441
2198 3.459857 0.29605 1.199202
2199 3.459955 -0.033895 1.2008
2200 3.460083 -0.003892 1.200553
2201 3.460013 0.086166 1.200148
2202 3.83574 0.596323 -0.92963
2203 3.848688 0.116209 -1.349672
2204 3.459845 0.206202 1.199642
2205 3.460145 -0.513707 1.203069
2206 3.459966 -0.603737 1.203618
2207 3.460149 -0.573769 1.20339
2208 1.327189 -0.335782 1.159669
2209 3.460123 -0.543805 1.203227
2210 2.197001 -0.725078 0.116304
2211 3.818221 0.656106 -0.869717
2212 3.83608 0.566089 -0.929715
2213 1.597194 -0.335328 1.165689
2214 3.845983 0.116056 -1.229648
2215 3.841417 0.08614 -1.019625
2216 3.835462 0.566153 -0.906876
2217 3.842081 0.386033 -1.139747
2218 3.818077 0.626113 -0.842417
2219 1.417056 -0.213842 1.145533
2220 1.447068 -0.243676 1.144439
2221 3.577086 1.113477 -1.469959
2222 3.63705 1.114854 -1.439637
2223 3.606906 1.113503 -1.469668
2224 3.84075 0.086124 -0.989591
2225 3.607026 1.114525 -1.43987
2226 3.666972 1.113308 -1.529993
2227 3.666765 1.113194 -1.559525
2228 3.636881 1.113542 -1.469959
2229 3.577216 1.113355 -1.499677
2230 3.84229 0.356229 -1.139578
2231 3.576821 1.114824 -1.440379
2232 3.546904 1.113365 -1.499454
2233 3.546897 1.113188 -1.529725
2234 3.57719 1.113265 -1.589775
2235 3.636791 1.113154 -1.589293
2236 3.83676 0.566075 -0.959471
2237 3.666977 1.113388 -1.499567
2238 3.606813 1.113129 -1.559729
2239 3.607022 1.112973 -1.589766
2240 3.84298 0.356024 -1.169549
2241 3.697737 1.114771 -1.499814
2242 1.477014 -0.243667 1.145121
2243 3.636917 1.113077 -1.559423
2244 3.697251 1.114423 -1.52979
2245 3.840961 0.056119 -0.989725
2246 3.840907 -0.03392 -0.959698
2247 3.60732 1.11338 -1.499862
2248 3.81841 0.625938 -0.869409
2249 3.576956 1.113084 -1.559642
2250 3.636848 1.113259 -1.52945
2251 3.86133 0.53628 -2.039073
2252 3.576948 1.113218 -1.529684
2253 3.839734 0.236242 -0.989551
2254 3.839923 0.20614 -0.989674
2255 3.85579 0.598087 -2.101018
2256 3.862256 0.533834 -2.048096
2257 2.809697 -0.707934 -0.371846
2258 3.637153 1.113377 -1.499856
2259 3.824338 0.656035 -1.139566
2260 3.135381 -0.543852 -0.540778
2261 3.825011 0.656343 -1.169617
2262 3.841599 0.356104 -1.109704
2263 2.954293 -0.472242 -0.554338
2264 3.842157 -0.21386 -0.959691
2265 3.607124 1.113255 -1.529764
2266 3.826369 0.65626 -1.22975
2267 3.847741 0.672471 -2.161056
2268 3.862489 0.591476 -2.09556
2269 3.827018 0.656191 -1.259698
2270 3.848092 0.653378 -2.174978
2271 3.825681 0.656072 -1.1996
2272 3.840497 0.026154 -0.959634
2273 3.847379 0.65621 -2.159463
2274 3.822286 0.656172 -1.049826
2275 3.828383 0.656237 -1.319729
2276 3.089595 -0.63413 -0.570316
2277 3.854286 -0.003632 -1.559449
2278 2.136981 -0.753802 0.108254
2279 3.863497 0.775986 -1.439618
2280 3.145525 -0.554564 -0.541446
2281 3.138754 -0.639243 -0.571727
2282 3.853333 -0.063529 -1.499695
2283 3.853539 -0.093495 -1.499526
2284 3.857252 0.05629 -1.70973
2285 3.854006 -0.063725 -1.529622
2286 1.949614 -0.984721 0.104948
2287 3.488922 -0.638432 -0.587847
2288 3.862867 0.77612 -1.410222
2289 3.832208 0.647857 -1.448503
2290 3.143088 -0.634478 -0.567335
2291 3.035539 -0.688491 -0.598326
2292 3.840697 -0.003871 -0.959689
2293 3.862316 0.590613 -2.074158
2294 3.861946 0.776397 -1.401469
2295 3.85266 -0.063849 -1.469604
2296 3.852866 -0.093816 -1.469645
2297 2.853026 -0.709657 -0.613078
2298 3.821614 0.655978 -1.019844
2299 3.82771 0.656177 -1.289525
2300 3.192619 -0.682166 -0.598803
2301 2.826933 -0.725473 -0.621705
2302 2.771113 -0.87367 -0.367623
2303 3.498869 -0.612844 -0.565494
2304 3.860709 0.536248 -2.009623
2305 3.847618 0.566146 -1.439607
2306 3.860846 0.026417 -1.859752
2307 3.757448 -1.374967 0.569799
2308 2.787733 -0.904606 -0.352629
2309 3.844322 -0.484226 -0.538021
2310 3.861646 0.566411 -2.068059
2311 3.8609 0.506321 -2.009607
2312 3.83379 0.656256 -1.559704
2313 3.063981 -0.684066 -0.59856
2314 3.727469 -1.375147 0.539999
2315 3.856032 -0.153654 -1.589768
2316 3.03705 -0.753328 -0.631189
2317 3.861598 -0.003255 -1.888323
2318 3.864029 0.056215 -2.009768
2319 2.821572 -0.712616 -0.6087
2320 3.846689 0.656136 -2.129801
2321 3.842629 -0.183901 -0.989671
2322 3.846948 0.625949 -2.129627
2323 3.8404 0.236111 -1.019496
2324 3.099055 -0.653081 -0.582236
2325 3.123582 -0.757035 -0.635233
2326 3.864724 0.056188 -2.039786
2327 3.856414 -0.213766 -1.589561
2328 3.486401 -0.657967 -0.589469
2329 2.802867 -0.73121 -0.618361
2330 3.697244 -1.375212 0.539506
2331 3.112814 -0.666203 -0.588354
2332 3.860814 -0.063855 -1.8297
2333 3.856914 -0.183671 -1.619616
2334 3.190649 -0.667687 -0.591678
2335 3.5055 -0.598157 -0.561466
2336 3.837955 0.296152 -0.92967
2337 3.86383 0.086298 -2.009576
2338 3.063705 -0.759215 -0.634527
2339 3.860599 -0.033779 -1.829588
2340 3.862222 -0.036672 -1.869385
2341 3.857775 -0.213751 -1.649446
2342 3.860381 -0.003851 -1.829562
2343 3.840625 -0.213879 -0.904447
2344 3.857082 -0.213754 -1.619587
2345 3.860163 0.026336 -1.829716
2346 3.109908 -0.679769 -0.594581
2347 3.097068 -1.376071 0.449319
2348 3.864866 -0.063735 -2.009701
2349 3.861681 -0.032932 -1.886761
2350 3.863964 -0.033816 -1.979648
2351 3.841688 -0.243624 -0.929616
2352 3.854385 0.566115 -1.739799
2353 3.841803 0.326231 -1.109543
2354 3.84251 0.326197 -1.139593
2355 3.856201 -0.183596 -1.589778
2356 2.801387 -0.783807 -0.619524
2357 3.847576 0.626256 -2.159598
2358 3.862392 0.565024 -2.074479
2359 3.088274 -0.762786 -0.63903
2360 3.865336 -0.033671 -2.039697
2361 3.865519 -0.063748 -2.039414
2362 3.865734 -0.093744 -2.039771
2363 3.866374 -0.063732 -2.094526
2364 3.093738 -0.850501 -0.71529
2365 3.864203 -0.063903 -1.979651
2366 3.149132 -0.652371 -0.581876
2367 3.152944 -0.849272 -0.711001
2368 2.855425 -0.898549 -0.629751
2369 3.865957 -0.123578 -2.039476
2370 3.866661 -0.123833 -2.069447
2371 2.79624 -0.720181 -0.602345
2372 3.862052 -0.090667 -1.90883
2373 3.127122 -1.376045 0.449243
2374 3.864665 -0.033657 -2.009688
2375 3.85371 0.566101 -1.709591
2376 3.841133 0.326151 -1.079586
2377 3.8662 -0.063776 -2.069428
2378 2.883947 -0.89475 -0.630771
2379 3.865301 -0.123883 -2.009603
2380 2.822986 -0.93218 -0.62839
2381 3.866854 -0.153987 -2.069772
2382 3.866404 -0.183817 -2.039524
2383 2.78719 -0.753345 -0.612683
2384 3.839085 0.026071 -0.905258
2385 2.974735 -0.725788 -0.631384
2386 2.90979 -0.891197 -0.630955
2387 3.033751 -0.810646 -0.817976
2388 3.865467 -0.153761 -2.009926
2389 3.866168 -0.153684 -2.039765
2390 3.866616 -0.213839 -2.039831
2391 2.818473 -0.959134 -0.628706
2392 3.058832 -0.848385 -0.716312
2393 3.864505 0.086331 -2.03957
2394 2.948395 -0.485451 -0.559689
2395 3.667415 -1.375175 0.539815
2396 3.100471 -0.664889 -0.589838
2397 3.839226 -0.003937 -0.905109
2398 2.844096 -0.930568 -0.628774
2399 2.918383 -0.866395 -0.779953
2400 3.867294 -0.213799 -2.069903
2401 3.846012 -0.30378 -0.825789
2402 2.783214 -0.898212 -0.613919
2403 2.773952 -0.753354 -0.598677
2404 2.76824 -0.753788 -0.389715
2405 3.868284 0.746074 -1.649628
2406 3.858462 -0.21378 -1.679737
2407 3.866428 -0.09388 -2.069882
2408 3.867481 -0.243811 -2.069476
2409 2.817602 -1.001023 -0.630019
2410 3.863003 -0.183924 -1.88976
2411 3.038483 -0.664432 -0.593495
2412 3.788982 -1.373181 0.569816
2413 3.839604 0.056156 -0.929596
2414 3.84242 -0.153881 -0.989618
2415 3.019474 -0.677108 -0.795869
2416 2.883309 -1.007651 -0.631337
2417 3.867586 -0.261472 -2.093875
2418 2.914526 -0.844975 -0.785841
2419 3.865699 -0.183663 -2.009497
2420 3.153881 -0.837132 -0.699205
2421 3.841488 -0.213836 -0.929635
2422 3.863245 -0.123729 -1.919822
2423 3.867055 -0.183826 -2.069447
2424 3.008496 -1.032181 -0.638899
2425 3.861972 -0.178237 -1.879468
2426 3.858731 0.598033 -2.068845
2427 3.863032 -0.093884 -1.91971
2428 3.835834 0.656179 -1.649685
2429 3.862269 0.561015 -2.047945
2430 3.843093 -0.15377 -1.019668
2431 3.824062 -0.273714 -0.840535
2432 3.863929 -0.123679 -1.949762
2433 2.917023 -1.031018 -0.636943
2434 3.13172 -0.853825 -0.718489
2435 3.865943 -0.213533 -2.009886
2436 3.855547 -0.183635 -1.559729
2437 3.864251 0.026253 -2.009714
2438 3.861177 0.566338 -2.039682
2439 2.900209 -0.504592 -0.580873
2440 3.839829 0.026217 -0.929638
2441 2.783234 -1.040841 -0.646858
2442 3.863506 -0.063781 -1.949606
2443 3.095479 -0.835091 -0.697895
2444 3.853036 0.566014 -1.679646
2445 3.824854 -0.30378 -0.869636
2446 3.854499 -0.327129 -2.157366
2447 2.788843 -1.22548 -0.358652
2448 2.974409 -0.695572 -0.602671
2449 2.850801 -1.007013 -0.631503
2450 3.867369 -0.261554 -2.06944
2451 2.78836 -1.03059 -0.720147
2452 3.862731 -0.03433 -1.920632
2453 2.792266 -0.874204 -0.659921
2454 2.789874 -1.113752 -0.627951
2455 3.040379 -1.031781 -0.639708
2456 2.787661 -1.028011 -0.779916
2457 3.86663 -0.093569 -2.094543
2458 3.867502 -0.24391 -2.094257
2459 3.72729 -1.37495 0.569643
2460 3.046357 -0.84511 -0.718091
2461 3.866683 -0.261368 -2.039245
2462 2.787769 -1.029388 -0.750043
2463 3.487237 -0.737099 -0.642497
2464 3.862515 -0.184231 -1.861677
2465 2.895224 -0.838331 -0.779624
2466 2.949383 -1.033371 -0.638589
2467 2.789944 -1.143486 -0.627809
2468 3.83855 0.656191 -1.769875
2469 3.710644 -1.329245 -0.423974
2470 2.787647 -1.026282 -0.809796
2471 2.780291 -0.883414 -0.663691
2472 3.861951 -0.117502 -1.905591
2473 3.862001 -0.002131 -1.937389
2474 3.095424 -0.819181 -0.683535
2475 3.837851 0.656147 -1.739641
2476 3.75699 -1.379213 -0.358412
2477 2.787731 -1.024844 -0.839618
2478 3.853911 -0.327171 -2.129508
2479 3.868923 0.746031 -1.679577
2480 3.728055 -1.379169 -0.358665
2481 3.498584 0.175459 -3.166498
2482 3.484005 -0.814985 -0.688838
2483 3.864747 0.146111 -2.069732
2484 2.976903 -1.033241 -0.640015
2485 3.866817 -0.243832 -2.039679
2486 2.790181 -1.17342 -0.627922
2487 3.48352 0.173497 -3.161278
2488 2.789393 -1.023696 -0.929093
2489 3.842029 0.296211 -1.109841
2490 2.788496 -1.023181 -0.899089
2491 2.788089 -1.023913 -0.869277
2492 3.863297 -0.033782 -1.949697
2493 2.794533 -1.023456 -0.629059
2494 3.861826 -0.182843 -1.85522
2495 3.862074 -0.217767 -1.876622
2496 3.864959 0.116259 -2.069619
2497 3.821387 -1.305875 -0.6558
2498 2.7905 -1.204278 -0.627983
2499 2.792872 -1.222345 -0.626987
2500 2.790856 -1.023757 -0.98964
2501 2.790006 -1.023349 -0.958697
2502 3.485146 -0.814364 -0.719099
2503 2.791563 -1.023737 -1.019514
2504 2.792244 -1.02415 -1.044694
2505 2.782471 -1.218494 -0.644818
2506 3.903197 0.421734 -3.765849
2507 3.841361 0.296195 -1.079729
